2.000000
32 32 32
0.106327 0.083891 -12.859371
-31.893673 -31.916109 -44.859371
8.069138 100.127450 25.485750
20229 5 24 19
0.839044 -0.533460 -0.106893 4.010423
19142 6 22 18
0.975086 0.210161 0.070989 5.995621
22246 6 23 21
0.565756 -0.151456 -0.810543 4.187794
17095 7 22 16
0.790009 -0.146604 0.595309 6.278542
20231 7 24 19
0.223779 -0.956381 -0.187774 5.688889
10536 8 9 10
0.593260 0.579959 0.558292 4.328662
13640 8 10 13
0.921634 0.352342 -0.162624 6.288276
17096 8 22 16
0.664519 -0.456574 0.591570 7.418786
22248 8 23 21
0.059735 -0.458234 -0.886822 5.136110
14665 9 10 14
0.779144 0.540484 -0.317508 7.437656
21161 9 21 20
0.458577 -0.086229 -0.884461 7.934783
10538 10 9 10
0.097875 0.728908 0.677579 5.530972
16714 10 10 16
0.602280 0.669026 -0.435504 7.225492
11626 10 11 11
0.528623 0.099962 0.842950 8.509031
13674 10 11 13
0.939027 0.342739 0.027534 9.779233
14730 10 12 14
0.980946 -0.107198 -0.162028 9.725686
24074 10 16 23
0.468555 0.103241 -0.877381 4.494528
23082 10 17 22
0.541163 -0.051059 -0.839366 5.961609
19018 10 18 18
0.918538 0.345555 -0.192043 9.885109
18058 10 20 17
0.991384 -0.120277 0.051880 10.660033
19114 10 21 18
0.356900 -0.854869 -0.376593 10.164091
16074 10 22 15
0.399452 -0.826643 0.396358 8.238978
17739 11 10 17
0.446393 0.785632 -0.428387 7.402905
19819 11 11 19
0.538619 0.611175 -0.579961 6.774222
16779 11 12 16
0.816174 0.419423 -0.397423 10.134345
13739 11 13 13
0.890917 -0.313212 0.328886 10.600089
17835 11 13 17
0.931270 0.231220 -0.281556 10.109101
21963 11 14 21
0.457990 0.423252 -0.781731 7.069583
16875 11 15 16
0.999612 0.024563 -0.013100 10.434690
19979 11 16 19
0.764837 0.134956 -0.629930 9.875641
15915 11 17 15
0.964339 0.238026 0.115734 10.682130
22059 11 17 21
0.106018 -0.101041 -0.989217 7.970123
14955 11 19 14
0.923621 -0.030618 0.382082 10.786452
20075 11 19 19
-0.268241 0.001750 -0.963350 10.120811
17035 11 20 16
0.206544 -0.978419 -0.005908 11.000607
15019 11 21 14
0.608295 -0.690011 0.392253 9.735087
21163 11 21 20
-0.217957 -0.435090 -0.873608 8.366226
20876 12 12 20
0.283669 0.548157 -0.786801 7.505113
9676 12 14 9
0.393197 0.313684 0.864291 7.032416
14796 12 14 14
0.386628 -0.585064 0.712895 11.042105
19916 12 14 19
0.348558 0.223802 -0.910176 10.161414
12780 12 15 12
0.745046 0.137967 0.652588 10.591223
23020 12 15 22
-0.197561 0.165460 -0.966226 6.255896
14860 12 16 14
0.904274 0.420030 -0.076572 11.171894
18956 12 16 18
-0.565552 -0.421581 -0.708817 10.523967
11852 12 18 11
0.709738 -0.184569 0.679858 9.617013
17996 12 18 17
-0.885488 -0.080264 -0.457678 10.605681
13932 12 19 13
0.871812 -0.168064 0.460108 11.365531
13004 12 22 12
0.480708 -0.679369 0.554417 7.561974
19180 12 23 18
-0.117037 -0.946744 -0.299962 7.260209
13613 13 9 13
0.085580 0.956143 0.280118 8.113344
12653 13 11 12
-0.563341 0.382897 0.732146 9.374660
12685 13 12 12
-0.694967 0.217392 0.685391 9.736913
11725 13 14 11
-0.410034 0.496939 0.764803 9.628882
8717 13 16 8
0.322803 -0.053215 0.944969 6.935033
11821 13 17 11
0.448768 0.024760 0.893305 10.810143
11917 13 20 11
0.369653 -0.404692 0.836410 9.526684
22189 13 21 21
-0.566357 -0.216973 -0.795087 5.282375
21197 13 22 20
-0.559707 -0.453423 -0.693640 6.051922
17165 13 24 16
0.280124 -0.948736 -0.146388 6.651104
19854 14 12 19
0.046904 0.515365 -0.855686 9.415372
7662 14 15 7
-0.177725 0.385818 0.905295 5.190333
9774 14 17 9
-0.161111 -0.245520 0.955910 8.352299
15054 14 22 14
0.309981 -0.928992 -0.202204 10.408197
18158 14 23 17
-0.329355 -0.649005 -0.685797 7.315472
13583 15 8 13
-0.063561 0.873235 0.483135 6.702220
15631 15 8 15
0.107082 0.994121 -0.016028 7.581364
18735 15 9 18
0.162440 0.801633 -0.575324 7.580245
15695 15 10 15
0.406061 0.890574 0.204921 10.052479
17743 15 10 17
0.315586 0.820135 -0.477267 9.653843
20943 15 14 20
-0.134681 -0.086021 -0.987148 8.347596
12879 15 18 12
-0.522775 0.342045 0.780840 11.600657
11919 15 20 11
-0.245052 -0.329502 0.911799 9.830799
13007 15 22 12
-0.077674 -0.718348 0.691334 9.389435
15119 15 24 14
-0.052048 -0.988727 0.140390 7.327003
17199 15 25 16
-0.244370 -0.917330 -0.314308 5.172621
19760 16 9 19
-0.125408 0.696785 -0.706232 6.310219
13648 16 10 13
-0.244972 0.324038 0.913777 8.592838
20976 16 15 20
-0.095581 -0.236952 -0.966808 7.790490
8720 16 16 8
-0.777071 0.151096 0.611008 5.105624
15888 16 16 15
0.920396 0.389033 0.039040 11.070486
14992 16 20 14
-0.250755 -0.531645 -0.808996 11.960255
12976 16 21 12
-0.434592 -0.454461 0.777557 10.133932
15056 16 22 14
-0.346917 -0.920858 -0.177957 10.386856
16689 17 9 16
-0.435941 0.878360 -0.196058 8.503184
19825 17 11 19
-0.283773 0.478903 -0.830738 8.292295
14737 17 12 14
-0.194668 0.062490 0.978877 9.936449
16817 17 13 16
0.194790 0.380986 0.903829 11.445143
19889 17 13 19
-0.239805 0.156520 -0.958120 9.570688
18897 17 14 18
-0.163011 -0.087049 -0.982777 10.995234
12785 17 15 12
-0.552302 0.337335 0.762343 8.012574
15857 17 15 15
-0.132261 0.261972 0.955970 11.118359
18961 17 16 18
0.060364 -0.426964 -0.902252 10.339043
12849 17 17 12
-0.690697 0.235341 0.683778 9.204088
17969 17 17 17
0.381460 -0.419776 -0.823575 10.798261
21041 17 17 20
-0.061310 -0.374871 -0.925047 6.290605
14929 17 18 14
-0.686053 0.438650 0.580446 11.606438
16017 17 20 15
-0.073362 -0.633614 -0.770163 11.267732
13650 18 10 13
-0.401836 0.351784 0.845444 7.596313
14706 18 11 14
-0.589634 0.266284 0.762512 9.229058
13778 18 14 13
-0.580273 0.091314 0.809287 8.078753
16978 18 18 16
-0.360712 -0.187058 -0.913727 11.366576
20050 18 18 19
-0.101126 -0.386198 -0.916856 7.266398
15026 18 21 14
-0.686833 -0.674540 0.270657 9.898870
14066 18 23 13
-0.586441 -0.725929 0.359325 6.227129
18803 19 11 18
-0.446622 0.681587 -0.579628 8.154408
16787 19 12 16
-0.838665 0.470690 0.274029 10.027220
19059 19 19 18
-0.137496 -0.414339 -0.899677 8.128537
18099 19 21 17
-0.159762 -0.733901 -0.660201 7.296442
14612 20 8 14
-0.449858 0.891010 -0.061071 4.824412
13652 20 10 13
-0.708895 0.128713 0.693470 5.951566
17076 20 21 16
-0.381646 -0.874054 -0.300626 7.826044
18837 21 12 18
-0.321533 0.714304 -0.621600 8.020741
17877 21 14 17
-0.959513 -0.122400 0.253677 9.194644
19925 21 14 19
-0.136346 -0.100227 -0.985578 7.415000
16949 21 17 16
-0.499539 0.717996 0.484709 9.526402
16021 21 20 15
-0.570719 -0.685807 0.451606 8.387614
13590 22 8 13
-0.819494 0.538525 0.196012 3.259428
15990 22 19 15
-0.523187 -0.382852 0.761380 8.384637
18038 22 19 17
-0.116107 -0.762056 -0.637016 8.870615
17815 23 12 17
-0.464733 0.818934 0.336705 7.285894
19895 23 13 19
-0.191951 0.255000 -0.947697 6.832443
17879 23 14 17
-0.808602 0.221293 0.545153 8.272354
15927 23 17 15
-0.407560 0.278999 0.869514 7.600542
20055 23 18 19
0.327683 -0.109320 -0.938442 7.137373
16952 24 17 16
-0.656074 0.267302 0.705774 8.082821
19064 24 19 18
-0.075999 -0.860509 -0.503735 8.123940
18841 25 12 18
-0.532865 0.819431 -0.211157 6.329183
19001 25 17 18
-0.818795 0.534970 -0.208282 7.965123
18009 25 18 17
-0.864595 -0.102124 0.491981 7.966075
20121 25 20 19
-0.004359 -0.927060 -0.374888 6.265425
17786 26 11 17
-0.428062 0.727507 0.536188 4.742045
21114 26 19 20
0.049836 -0.667990 -0.742499 6.625422
20891 27 12 20
0.034545 0.845153 -0.533408 5.193187
25083 27 15 24
0.358891 0.425491 -0.830755 4.660452
26139 27 16 25
0.244361 0.102801 -0.964220 3.866380
25179 27 18 24
0.364006 -0.503537 -0.783550 4.468372
21147 27 20 20
-0.253937 -0.950175 -0.180787 5.476868
24028 28 14 23
-0.179634 0.645198 -0.742597 5.048319
21949 29 13 21
-0.864062 0.492685 -0.103237 4.873899
23005 29 14 22
-0.847833 0.403519 -0.344021 5.094831
21117 29 19 20
-0.824406 -0.456105 0.335145 4.986478
24189 29 19 23
-0.521934 -0.638667 -0.565411 4.324891
23134 30 18 22
-0.957591 -0.202604 -0.204867 4.404232
