2.000000
48 48 48
40.180598 29.087578 65.302125
-7.819402 -18.912422 17.302124
66.019613 2005.012888 467.574679
93277 13 23 40
0.846978 0.350623 -0.399615 39.683357
95581 13 23 41
0.706487 0.318053 -0.632233 32.120754
97885 13 23 42
0.558306 0.270216 -0.784397 22.995386
91021 13 24 39
0.989964 -0.048384 -0.132778 46.492363
93325 13 24 40
0.905156 -0.044478 -0.422745 42.113621
95629 13 24 41
0.747205 -0.037136 -0.663555 34.127224
97933 13 24 42
0.582803 -0.029621 -0.812073 24.452862
91069 13 25 39
0.897371 -0.425519 -0.116874 42.374962
93373 13 25 40
0.823503 -0.420358 -0.380974 38.427570
95677 13 25 41
0.694321 -0.378599 -0.612030 31.163063
88670 14 23 38
0.892371 0.451104 0.013386 60.751984
90974 14 23 39
0.818331 0.489999 -0.300392 58.507771
93278 14 23 40
0.646358 0.456875 -0.611136 51.379124
95582 14 23 41
0.455509 0.377284 -0.806330 40.586960
97886 14 23 42
0.312339 0.300197 -0.901292 28.484413
88718 14 24 38
0.996986 -0.074192 0.022689 64.236732
91022 14 24 39
0.938832 -0.073131 -0.336521 61.989872
93326 14 24 40
0.729290 -0.058891 -0.681665 54.545376
95630 14 24 41
0.495283 -0.041399 -0.867745 43.165024
97934 14 24 42
0.331082 -0.028825 -0.943162 30.339075
88766 14 25 38
0.835193 -0.549387 0.025024 58.458263
91070 14 25 39
0.768056 -0.581120 -0.269052 56.516998
93374 14 25 40
0.619597 -0.536898 -0.572573 49.812115
95678 14 25 41
0.448211 -0.442033 -0.776990 39.471306
97982 14 25 42
0.314009 -0.349843 -0.882615 27.768204
93422 14 26 40
0.468432 -0.772849 -0.428107 39.106819
90927 15 22 39
0.290492 0.881395 -0.372502 55.633999
93231 15 22 40
0.163715 0.790683 -0.589930 47.173031
81759 15 23 35
0.839645 0.371888 0.395847 62.661327
84063 15 23 36
0.831614 0.460933 0.309773 69.898239
86367 15 23 37
0.803739 0.580082 0.132319 74.045097
88671 15 23 38
0.698017 0.688413 -0.197131 73.822723
90975 15 23 39
0.463288 0.664854 -0.585947 68.443130
93279 15 23 40
0.228644 0.526008 -0.819169 58.201294
95583 15 23 41
0.088022 0.395993 -0.914025 44.760178
97887 15 23 42
0.015732 0.304794 -0.952288 30.724684
79503 15 24 34
0.883423 -0.065421 0.463987 56.364956
81807 15 24 35
0.900165 -0.078168 0.428476 65.892822
84111 15 24 36
0.930493 -0.096027 0.353499 73.578964
86415 15 24 37
0.977589 -0.121328 0.172045 78.065712
88719 15 24 38
0.955915 -0.145077 -0.255302 77.991524
91023 15 24 39
0.621358 -0.119286 -0.774394 72.480675
93327 15 24 40
0.270292 -0.070709 -0.960178 61.787235
95631 15 24 41
0.097520 -0.041626 -0.994363 47.629883
97935 15 24 42
0.018697 -0.026192 -0.999482 32.763237
79551 15 25 34
0.804428 -0.415466 0.424597 50.999889
81855 15 25 35
0.786735 -0.488243 0.377713 59.667557
84159 15 25 36
0.758590 -0.581794 0.293353 66.700859
86463 15 25 37
0.707969 -0.693777 0.132113 70.876389
88767 15 25 38
0.601163 -0.784590 -0.151731 70.945099
91071 15 25 39
0.412064 -0.757902 -0.505754 66.072632
93375 15 25 40
0.216220 -0.612815 -0.760070 56.442684
95679 15 25 41
0.088540 -0.462145 -0.882373 43.590603
97983 15 25 42
0.019935 -0.351544 -0.935959 30.029343
86511 15 26 37
0.474530 -0.875288 0.093228 55.374561
88815 15 26 38
0.373599 -0.923302 -0.089093 55.527531
91119 15 26 39
0.260642 -0.912609 -0.314977 51.811699
93423 15 26 40
0.153829 -0.831096 -0.534430 44.337322
95727 15 26 41
0.072154 -0.709556 -0.700945 34.289085
86320 16 22 37
0.197244 0.977182 -0.078810 67.971199
88624 16 22 38
0.026082 0.957412 -0.287544 64.530235
90928 16 22 39
-0.107507 0.867537 -0.485614 57.269234
93232 16 22 40
-0.186822 0.744157 -0.641349 46.876373
79456 16 23 34
0.795851 0.437874 0.418196 71.104507
81760 16 23 35
0.750026 0.564763 0.344243 78.324104
84064 16 23 36
0.641687 0.744863 0.182803 82.620354
86368 16 23 37
0.391664 0.908528 -0.145520 83.105484
88672 16 23 38
0.042636 0.845756 -0.531863 79.083145
90976 16 23 39
-0.173739 0.638430 -0.749814 70.389900
93280 16 23 40
-0.251867 0.469876 -0.846037 57.804665
95584 16 23 41
-0.267238 0.357596 -0.894823 43.168087
77200 16 24 33
0.868932 -0.079953 0.488431 64.965065
79504 16 24 34
0.879219 -0.101488 0.465482 74.657326
81808 16 24 35
0.897746 -0.137958 0.418354 82.286186
84112 16 24 36
0.936285 -0.212167 0.279920 86.885124
86416 16 24 37
0.877879 -0.371793 -0.301826 87.529846
88720 16 24 38
0.068122 -0.253628 -0.964900 83.471359
91024 16 24 39
-0.232830 -0.115830 -0.965595 74.489510
93328 16 24 40
-0.289680 -0.062087 -0.955108 61.345253
95632 16 24 41
-0.288242 -0.036390 -0.956866 45.942032
97936 16 24 42
-0.269936 -0.022461 -0.962616 30.852205
79552 16 25 34
0.725064 -0.570057 0.386416 67.524193
81856 16 25 35
0.649803 -0.695369 0.306951 74.473846
84160 16 25 36
0.514346 -0.842427 0.160516 78.713135
86464 16 25 37
0.291721 -0.952032 -0.092377 79.411674
88768 16 25 38
0.025336 -0.912214 -0.408929 75.876595
91072 16 25 39
-0.163487 -0.738011 -0.654684 67.868050
93376 16 25 40
-0.244731 -0.556342 -0.794097 56.027958
95680 16 25 41
-0.263420 -0.419557 -0.868667 42.056736
97984 16 25 42
-0.255489 -0.324431 -0.910752 28.299902
81904 16 26 35
0.438123 -0.874175 0.209444 58.024109
84208 16 26 36
0.308163 -0.946076 0.099882 61.386356
86512 16 26 37
0.159347 -0.986137 -0.046282 62.014576
88816 16 26 38
0.012236 -0.974091 -0.225824 59.357689
91120 16 26 39
-0.107176 -0.902959 -0.416147 53.199543
93424 16 26 40
-0.182760 -0.790247 -0.584901 44.007687
95728 16 26 41
-0.217290 -0.666724 -0.712926 33.093536
84017 17 22 36
-0.033956 0.994553 -0.098548 71.122665
86321 17 22 37
-0.222702 0.941026 -0.254704 67.644928
88625 17 22 38
-0.354229 0.846244 -0.397986 61.117184
74849 17 23 32
0.786553 0.407482 0.463996 69.140533
77153 17 23 33
0.741435 0.524793 0.418170 77.808998
79457 17 23 34
0.632641 0.703159 0.324550 84.020966
81761 17 23 35
0.367100 0.922306 0.120790 87.127884
84065 17 23 36
-0.079868 0.975936 -0.202904 86.729042
86369 17 23 37
-0.413909 0.788555 -0.454819 82.623207
88673 17 23 38
-0.543436 0.593712 -0.593450 74.827499
90977 17 23 39
-0.568571 0.457488 -0.683690 63.748520
93281 17 23 40
-0.548215 0.363929 -0.753004 50.407711
95585 17 23 41
-0.508721 0.296974 -0.808090 36.453453
74897 17 24 32
0.857066 -0.097410 0.505915 72.519180
77201 17 24 33
0.862071 -0.133787 0.488809 81.611687
79505 17 24 34
0.867667 -0.208865 0.451142 88.153809
81809 17 24 35
0.842967 -0.450693 0.293740 91.464355
84113 17 24 36
-0.296991 -0.679546 -0.670830 91.129692
86417 17 24 37
-0.667493 -0.235515 -0.706389 86.942993
88721 17 24 38
-0.679855 -0.124350 -0.722727 78.906364
91025 17 24 39
-0.645282 -0.075226 -0.760231 67.405151
93329 17 24 40
-0.593668 -0.047426 -0.803311 53.463299
95633 17 24 41
-0.536411 -0.030145 -0.843419 38.786823
74945 17 25 32
0.723891 -0.541676 0.427281 65.530830
77249 17 25 33
0.648979 -0.665000 0.369597 73.756683
79553 17 25 34
0.508514 -0.818442 0.267521 79.698036
81857 17 25 35
0.261873 -0.960322 0.095944 82.736374
84161 17 25 36
-0.065713 -0.988836 -0.133733 82.502815
86465 17 25 37
-0.340996 -0.873124 -0.348390 78.814880
88769 17 25 38
-0.490747 -0.707429 -0.508636 71.662704
91073 17 25 39
-0.542651 -0.558788 -0.627125 61.361431
93377 17 25 40
-0.538180 -0.441213 -0.718118 48.797958
95681 17 25 41
-0.505735 -0.351551 -0.787810 35.496277
79601 17 26 34
0.312498 -0.935290 0.166067 62.041714
81905 17 26 35
0.143720 -0.988089 0.054990 64.441460
84209 17 26 36
-0.037478 -0.996875 -0.069533 64.308052
86513 17 26 37
-0.202697 -0.958509 -0.200437 61.503353
88817 17 26 38
-0.328870 -0.883768 -0.332864 56.012318
91121 17 26 39
-0.406860 -0.788170 -0.461794 48.057392
93425 17 26 40
-0.440165 -0.685668 -0.579754 38.302097
79410 18 22 34
-0.006057 0.999696 -0.023912 72.880379
81714 18 22 35
-0.227864 0.960022 -0.162588 70.992424
84018 18 22 36
-0.402756 0.872897 -0.275388 66.472488
86322 18 22 37
-0.519289 0.772786 -0.364884 59.713791
72546 18 23 31
0.745660 0.481924 0.460152 75.220123
74850 18 23 32
0.658106 0.640418 0.395931 82.799759
77154 18 23 33
0.436225 0.866410 0.242985 87.442223
79458 18 23 34
-0.017946 0.998622 -0.049313 88.668610
81762 18 23 35
-0.445422 0.839970 -0.309918 86.426254
84066 18 23 36
-0.644722 0.630161 -0.432702 81.007782
86370 18 23 37
-0.719262 0.485940 -0.496512 72.888771
88674 18 23 38
-0.738268 0.392122 -0.548818 62.625526
90978 18 23 39
-0.726613 0.327666 -0.603878 50.898468
93282 18 23 40
-0.695032 0.280041 -0.662199 38.627998
70290 18 24 30
0.849340 -0.082254 0.521399 68.877434
72594 18 24 31
0.847469 -0.117347 0.517712 78.926056
74898 18 24 32
0.843315 -0.182142 0.505612 86.813980
77202 18 24 33
0.812544 -0.362123 0.456771 91.668388
79506 18 24 34
-0.096912 -0.974174 -0.203943 92.976822
81810 18 24 35
-0.784440 -0.316390 -0.533433 90.673492
84114 18 24 36
-0.823147 -0.166246 -0.542947 85.062515
86418 18 24 37
-0.822552 -0.108009 -0.558338 76.642090
88722 18 24 38
-0.804959 -0.075445 -0.588514 65.983528
91026 18 24 39
-0.772781 -0.053508 -0.632413 53.771465
93330 18 24 40
-0.728000 -0.037441 -0.684554 40.938274
70338 18 25 30
0.739987 -0.502618 0.446984 62.370277
72642 18 25 31
0.671536 -0.620002 0.405754 71.365204
74946 18 25 32
0.546755 -0.771100 0.326288 78.445679
77250 18 25 33
0.319573 -0.930144 0.180843 82.822731
79554 18 25 34
-0.017617 -0.999392 -0.030099 84.022575
81858 18 25 35
-0.342428 -0.911436 -0.228096 81.976181
84162 18 25 36
-0.549988 -0.755027 -0.356998 76.957100
86466 18 25 37
-0.656810 -0.613220 -0.438818 69.417351
88770 18 25 38
-0.701937 -0.502151 -0.505102 59.865463
91074 18 25 39
-0.708024 -0.415668 -0.570896 48.897408
93378 18 25 40
-0.687389 -0.346580 -0.638263 37.328514
77298 18 26 33
0.181010 -0.978085 0.102887 64.443489
79602 18 26 34
-0.010690 -0.999824 -0.015446 65.388748
81906 18 26 35
-0.198426 -0.971488 -0.129761 63.817410
84210 18 26 36
-0.357005 -0.905760 -0.228355 59.942226
86514 18 26 37
-0.474859 -0.822677 -0.312589 54.117970
88818 18 26 38
-0.551847 -0.736512 -0.391171 46.736599
91122 18 26 39
-0.592427 -0.653601 -0.470995 38.246700
72499 19 22 31
0.275947 0.942894 0.186558 70.675072
74803 19 22 32
0.055526 0.997543 0.042725 73.015312
77107 19 22 33
-0.178009 0.978053 -0.108287 72.344490
79411 19 22 34
-0.375941 0.896919 -0.232820 68.807510
65635 19 23 28
0.781039 0.375643 0.498870 61.123432
67939 19 23 29
0.749350 0.456348 0.479814 71.400742
70243 19 23 30
0.680862 0.586431 0.438778 80.016273
72547 19 23 31
0.513398 0.789809 0.335595 86.046921
74851 19 23 32
0.122278 0.988501 0.088962 88.798958
77155 19 23 33
-0.367325 0.903112 -0.222396 87.959084
79459 19 23 34
-0.629748 0.673773 -0.386583 83.683556
81763 19 23 35
-0.736495 0.506143 -0.448770 76.559349
84067 19 23 36
-0.783669 0.399978 -0.475268 67.424477
86371 19 23 37
-0.804005 0.330748 -0.494148 57.134384
65683 19 24 28
0.851182 -0.048843 0.522593 64.797951
67987 19 24 29
0.848336 -0.082191 0.523040 75.343575
70291 19 24 30
0.841218 -0.137304 0.522972 84.156006
72595 19 24 31
0.815990 -0.263467 0.514535 90.308586
74899 19 24 32
0.463300 -0.828320 0.315022 93.094803
77203 19 24 33
-0.773591 -0.427723 -0.467558 92.182541
79507 19 24 34
-0.836638 -0.200472 -0.509753 87.715630
81811 19 24 35
-0.848709 -0.128171 -0.513093 80.288185
84115 19 24 36
-0.853316 -0.092544 -0.513115 70.766609
86419 19 24 37
-0.852133 -0.070506 -0.518554 60.042679
88723 19 24 38
-0.842949 -0.054578 -0.535219 48.866913
65731 19 25 28
0.769036 -0.450856 0.453113 59.194687
68035 19 25 29
0.710911 -0.563083 0.421359 68.519691
70339 19 25 30
0.604307 -0.709874 0.361789 76.288445
72643 19 25 31
0.406419 -0.879774 0.246620 81.697975
74947 19 25 32
0.086013 -0.994830 0.053999 84.125870
77251 19 25 33
-0.267625 -0.949823 -0.161903 83.267189
79555 19 25 34
-0.516262 -0.797348 -0.312587 79.234314
81859 19 25 35
-0.654413 -0.646073 -0.392853 72.546921
84163 19 25 36
-0.728706 -0.529134 -0.434747 63.979496
86467 19 25 37
-0.768077 -0.442329 -0.463036 54.335747
88771 19 25 38
-0.784605 -0.376278 -0.492757 44.288769
70387 19 26 30
0.406485 -0.883215 0.233881 59.562027
72691 19 26 31
0.240958 -0.960332 0.140360 63.656654
74995 19 26 32
0.047128 -0.998525 0.026970 65.475777
77299 19 26 33
-0.150576 -0.984366 -0.091385 64.776817
79603 19 26 34
-0.325064 -0.925199 -0.195807 61.633545
81907 19 26 35
-0.462437 -0.842641 -0.275877 56.438339
84211 19 26 36
-0.563022 -0.756170 -0.333486 49.789234
70196 20 22 30
0.121343 0.986177 0.112834 71.674667
72500 20 22 31
-0.112386 0.992877 -0.039553 72.413849
74804 20 22 32
-0.326742 0.927615 -0.181025 70.146004
77108 20 22 33
-0.487675 0.824253 -0.287715 65.171455
63332 20 23 27
0.742769 0.456890 0.489434 66.833771
65636 20 23 28
0.688089 0.561883 0.459153 76.230858
67940 20 23 29
0.563930 0.728958 0.388077 83.399605
70244 20 23 30
0.263818 0.941482 0.209788 87.550491
72548 20 23 31
-0.234078 0.966976 -0.100821 88.217506
74852 20 23 32
-0.579959 0.745386 -0.328706 85.332108
77156 20 23 33
-0.720289 0.547389 -0.426086 79.244591
79460 20 23 34
-0.778371 0.420918 -0.465797 70.682045
81764 20 23 35
-0.807574 0.340006 -0.481892 60.617626
84068 20 23 36
-0.824786 0.285600 -0.488017 50.059029
61076 20 24 26
0.852201 0.005296 0.523187 60.640965
63380 20 24 27
0.851398 -0.022099 0.524055 71.543694
65684 20 24 28
0.848909 -0.064895 0.524540 81.045334
67988 20 24 29
0.838025 -0.149768 0.524675 88.182312
70292 20 24 30
0.741157 -0.451457 0.496864 92.196907
72596 20 24 31
-0.702919 -0.611765 -0.362834 92.648842
74900 20 24 32
-0.840017 -0.238297 -0.487427 89.481361
77204 20 24 33
-0.850645 -0.146522 -0.504910 83.046349
79508 20 24 34
-0.853861 -0.104809 -0.509840 74.074417
81812 20 24 35
-0.856848 -0.080598 -0.509230 63.555107
84116 20 24 36
-0.859973 -0.064543 -0.506242 52.525810
86420 20 24 37
-0.861368 -0.052716 -0.505238 41.847042
61124 20 25 26
0.801107 -0.381720 0.460995 56.405407
63428 20 25 27
0.757389 -0.487984 0.433860 66.018303
65732 20 25 28
0.674238 -0.630848 0.383972 74.278870
68036 20 25 29
0.510945 -0.809559 0.289048 80.379776
70340 20 25 30
0.217780 -0.968521 0.120573 83.698090
72644 20 25 31
-0.158293 -0.982668 -0.096474 83.877098
74948 20 25 32
-0.454231 -0.848972 -0.270038 80.877159
77252 20 25 33
-0.622527 -0.689062 -0.371019 75.002098
79556 20 25 34
-0.711725 -0.559867 -0.424261 66.885170
81860 20 25 35
-0.762099 -0.464261 -0.451294 57.395557
84164 20 25 36
-0.793143 -0.393671 -0.464701 47.455791
86468 20 25 37
-0.812390 -0.340172 -0.473608 37.837421
65780 20 26 28
0.478081 -0.842188 0.249315 58.651920
68084 20 26 29
0.319086 -0.933848 0.161591 63.118774
70388 20 26 30
0.124221 -0.990724 0.055094 65.453087
72692 20 26 31
-0.083358 -0.994751 -0.059347 65.407578
74996 20 26 32
-0.272879 -0.947564 -0.166312 62.958458
77300 20 26 33
-0.424919 -0.868738 -0.254436 58.330273
79604 20 26 34
-0.537569 -0.780112 -0.320070 51.995655
67893 21 22 29
-0.043193 0.998490 0.033933 70.991074
70197 21 22 30
-0.265308 0.957321 -0.114664 70.158104
72501 21 22 31
-0.445906 0.862820 -0.238136 66.452065
74805 21 22 32
-0.571443 0.753192 -0.325814 60.345257
61029 21 23 26
0.681964 0.565107 0.464305 71.617340
63333 21 23 27
0.580938 0.700574 0.414376 79.732330
65637 21 23 28
0.358720 0.887409 0.289526 85.177689
67941 21 23 29
-0.068111 0.997236 0.029694 87.300987
70245 21 23 30
-0.487394 0.838475 -0.243737 85.861923
72549 21 23 31
-0.688809 0.614365 -0.384836 81.060402
74853 21 23 32
-0.768394 0.459605 -0.445347 73.472862
77157 21 23 33
-0.802886 0.361624 -0.473923 63.938877
79461 21 23 34
-0.820483 0.297298 -0.488284 53.430962
81765 21 23 35
-0.831690 0.252825 -0.494339 42.909801
61077 21 24 26
0.851941 0.032529 0.522627 77.693092
63381 21 24 27
0.849909 -0.009545 0.526843 85.737602
65685 21 24 28
0.837227 -0.127607 0.531758 90.886917
67989 21 24 29
-0.354538 -0.929518 -0.101480 92.559418
70293 21 24 30
-0.842267 -0.240282 -0.482547 90.589401
72597 21 24 31
-0.853858 -0.148688 -0.498817 85.232590
74901 21 24 32
-0.856297 -0.110105 -0.504612 77.094597
77205 21 24 33
-0.856791 -0.086884 -0.508292 67.024422
79509 21 24 34
-0.857183 -0.070785 -0.510125 55.998489
81813 21 24 35
-0.858610 -0.058883 -0.509237 44.987030
61125 21 25 26
0.745393 -0.526389 0.409028 72.683846
63429 21 25 27
0.623433 -0.708099 0.331554 79.504074
65733 21 25 28
0.372346 -0.910578 0.179461 83.623169
68037 21 25 29
-0.017009 -0.998819 -0.045512 84.610611
70341 21 25 30
-0.370440 -0.896921 -0.241466 82.394379
72645 21 25 31
-0.580159 -0.733400 -0.354316 77.245567
74949 21 25 32
-0.689626 -0.594621 -0.413330 69.711075
77253 21 25 33
-0.748367 -0.490627 -0.446355 60.529751
79557 21 25 34
-0.782392 -0.413437 -0.465761 50.546188
81861 21 25 35
-0.804404 -0.355211 -0.476192 40.605320
63477 21 26 27
0.410699 -0.893033 0.183896 63.549740
65781 21 26 28
0.218452 -0.972964 0.074968 66.308151
68085 21 26 29
0.001495 -0.999078 -0.042894 66.642326
70389 21 26 30
-0.205448 -0.966839 -0.151700 64.557945
72693 21 26 31
-0.376063 -0.894941 -0.240120 60.295765
74997 21 26 32
-0.503657 -0.807467 -0.307127 54.279045
77301 21 26 33
-0.594490 -0.720708 -0.356597 47.059643
65590 22 22 28
-0.195038 0.979946 -0.040821 68.622185
67894 22 22 29
-0.389783 0.904262 -0.174296 66.361267
70198 22 22 30
-0.535101 0.797414 -0.278921 61.486549
58726 22 23 25
0.591304 0.694974 0.409109 75.445580
61030 22 23 26
0.415103 0.850382 0.323328 81.817810
63334 22 23 27
0.081112 0.987343 0.136289 85.259438
65638 22 23 28
-0.345241 0.929460 -0.130051 85.301331
67942 22 23 29
-0.622357 0.713642 -0.321538 81.900139
70246 22 23 30
-0.743078 0.526184 -0.413480 75.458160
72550 22 23 31
-0.794250 0.401670 -0.455881 66.729271
74854 22 23 32
-0.818034 0.320820 -0.477383 56.651276
77158 22 23 33
-0.830144 0.266550 -0.489705 46.173168
56470 22 24 24
0.853408 0.128146 0.505246 74.457657
58774 22 24 25
0.850739 0.129877 0.509289 83.135567
61078 22 24 26
0.846462 0.133420 0.515463 89.277939
63382 22 24 27
0.821299 0.178109 0.541983 92.162376
65686 22 24 28
-0.862335 -0.083929 -0.499335 91.422264
67990 22 24 29
-0.857139 -0.090518 -0.507069 87.137512
70294 22 24 30
-0.856932 -0.085379 -0.508309 79.818260
72598 22 24 31
-0.857655 -0.077629 -0.508333 70.287201
74902 22 24 32
-0.858231 -0.069135 -0.508587 59.509094
77206 22 24 33
-0.858321 -0.060783 -0.509500 48.431496
79510 22 24 34
-0.858280 -0.053087 -0.510428 37.874817
56518 22 25 24
0.804741 -0.410126 0.429171 71.469131
58822 22 25 25
0.729322 -0.573413 0.373212 79.030304
61126 22 25 26
0.543287 -0.801573 0.249641 84.037682
63430 22 25 27
0.162699 -0.986504 0.018430 85.929497
65734 22 25 28
-0.267357 -0.937607 -0.222293 84.497192
68038 22 25 29
-0.531003 -0.768218 -0.357599 79.931496
70342 22 25 30
-0.663300 -0.619978 -0.419118 72.774048
72646 22 25 31
-0.733056 -0.511165 -0.448708 63.795525
74950 22 25 32
-0.773034 -0.431188 -0.465291 53.848545
77254 22 25 33
-0.797342 -0.370558 -0.476374 43.744968
79558 22 25 34
-0.812983 -0.323274 -0.484306 34.178871
61174 22 26 26
0.324829 -0.939820 0.105944 68.226959
63478 22 26 27
0.100888 -0.994627 -0.023227 69.082466
65782 22 26 28
-0.125663 -0.981323 -0.145647 67.317123
68086 22 26 29
-0.317175 -0.916868 -0.242390 63.178707
70390 22 26 30
-0.461675 -0.830843 -0.310735 57.153381
72694 22 26 31
-0.565228 -0.743477 -0.357434 49.860085
74998 22 26 32
-0.638221 -0.663581 -0.390300 41.944160
54119 23 23 23
0.603267 0.694756 0.391641 71.546356
56423 23 23 24
0.458549 0.828850 0.320531 78.373665
58727 23 23 25
0.199252 0.962594 0.183608 82.642624
61031 23 23 26
-0.176072 0.983890 -0.030957 83.835846
63335 23 23 27
-0.506803 0.828732 -0.237390 81.753479
65639 23 23 28
-0.687955 0.628393 -0.363098 76.573326
67943 23 23 29
-0.770148 0.473201 -0.427729 68.843971
70247 23 23 30
-0.807839 0.366991 -0.461210 59.394283
72551 23 23 31
-0.826497 0.295195 -0.479335 49.174519
51863 23 24 22
0.845682 0.193016 0.497561 71.530273
54167 23 24 23
0.840486 0.228350 0.491366 80.770508
56471 23 24 24
0.826885 0.295171 0.478680 87.725365
58775 23 24 25
0.747913 0.514181 0.419815 91.639000
61079 23 24 26
-0.688423 0.574454 -0.442804 92.053009
63383 23 24 27
-0.851388 0.092262 -0.516359 88.892159
65687 23 24 28
-0.856601 0.002305 -0.515974 82.494049
67991 23 24 29
-0.856847 -0.030344 -0.514678 73.561279
70295 23 24 30
-0.857140 -0.043856 -0.513213 63.035118
72599 23 24 31
-0.857830 -0.048459 -0.511644 51.920628
51911 23 25 22
0.830488 -0.316777 0.458195 70.171906
54215 23 25 23
0.794627 -0.441945 0.416236 78.673698
56519 23 25 24
0.688588 -0.648731 0.324028 84.729897
58823 23 25 25
0.384044 -0.916531 0.111719 87.681290
61127 23 25 26
-0.130278 -0.972732 -0.191885 87.205086
63431 23 25 27
-0.483614 -0.792695 -0.371151 83.371895
65735 23 25 28
-0.643315 -0.626566 -0.439956 76.636841
68039 23 25 29
-0.719938 -0.513307 -0.467124 67.756493
70343 23 25 30
-0.762719 -0.434635 -0.478908 57.646538
72647 23 25 31
-0.789652 -0.376474 -0.484476 47.219082
54263 23 26 23
0.576874 -0.771165 0.269297 66.116913
56567 23 26 24
0.422630 -0.892513 0.157496 70.615440
58871 23 26 25
0.206040 -0.978405 0.016499 72.387482
61175 23 26 26
-0.038035 -0.991072 -0.127790 71.266609
63479 23 26 27
-0.255039 -0.935488 -0.244578 67.432465
65783 23 26 28
-0.418588 -0.848369 -0.324119 61.370411
68087 23 26 29
-0.533674 -0.758520 -0.373951 53.771797
56615 23 27 24
0.299637 -0.950248 0.085123 50.747379
58919 23 27 25
0.149470 -0.988677 -0.013302 51.527645
61223 23 27 26
-0.009126 -0.994081 -0.108259 50.203575
63527 23 27 27
-0.159626 -0.968663 -0.190292 46.992790
49512 24 23 21
0.615398 0.687114 0.386212 68.072563
51816 24 23 22
0.486100 0.811960 0.323154 75.263786
54120 24 23 23
0.274486 0.938612 0.208963 80.188026
56424 24 23 24
-0.035052 0.998861 0.032360 82.252449
58728 24 23 25
-0.362665 0.917577 -0.162868 81.179596
61032 24 23 26
-0.593665 0.743750 -0.307241 77.053131
63336 24 23 27
-0.719207 0.574330 -0.391008 70.297821
65640 24 23 28
-0.782145 0.443827 -0.437341 61.606289
67944 24 23 29
-0.813870 0.349688 -0.464042 51.828453
47256 24 24 20
0.839789 0.214508 0.498739 68.296837
49560 24 24 21
0.824500 0.271823 0.496298 78.057129
51864 24 24 22
0.796232 0.367115 0.480875 85.912460
54168 24 24 23
0.699690 0.580691 0.416212 90.962959
56472 24 24 24
-0.027784 0.998537 -0.046395 92.590675
58776 24 24 25
-0.769464 0.415229 -0.485295 90.580879
61080 24 24 26
-0.839109 0.165622 -0.518137 85.155853
63384 24 24 27
-0.851168 0.068678 -0.520380 76.923019
65688 24 24 28
-0.854453 0.019747 -0.519154 66.759315
67992 24 24 29
-0.855670 -0.007795 -0.517463 55.660824
47304 24 25 20
0.831021 -0.267023 0.487958 67.713432
49608 24 25 21
0.809785 -0.354721 0.467356 77.214027
51912 24 25 22
0.753023 -0.513183 0.411824 84.616051
54216 24 25 23
0.561324 -0.787799 0.253550 89.043343
56520 24 25 24
0.041169 -0.994057 -0.100774 89.945770
58824 24 25 25
-0.440462 -0.815812 -0.374758 87.213707
61128 24 25 26
-0.637320 -0.614805 -0.464584 81.191559
63432 24 25 27
-0.718493 -0.491702 -0.491932 72.595886
65736 24 25 28
-0.759662 -0.414953 -0.500728 62.369667
68040 24 25 29
-0.784554 -0.362571 -0.503007 51.512589
49656 24 26 21
0.606641 -0.720603 0.335736 65.884933
51960 24 26 22
0.479113 -0.845261 0.236612 71.903587
54264 24 26 23
0.284498 -0.954119 0.093366 75.215385
56568 24 26 24
0.038715 -0.996457 -0.074666 75.401978
58872 24 26 25
-0.199430 -0.954007 -0.223827 72.456924
61176 24 26 26
-0.383409 -0.863547 -0.327543 66.779785
63480 24 26 27
-0.510145 -0.766523 -0.390121 59.079151
65784 24 26 28
-0.595767 -0.681044 -0.425724 50.220776
54312 24 27 23
0.192980 -0.980272 0.042721 54.785015
56616 24 27 24
0.037890 -0.996984 -0.067734 54.508633
58920 24 27 25
-0.115695 -0.978742 -0.169349 51.905884
61224 24 27 26
-0.253160 -0.933976 -0.252190 47.347752
47209 25 23 20
0.528179 0.787410 0.317824 72.506760
49513 25 23 21
0.330651 0.915970 0.227309 77.737022
51817 25 23 22
0.054401 0.995170 0.081710 80.516846
54121 25 23 23
-0.250466 0.963445 -0.095083 80.407822
56425 25 23 24
-0.495434 0.832543 -0.247824 77.301125
58729 25 23 25
-0.649854 0.674743 -0.349873 71.463326
61033 25 23 26
-0.737630 0.536048 -0.410555 63.489708
63337 25 23 27
-0.786827 0.426629 -0.445971 54.182777
65641 25 23 28
-0.814790 0.343097 -0.467335 44.400726
44953 25 24 19
0.837326 0.256405 0.482848 75.157478
47257 25 24 20
0.796485 0.365934 0.481356 83.368599
49561 25 24 21
0.688934 0.571310 0.446066 89.297714
51865 25 24 22
0.221012 0.954268 0.201310 92.197380
54169 25 24 23
-0.618326 0.713826 -0.328824 91.606705
56473 25 24 24
-0.804920 0.357053 -0.473937 87.480011
58777 25 24 25
-0.838485 0.198219 -0.507594 80.224876
61081 25 24 26
-0.847787 0.113933 -0.517954 70.626785
63385 25 24 27
-0.851446 0.062238 -0.520737 59.685753
65689 25 24 28
-0.853362 0.028024 -0.520565 48.423645
67993 25 24 29
-0.854625 0.004795 -0.519224 37.721668
45001 25 25 19
0.811929 -0.326628 0.483823 74.428871
47305 25 25 20
0.768400 -0.438780 0.465869 82.703049
49609 25 25 21
0.639614 -0.662674 0.389560 88.507492
51913 25 25 22
0.194858 -0.975592 0.101247 91.097885
54217 25 25 23
-0.424583 -0.853781 -0.301310 90.058777
56521 25 25 24
-0.660767 -0.598554 -0.452902 85.423828
58825 25 25 25
-0.737039 -0.455733 -0.499081 77.698776
61129 25 25 26
-0.770129 -0.376425 -0.514981 67.763977
63433 25 25 27
-0.788844 -0.328008 -0.519746 56.687027
65737 25 25 28
-0.801636 -0.295494 -0.519676 45.512730
68041 25 25 29
-0.811548 -0.271474 -0.517389 35.096596
45049 25 26 19
0.616205 -0.690666 0.378512 63.581539
47353 25 26 20
0.504501 -0.807153 0.306565 70.775642
49657 25 26 21
0.327123 -0.926231 0.187316 75.683670
51961 25 26 22
0.084952 -0.996170 0.020718 77.664314
54265 25 26 23
-0.168653 -0.973442 -0.154809 76.396408
56569 25 26 24
-0.370106 -0.881734 -0.292519 71.975662
58873 25 26 25
-0.505541 -0.774060 -0.381128 64.921806
61177 25 26 26
-0.592850 -0.679091 -0.432856 56.075317
63481 25 26 27
-0.650904 -0.602776 -0.461502 46.414188
49705 25 27 21
0.212622 -0.970403 0.114494 55.789898
52009 25 27 22
0.059145 -0.998246 0.002426 57.084194
54313 25 27 23
-0.096201 -0.989065 -0.111786 55.877796
56617 25 27 24
-0.236864 -0.947668 -0.214060 52.289642
58921 25 27 25
-0.353872 -0.887310 -0.295730 46.766701
40298 26 23 17
0.730109 0.597227 0.332055 65.391418
42602 26 23 18
0.611227 0.738221 0.285361 71.747429
44906 26 23 19
0.420507 0.883227 0.207569 76.478783
47210 26 23 20
0.147485 0.985199 0.087360 79.138115
49514 26 23 21
-0.161431 0.984978 -0.061299 79.373390
51818 26 23 22
-0.420597 0.885082 -0.199319 77.003098
54122 26 23 23
-0.592881 0.746180 -0.302833 72.090843
56426 26 23 24
-0.695596 0.613781 -0.373388 64.988045
58730 26 23 25
-0.755719 0.502436 -0.420055 56.312054
38042 26 24 16
0.885321 0.098565 0.454414 64.376335
40346 26 24 17
0.874503 0.174396 0.452583 73.668907
42650 26 24 18
0.846309 0.287352 0.448541 81.631516
44954 26 24 19
0.762714 0.486792 0.425795 87.589989
47258 26 24 20
0.412341 0.867818 0.277250 90.950394
49562 26 24 21
-0.452313 0.872674 -0.183992 91.281021
51866 26 24 22
-0.769466 0.501660 -0.395297 88.399071
54170 26 24 23
-0.832526 0.310191 -0.459002 82.443230
56474 26 24 24
-0.847839 0.205828 -0.488675 73.904381
58778 26 24 25
-0.851419 0.139697 -0.505540 63.581501
38090 26 25 16
0.819484 -0.324731 0.472224 61.822372
40394 26 25 17
0.805304 -0.364094 0.467889 71.658554
42698 26 25 18
0.770874 -0.443076 0.457642 80.171753
45002 26 25 19
0.674547 -0.606941 0.420248 86.576569
47306 26 25 20
0.336050 -0.907442 0.252228 90.199066
49610 26 25 21
-0.374601 -0.912644 -0.163570 90.579407
51914 26 25 22
-0.697578 -0.602862 -0.387223 87.559380
54218 26 25 23
-0.777468 -0.427553 -0.461240 81.340889
56522 26 25 24
-0.800936 -0.337638 -0.494472 72.497719
58826 26 25 25
-0.809327 -0.287084 -0.512419 61.912449
61130 26 25 26
-0.813542 -0.256347 -0.521954 50.626934
40442 26 26 17
0.607547 -0.690895 0.391857 60.172363
42746 26 26 18
0.513677 -0.788712 0.337740 67.956993
45050 26 26 19
0.358360 -0.900503 0.246316 73.845085
47354 26 26 20
0.127778 -0.986169 0.105559 77.183510
49658 26 26 21
-0.140833 -0.987828 -0.066037 77.548492
51962 26 26 22
-0.368975 -0.902909 -0.220482 74.822632
54266 26 26 23
-0.520850 -0.786719 -0.331344 69.233101
56570 26 26 24
-0.611918 -0.680227 -0.403545 61.345211
58874 26 26 25
-0.666610 -0.594867 -0.449182 51.991871
45098 26 27 19
0.228259 -0.958401 0.171363 54.306957
47402 26 27 20
0.076950 -0.994636 0.069125 56.939140
49706 26 27 21
-0.084224 -0.995546 -0.042367 57.234184
52010 26 27 22
-0.234359 -0.960488 -0.150128 55.117760
54314 26 27 23
-0.358954 -0.900914 -0.243937 50.796909
56618 26 27 24
-0.454756 -0.831376 -0.319391 44.743015
35691 27 23 15
0.804615 0.492201 0.332164 67.776253
37995 27 23 16
0.711007 0.648828 0.271093 73.958229
40299 27 23 17
0.541215 0.821458 0.179702 78.213791
42603 27 23 18
0.272445 0.960734 0.052564 80.248833
44907 27 23 19
-0.054776 0.994415 -0.090211 79.932808
47211 27 23 20
-0.342338 0.915665 -0.210623 77.288177
49515 27 23 21
-0.539801 0.788642 -0.294378 72.482254
51819 27 23 22
-0.660737 0.663501 -0.350989 65.821472
54123 27 23 23
-0.732551 0.556517 -0.391992 57.745415
56427 27 23 24
-0.775295 0.468313 -0.423794 48.812004
35739 27 24 15
0.891336 0.028138 0.452470 73.446770
38043 27 24 16
0.891185 0.123990 0.436366 81.562500
40347 27 24 17
0.865964 0.295096 0.403763 87.534256
42651 27 24 18
0.679562 0.678615 0.278706 90.864090
44955 27 24 19
-0.237041 0.952434 -0.191524 91.273666
47259 27 24 20
-0.717256 0.570816 -0.399640 88.720482
49563 27 24 21
-0.817399 0.370708 -0.440947 83.397026
51867 27 24 22
-0.847690 0.264652 -0.459762 75.710915
54171 27 24 23
-0.857624 0.197243 -0.474949 66.252480
56475 27 24 24
-0.859414 0.149007 -0.489085 55.752415
58779 27 24 25
-0.857886 0.111816 -0.501527 45.015350
35787 27 25 15
0.761755 -0.453796 0.462383 68.814140
38091 27 25 16
0.731938 -0.518266 0.442342 77.735069
40395 27 25 17
0.654364 -0.641656 0.400106 84.627563
42699 27 25 18
0.415797 -0.866488 0.276246 88.841644
45003 27 25 19
-0.199322 -0.978117 -0.059646 89.968109
47307 27 25 20
-0.663055 -0.669750 -0.334354 87.888481
49611 27 25 21
-0.792502 -0.438876 -0.423472 82.787025
51915 27 25 22
-0.828204 -0.322075 -0.458636 75.119469
54219 27 25 23
-0.838020 -0.259562 -0.479949 65.554459
56523 27 25 24
-0.838759 -0.223573 -0.496486 54.905308
58827 27 25 25
-0.836304 -0.201824 -0.509767 44.045380
35835 27 26 15
0.565277 -0.720289 0.402052 55.724510
38139 27 26 16
0.487724 -0.798007 0.353992 64.011398
40443 27 26 17
0.361190 -0.890220 0.277580 70.665047
42747 27 26 18
0.165717 -0.973140 0.159804 74.997772
45051 27 26 19
-0.088819 -0.996041 0.003618 76.541847
47355 27 26 20
-0.337263 -0.928750 -0.153870 75.125130
49659 27 26 21
-0.518449 -0.809759 -0.274775 70.895485
51963 27 26 22
-0.628957 -0.691383 -0.355530 64.284760
54267 27 26 23
-0.691890 -0.594730 -0.409371 55.935383
56571 27 26 24
-0.727263 -0.520652 -0.447225 46.618690
42795 27 27 18
0.093518 -0.987925 0.123527 54.615814
45099 27 27 19
-0.062171 -0.997910 0.017608 56.158176
47403 27 27 20
-0.218554 -0.971645 -0.090219 55.363575
49707 27 27 21
-0.355973 -0.915521 -0.187364 52.331783
52011 27 27 22
-0.464165 -0.844329 -0.267692 47.411217
31084 28 23 13
0.858741 0.340212 0.383171 70.404572
33388 28 23 14
0.800362 0.507308 0.319467 77.361862
35692 28 23 15
0.665660 0.715737 0.211227 82.101173
37996 28 23 16
0.405472 0.912875 0.047448 84.199326
40300 28 23 17
0.049431 0.989718 -0.134216 83.528641
42604 28 23 18
-0.270040 0.924838 -0.267867 80.252312
44908 28 23 19
-0.486807 0.803740 -0.342083 74.752930
47212 28 23 20
-0.621296 0.685035 -0.380419 67.544472
49516 28 23 21
-0.704923 0.584225 -0.402200 59.195919
51820 28 23 22
-0.757811 0.501151 -0.417815 50.271019
31132 28 24 13
0.859425 -0.161861 0.484964 72.336189
33436 28 24 14
0.873619 -0.108819 0.474288 81.299194
35740 28 24 15
0.892776 -0.014400 0.450271 88.098869
38044 28 24 16
0.899227 0.234448 0.369358 92.055984
40348 28 24 17
0.042230 0.959344 -0.279064 92.811661
42652 28 24 18
-0.700611 0.513423 -0.495521 90.367668
44956 28 24 19
-0.799342 0.349282 -0.488932 85.042671
47260 28 24 20
-0.834287 0.269674 -0.480875 77.389008
49564 28 24 21
-0.851828 0.217482 -0.476539 68.097702
51868 28 24 22
-0.861042 0.177982 -0.476371 57.902058
54172 28 24 23
-0.864828 0.145838 -0.480420 47.498684
31180 28 25 13
0.679234 -0.563648 0.470044 64.334122
33484 28 25 14
0.639425 -0.624725 0.448168 73.936203
35788 28 25 15
0.559512 -0.725062 0.401536 81.774628
38092 28 25 16
0.372275 -0.880768 0.292676 87.017319
40396 28 25 17
-0.051153 -0.997778 0.042689 89.115234
42700 28 25 18
-0.537637 -0.802693 -0.258130 87.887276
45004 28 25 19
-0.751681 -0.525723 -0.398234 83.519943
47308 28 25 20
-0.820548 -0.358044 -0.445539 76.510178
49612 28 25 21
-0.845045 -0.265730 -0.463989 67.569603
51916 28 25 22
-0.854120 -0.213231 -0.474354 57.503868
54220 28 25 23
-0.856110 -0.182258 -0.483589 47.099621
35836 28 26 15
0.319112 -0.896454 0.307469 65.633369
38140 28 26 16
0.162285 -0.964507 0.208302 71.095749
40444 28 26 17
-0.049260 -0.996223 0.071507 73.925407
42748 28 26 18
-0.282562 -0.955613 -0.083442 73.812546
45052 28 26 19
-0.480018 -0.849492 -0.218965 70.800209
47356 28 26 20
-0.614192 -0.723784 -0.314490 65.262161
49660 28 26 21
-0.695492 -0.612784 -0.375217 57.823471
51964 28 26 22
-0.742863 -0.525861 -0.414275 49.236557
38188 28 27 16
0.088883 -0.980463 0.175476 50.158726
40492 28 27 17
-0.048116 -0.995766 0.078328 52.934429
42796 28 27 18
-0.195197 -0.980369 -0.027830 53.487885
45100 28 27 19
-0.335097 -0.933077 -0.130683 51.761986
47404 28 27 20
-0.453398 -0.863924 -0.219237 47.990440
49708 28 27 21
-0.544701 -0.787229 -0.289087 42.642944
26477 29 23 11
0.868860 0.150312 0.471687 70.852119
28781 29 23 12
0.855192 0.298279 0.423883 79.108879
31085 29 23 13
0.779446 0.530878 0.332615 85.114502
33389 29 23 14
0.542278 0.828076 0.142213 88.328407
35693 29 23 15
0.111957 0.985668 -0.126188 88.418930
37997 29 23 16
-0.263626 0.911892 -0.314569 85.385239
40301 29 23 17
-0.482201 0.779576 -0.399679 79.596649
42605 29 23 18
-0.606533 0.666381 -0.433651 71.710655
44909 29 23 19
-0.684030 0.577125 -0.446128 62.518749
47213 29 23 20
-0.736496 0.505268 -0.449753 52.799610
49517 29 23 21
-0.773800 0.445496 -0.450297 43.220856
26525 29 24 11
0.779115 -0.351463 0.519090 68.696640
28829 29 24 12
0.778636 -0.357169 0.515904 78.506081
31133 29 24 13
0.774307 -0.367834 0.514924 86.480232
33437 29 24 14
0.758687 -0.407956 0.507903 91.826691
35741 29 24 15
0.364122 -0.889102 0.277332 93.925179
38045 29 24 16
-0.837491 0.117594 -0.533649 92.509064
40349 29 24 17
-0.833182 0.180864 -0.522586 87.758118
42653 29 24 18
-0.838056 0.187014 -0.512530 80.249443
44957 29 24 19
-0.845317 0.179415 -0.503239 70.807304
47261 29 24 20
-0.852811 0.166147 -0.495085 60.334560
49565 29 24 21
-0.859497 0.150175 -0.488582 49.675461
51869 29 24 22
-0.864586 0.133086 -0.484540 39.519268
26573 29 25 11
0.583989 -0.662402 0.469234 57.649406
28877 29 25 12
0.525767 -0.722964 0.448210 67.456314
31181 29 25 13
0.430315 -0.804802 0.408807 76.082848
33485 29 25 14
0.262070 -0.908938 0.324271 82.639366
35789 29 25 15
-0.032299 -0.988034 0.150814 86.332954
38093 29 25 16
-0.411121 -0.905505 -0.105073 86.676453
40397 29 25 17
-0.673635 -0.671692 -0.308296 83.623260
42701 29 25 18
-0.786796 -0.462861 -0.408305 77.565933
45005 29 25 19
-0.830727 -0.326436 -0.450924 69.221992
47309 29 25 20
-0.849241 -0.242526 -0.469010 59.476009
49613 29 25 21
-0.857997 -0.190968 -0.476835 49.226006
51917 29 25 22
-0.862170 -0.159142 -0.480975 39.253525
33533 29 26 14
0.121141 -0.959877 0.252904 64.345337
35837 29 26 15
-0.049027 -0.988513 0.142962 68.632996
38141 29 26 16
-0.244631 -0.969601 0.005417 70.207664
40445 29 26 17
-0.431599 -0.891877 -0.135194 68.850700
42749 29 26 18
-0.577418 -0.776726 -0.251567 64.743622
45053 29 26 19
-0.675000 -0.658045 -0.333693 58.405590
47357 29 26 20
-0.735530 -0.556228 -0.386788 50.572430
49661 29 26 21
-0.772453 -0.476261 -0.420109 42.054569
38189 29 27 16
-0.183585 -0.982073 0.042760 49.113201
40493 29 27 17
-0.313719 -0.947664 -0.059276 48.936535
42797 29 27 18
-0.432116 -0.888252 -0.155834 46.628399
45101 29 27 19
-0.529789 -0.813973 -0.238270 42.497005
47405 29 27 20
-0.604617 -0.736594 -0.303098 37.063328
21822 30 22 9
0.705059 0.466032 0.534515 61.594757
24126 30 22 10
0.670657 0.617281 0.411319 70.314125
26430 30 22 11
0.553085 0.793443 0.254056 76.161819
28734 30 22 12
0.339437 0.938081 0.069186 78.882973
31038 30 22 13
0.081217 0.991079 -0.105673 78.513954
33342 30 22 14
-0.145228 0.960668 -0.236699 75.286224
35646 30 22 15
-0.312508 0.893447 -0.322632 69.606094
19566 30 23 8
0.714658 -0.052432 0.697506 53.563206
21870 30 23 9
0.762386 -0.018754 0.646851 65.926559
24174 30 23 10
0.797612 0.056944 0.600477 76.496872
26478 30 23 11
0.805686 0.223707 0.548475 84.496384
28782 30 23 12
0.684078 0.598811 0.416488 89.454956
31086 30 23 13
0.094314 0.995540 -0.002078 91.123077
33390 30 23 14
-0.408777 0.855562 -0.317671 89.439880
35694 30 23 15
-0.587163 0.691364 -0.421016 84.584373
37998 30 23 16
-0.664123 0.588777 -0.460741 77.044167
40302 30 23 17
-0.708670 0.519412 -0.477491 67.599518
42606 30 23 18
-0.740521 0.467231 -0.483036 57.186577
19614 30 24 8
0.627742 -0.425921 0.651561 48.874359
21918 30 24 9
0.637606 -0.476853 0.605037 60.972794
24222 30 24 10
0.623567 -0.536279 0.568832 71.976242
26526 30 24 11
0.570672 -0.617657 0.541141 81.131447
28830 30 24 12
0.424456 -0.752870 0.503015 87.832893
31134 30 24 13
-0.050564 -0.943910 0.326310 91.574402
33438 30 24 14
-0.784569 -0.589104 -0.193411 91.981430
35742 30 24 15
-0.893169 -0.173023 -0.415105 88.932365
38046 30 24 16
-0.879819 -0.009747 -0.475210 82.688080
40350 30 24 17
-0.866158 0.061584 -0.495962 73.914986
42654 30 24 18
-0.859412 0.095312 -0.502321 63.556808
44958 30 24 19
-0.857745 0.110246 -0.502115 52.622746
21966 30 25 9
0.475244 -0.721000 0.504285 48.721413
24270 30 25 10
0.415484 -0.787448 0.455300 58.566345
26574 30 25 11
0.315617 -0.858903 0.403325 67.418182
28878 30 25 12
0.159844 -0.929886 0.331303 74.669144
31182 30 25 13
-0.067084 -0.974483 0.214200 79.688820
33486 30 25 14
-0.345722 -0.937510 0.039390 81.895027
35790 30 25 15
-0.591540 -0.791626 -0.152995 80.914368
38094 30 25 16
-0.739819 -0.601926 -0.300587 76.750526
40398 30 25 17
-0.809367 -0.439406 -0.389675 69.848198
42702 30 25 18
-0.839329 -0.321687 -0.438229 61.001751
45006 30 25 19
-0.852559 -0.241094 -0.463699 51.162220
28926 30 26 12
0.074689 -0.959769 0.270676 54.923458
31230 30 26 13
-0.070336 -0.978993 0.191376 60.008560
33534 30 26 14
-0.233323 -0.968488 0.087125 63.087406
35838 30 26 15
-0.396780 -0.917259 -0.034658 63.674450
38142 30 26 16
-0.538525 -0.828142 -0.155473 61.585758
40446 30 26 17
-0.644992 -0.719569 -0.257304 57.027569
42750 30 26 18
-0.716858 -0.612533 -0.333042 50.553116
19471 31 21 8
0.327716 0.775340 0.539861 49.779461
21775 31 21 9
0.267862 0.895939 0.354321 57.859085
24079 31 21 10
0.155903 0.976477 0.148954 62.534351
26383 31 21 11
0.013474 0.999299 -0.034930 63.564095
28687 31 21 12
-0.127702 0.976848 -0.171639 61.353390
17215 31 22 7
0.411135 0.351212 0.841200 47.756462
19519 31 22 8
0.434093 0.482533 0.760740 60.795452
21823 31 22 9
0.400564 0.678012 0.616319 71.354225
24127 31 22 10
0.246470 0.898372 0.363565 78.175552
26431 31 22 11
-0.021840 0.998640 0.047331 80.845505
28735 31 22 12
-0.265687 0.945844 -0.186519 79.633514
31039 31 22 13
-0.423762 0.850275 -0.312184 75.184364
33343 31 22 14
-0.520226 0.765816 -0.378010 68.269775
17263 31 23 7
0.429125 -0.087852 0.898963 49.979225
19567 31 23 8
0.469503 -0.089898 0.878342 64.062790
21871 31 23 9
0.485853 -0.065737 0.871565 75.984962
24175 31 23 10
0.410530 0.052885 0.910312 84.452080
26479 31 23 11
-0.317245 0.604886 0.730389 88.912651
28783 31 23 12
-0.803511 0.561763 -0.196958 89.412918
31087 31 23 13
-0.802795 0.461169 -0.377946 86.340439
33391 31 23 14
-0.796981 0.420250 -0.433833 80.242188
35695 31 23 15
-0.793522 0.395940 -0.462118 71.780838
37999 31 23 16
-0.792374 0.376845 -0.479720 61.756615
40303 31 23 17
-0.794066 0.359428 -0.490174 51.076515
17311 31 24 7
0.371407 -0.473594 0.798603 45.113346
19615 31 24 8
0.366593 -0.570571 0.734887 58.272549
21919 31 24 9
0.312402 -0.686961 0.656117 69.907455
24223 31 24 10
0.162425 -0.821124 0.547150 78.883430
26527 31 24 11
-0.154875 -0.920776 0.358030 84.606392
28831 31 24 12
-0.582867 -0.810706 0.054970 86.902908
31135 31 24 13
-0.832225 -0.514539 -0.206520 85.840782
33439 31 24 14
-0.897722 -0.273378 -0.345484 81.637093
35743 31 24 15
-0.900331 -0.124961 -0.416881 74.688507
38047 31 24 16
-0.888650 -0.035726 -0.457192 65.638649
40351 31 24 17
-0.876823 0.018867 -0.480443 55.360859
42655 31 24 18
-0.868558 0.052366 -0.492813 44.814377
19663 31 25 8
0.261197 -0.783787 0.563430 45.745762
21967 31 25 9
0.188432 -0.864294 0.466357 55.555824
24271 31 25 10
0.066953 -0.929755 0.362039 63.700298
26575 31 25 11
-0.106665 -0.963470 0.245657 69.653091
28879 31 25 12
-0.317335 -0.941623 0.112447 73.110611
31183 31 25 13
-0.524019 -0.851128 -0.031399 73.885918
33487 31 25 14
-0.682430 -0.711648 -0.166873 71.894485
35791 31 25 15
-0.778866 -0.562683 -0.277046 67.241638
38095 31 25 16
-0.827929 -0.432356 -0.357214 60.326122
40399 31 25 17
-0.849879 -0.329516 -0.411247 51.847588
42703 31 25 18
-0.858896 -0.252350 -0.445664 42.678032
28927 31 26 12
-0.230435 -0.964550 0.128617 53.201691
31231 31 26 13
-0.373435 -0.926897 0.037532 55.019859
33535 31 26 14
-0.505453 -0.860702 -0.060908 54.770782
35839 31 26 15
-0.613946 -0.773194 -0.158878 52.350052
38143 31 26 16
-0.694074 -0.676335 -0.246642 47.920376
19472 32 21 8
-0.075436 0.852947 0.516517 52.123264
21776 32 21 9
-0.173343 0.947135 0.269979 58.845116
24080 32 21 10
-0.279594 0.959871 0.021770 61.382057
26384 32 21 11
-0.372016 0.913483 -0.164780 59.852737
17216 32 22 7
-0.009803 0.410485 0.911815 51.151299
19520 32 22 8
-0.119535 0.582880 0.803718 63.536583
21824 32 22 9
-0.321536 0.784059 0.530910 72.304604
24128 32 22 10
-0.524102 0.843395 0.118329 76.312370
26432 32 22 11
-0.624100 0.760231 -0.180409 75.573235
28736 32 22 12
-0.667191 0.669918 -0.325677 70.943298
31040 32 22 13
-0.692023 0.605984 -0.392283 63.620907
33344 32 22 14
-0.709047 0.561799 -0.426186 54.759933
14960 32 23 6
0.041753 -0.084679 0.995533 38.901207
17264 32 23 7
-0.010718 -0.107179 0.994182 53.510109
19568 32 23 8
-0.149049 -0.128849 0.980399 66.813095
21872 32 23 9
-0.495505 -0.123547 0.859774 76.693306
24176 32 23 10
-0.939802 -0.016377 0.341327 81.953163
26480 32 23 11
-0.984137 0.104499 -0.143370 82.474815
28784 32 23 12
-0.928647 0.169862 -0.329791 78.930359
31088 32 23 13
-0.891863 0.208910 -0.401170 72.332222
33392 32 23 14
-0.869207 0.234204 -0.435463 63.700241
35696 32 23 15
-0.853321 0.250077 -0.457499 53.945118
38000 32 23 16
-0.841493 0.258812 -0.474242 43.885300
15008 32 24 6
0.040256 -0.434805 0.899624 34.989952
17312 32 24 7
-0.009589 -0.544320 0.838823 48.276684
19616 32 24 8
-0.114081 -0.672855 0.730925 60.636478
21920 32 24 9
-0.299937 -0.784677 0.542513 70.257355
24224 32 24 10
-0.544376 -0.795295 0.266760 76.064308
26528 32 24 11
-0.746739 -0.665052 -0.009368 77.837967
28832 32 24 12
-0.854541 -0.480241 -0.197809 75.979439
31136 32 24 13
-0.897198 -0.318518 -0.305912 71.165932
33440 32 24 14
-0.907801 -0.196907 -0.370304 64.117676
35744 32 24 15
-0.903759 -0.109408 -0.413823 55.543991
38048 32 24 16
-0.893941 -0.047273 -0.445685 46.181309
17360 32 25 7
-0.008341 -0.760711 0.649038 37.552021
19664 32 25 8
-0.083331 -0.851487 0.517712 47.481430
21968 32 25 9
-0.194608 -0.910738 0.364258 55.573597
24272 32 25 10
-0.336171 -0.919475 0.203849 61.004597
26576 32 25 11
-0.488658 -0.870799 0.054067 63.522064
28880 32 25 12
-0.626826 -0.775713 -0.073203 63.275249
31184 32 25 13
-0.732800 -0.657343 -0.175797 60.590149
33488 32 25 14
-0.802559 -0.537926 -0.257943 55.842880
35792 32 25 15
-0.842146 -0.430873 -0.324250 49.466278
38096 32 25 16
-0.861068 -0.341185 -0.377033 42.008129
19473 33 21 8
-0.475518 0.778708 0.409264 47.411015
21777 33 21 9
-0.556616 0.816917 0.151077 52.191433
24081 33 21 10
-0.604438 0.792763 -0.078630 52.739651
14913 33 22 6
-0.334242 0.297395 0.894337 35.121765
17217 33 22 7
-0.473263 0.384051 0.792797 47.458843
19521 33 22 8
-0.654484 0.484458 0.580475 57.742859
21825 33 22 9
-0.801352 0.543740 0.249362 63.971165
24129 33 22 10
-0.845160 0.530755 -0.063270 65.289787
26433 33 22 11
-0.832349 0.490108 -0.258823 62.113369
28737 33 22 12
-0.813905 0.455788 -0.360300 55.694447
31041 33 22 13
-0.802544 0.433033 -0.410373 47.505283
14961 33 23 6
-0.345246 -0.079227 0.935162 36.709557
17265 33 23 7
-0.505130 -0.099114 0.857333 49.660339
19569 33 23 8
-0.733762 -0.108802 0.670638 60.647854
21873 33 23 9
-0.939854 -0.085297 0.330756 67.655548
24177 33 23 10
-0.999372 -0.029906 -0.019020 69.778091
26481 33 23 11
-0.971160 0.027892 -0.236793 67.332985
28785 33 23 12
-0.935067 0.076275 -0.346166 61.452293
31089 33 23 13
-0.909463 0.115403 -0.399448 53.503265
33393 33 23 14
-0.891695 0.146446 -0.428291 44.672215
15009 33 24 6
-0.310053 -0.425866 0.850003 33.059330
17313 33 24 7
-0.429706 -0.519177 0.738789 44.802589
19617 33 24 8
-0.583517 -0.598049 0.549405 54.953789
21921 33 24 9
-0.733922 -0.614817 0.288718 61.764893
24225 33 24 10
-0.833940 -0.550988 0.030921 64.411514
26529 33 24 11
-0.882048 -0.444442 -0.156405 63.078430
28833 33 24 12
-0.902468 -0.335509 -0.270158 58.623440
31137 33 24 13
-0.910429 -0.240722 -0.336409 52.111683
33441 33 24 14
-0.911075 -0.163190 -0.378564 44.491970
35745 33 24 15
-0.906306 -0.101691 -0.410206 36.504562
15057 33 25 6
-0.257036 -0.652647 0.712731 25.642557
17361 33 25 7
-0.334058 -0.741785 0.581516 34.837616
19665 33 25 8
-0.426529 -0.804440 0.413461 42.944645
21969 33 25 9
-0.525418 -0.819524 0.228728 48.660946
24273 33 25 10
-0.619709 -0.782705 0.057736 51.343178
26577 33 25 11
-0.701859 -0.707986 -0.078427 51.059185
28881 33 25 12
-0.768338 -0.615082 -0.177007 48.346428
31185 33 25 13
-0.817880 -0.519534 -0.247298 43.891033
33489 33 25 14
-0.850923 -0.430572 -0.300895 38.318451
19522 34 22 8
-0.867883 0.344601 0.357813 45.536766
21826 34 22 9
-0.928483 0.359482 0.093230 49.301174
24130 34 22 10
-0.926725 0.352822 -0.129221 48.842388
14962 34 23 6
-0.629297 -0.064249 0.774505 29.867090
17266 34 23 7
-0.779675 -0.075263 0.621644 39.869373
19570 34 23 8
-0.917879 -0.075764 0.389562 47.804119
21874 34 23 9
-0.991010 -0.059540 0.119808 52.034203
24178 34 23 10
-0.993641 -0.030280 -0.108446 52.000568
26482 34 23 11
-0.965630 0.003716 -0.259893 48.274651
15010 34 24 6
-0.583867 -0.371906 0.721655 26.933334
17314 34 24 7
-0.704676 -0.426813 0.566801 35.979393
19618 34 24 8
-0.815127 -0.456739 0.356311 43.269058
21922 34 24 9
-0.886713 -0.444784 0.126121 47.373428
24226 34 24 10
-0.915401 -0.396173 -0.071327 47.778965
26530 34 24 11
-0.920090 -0.330285 -0.210585 44.926807
17362 34 25 7
-0.586767 -0.654917 0.476223 27.969749
19666 34 25 8
-0.663071 -0.686400 0.298651 33.755775
21970 34 25 9
-0.724760 -0.678622 0.119145 37.193203
24274 34 25 10
-0.770765 -0.636137 -0.035360 37.876900
19571 35 23 8
-0.968678 -0.055123 0.242124 32.633297
21875 35 23 9
-0.998383 -0.045720 0.033791 34.789501
24179 35 23 10
-0.989678 -0.028624 -0.140423 33.816940
19619 35 24 8
-0.907799 -0.348988 0.232611 29.515797
21923 35 24 9
-0.940512 -0.337000 0.043226 31.604036
24227 35 24 10
-0.945014 -0.305764 -0.116005 30.949854
