2.000000
48 48 48
37.964200 38.160292 69.112534
-10.035800 -9.839708 21.112534
63.956508 2025.470114 514.045023
95346 18 18 41
0.853982 0.238287 -0.462531 33.988811
97650 18 18 42
0.717702 0.187347 -0.670675 26.467836
93090 18 19 40
0.965952 -0.078231 -0.246612 40.472473
95394 18 19 41
0.861484 -0.118893 -0.493669 34.822464
97698 18 19 42
0.716777 -0.134973 -0.684115 26.776522
100002 18 19 43
0.576515 -0.133511 -0.806105 18.230648
95442 18 20 41
0.777178 -0.414811 -0.473209 30.808598
97746 18 20 42
0.653998 -0.404918 -0.639006 23.317965
92995 19 17 40
0.631959 0.738233 -0.235881 43.397621
95299 19 17 41
0.540994 0.660396 -0.520771 37.707897
97603 19 17 42
0.423918 0.545482 -0.723010 29.134699
90739 19 18 39
0.876696 0.480863 -0.013214 55.458950
93043 19 18 40
0.827879 0.427643 -0.362956 52.624382
95347 19 18 41
0.667296 0.328352 -0.668507 45.016338
97651 19 18 42
0.488061 0.232409 -0.841298 34.387833
99955 19 18 43
0.351734 0.165023 -0.921439 23.250401
88483 19 19 38
0.979491 0.116400 0.164465 59.049770
90787 19 19 39
0.993525 0.018246 -0.112142 59.719284
93091 19 19 40
0.888526 -0.076134 -0.452466 55.316063
95395 19 19 41
0.685640 -0.130742 -0.716103 46.430626
97699 19 19 42
0.492904 -0.145048 -0.857908 34.958313
100003 19 19 43
0.353580 -0.139452 -0.924951 23.382456
88531 19 20 38
0.956974 -0.286387 0.046723 57.289612
90835 19 20 39
0.892774 -0.408376 -0.190223 56.052849
93139 19 20 40
0.758520 -0.477998 -0.442906 50.501450
95443 19 20 41
0.592218 -0.482528 -0.645325 41.444912
97747 19 20 42
0.442868 -0.446347 -0.777587 30.651428
100051 19 20 43
0.329076 -0.396649 -0.856959 20.218687
88388 20 17 38
0.400552 0.887725 0.226942 51.784210
90692 20 17 39
0.363037 0.931434 -0.025218 53.787643
92996 20 17 40
0.287921 0.889706 -0.354294 50.790936
95300 20 17 41
0.190393 0.746941 -0.637048 43.170120
97604 20 17 42
0.108617 0.583396 -0.804892 32.726948
99908 20 17 43
0.054388 0.453101 -0.889798 21.942173
88436 20 18 38
0.636777 0.744466 0.200711 66.694862
90740 20 18 39
0.621427 0.765327 -0.167640 67.295410
93044 20 18 40
0.468228 0.628219 -0.621372 62.093548
95348 20 18 41
0.267973 0.412314 -0.870740 51.845837
97652 20 18 42
0.137716 0.262852 -0.954957 38.787872
99956 20 18 43
0.065622 0.176837 -0.982050 25.761177
88484 20 19 38
0.954427 0.286826 0.082465 75.108131
90788 20 19 39
0.903506 0.121159 -0.411094 73.385300
93092 20 19 40
0.576535 -0.051613 -0.815441 65.937767
95396 20 19 41
0.301314 -0.122476 -0.945627 53.898403
97700 20 19 42
0.152891 -0.137468 -0.978635 39.663765
100004 20 19 43
0.074124 -0.133174 -0.988317 26.016617
86228 20 20 37
0.972149 -0.160894 0.170410 73.374496
88532 20 20 38
0.918448 -0.380372 -0.108488 74.098183
90836 20 20 39
0.715783 -0.537877 -0.445357 69.894562
93140 20 20 40
0.460205 -0.563120 -0.686373 60.942379
95444 20 20 41
0.268988 -0.516050 -0.813227 48.590836
97748 20 20 42
0.149882 -0.453424 -0.878602 35.047947
100052 20 20 43
0.078350 -0.394497 -0.915551 22.628939
86276 20 21 37
0.831827 -0.554960 -0.009099 66.197090
88580 20 21 38
0.691352 -0.692428 -0.206337 64.115387
90884 20 21 39
0.518574 -0.755988 -0.399454 58.225903
93188 20 21 40
0.357174 -0.750089 -0.556591 49.098850
88389 21 17 38
0.031494 0.989092 0.143893 55.965481
90693 21 17 39
-0.069498 0.990276 -0.120509 56.343586
92997 21 17 40
-0.157116 0.891734 -0.424412 51.775730
95301 21 17 41
-0.203657 0.722129 -0.661100 42.978100
97605 21 17 42
-0.214544 0.559448 -0.800618 31.917974
86133 21 18 37
0.245679 0.915468 0.318685 69.594650
88437 21 18 38
0.128216 0.989222 0.070709 73.143349
90741 21 18 39
-0.046375 0.930533 -0.363259 71.359367
93045 21 18 40
-0.181992 0.657556 -0.731094 63.916523
95349 21 18 41
-0.225921 0.407925 -0.884622 51.999310
97653 21 18 42
-0.227245 0.259359 -0.938665 38.033394
99957 21 18 43
-0.215448 0.175217 -0.960667 24.770435
81573 21 19 35
0.566064 0.669761 0.480616 68.476357
83877 21 19 36
0.566841 0.697307 0.438696 77.253563
86181 21 19 37
0.575260 0.764420 0.291097 82.842682
88485 21 19 38
0.505947 0.819933 -0.267821 83.707672
90789 21 19 39
0.060053 0.324316 -0.944041 78.908485
93093 21 19 40
-0.144776 0.015123 -0.989349 68.661263
95397 21 19 41
-0.196303 -0.079218 -0.977338 54.556183
97701 21 19 42
-0.206225 -0.108592 -0.972460 39.165970
100005 21 19 43
-0.201787 -0.114414 -0.972724 25.145395
79317 21 20 34
0.790180 0.403077 0.461676 69.798668
81621 21 20 35
0.843025 0.321093 0.431518 78.437592
83925 21 20 36
0.929973 0.163644 0.329197 84.476913
86229 21 20 37
0.982226 -0.187313 -0.012068 86.659737
88533 21 20 38
0.569893 -0.578305 -0.583769 84.032127
90837 21 20 39
0.132928 -0.596797 -0.791305 76.333519
93141 21 20 40
-0.051258 -0.531057 -0.845784 64.312271
95445 21 20 41
-0.128074 -0.467833 -0.874488 49.728390
97749 21 20 42
-0.160283 -0.412641 -0.896681 34.912479
100053 21 20 43
-0.171395 -0.364478 -0.915303 22.018948
77061 21 21 33
0.916297 0.112947 0.384243 66.218346
79365 21 21 34
0.941979 -0.038322 0.333476 73.699677
81669 21 21 35
0.939668 -0.257489 0.225219 79.026398
83973 21 21 36
0.845968 -0.532522 0.027533 81.267418
86277 21 21 37
0.614508 -0.754555 -0.230277 79.709930
88581 21 21 38
0.341620 -0.827335 -0.445884 74.068207
90885 21 21 39
0.136058 -0.799445 -0.585129 64.682404
93189 21 21 40
0.006987 -0.737724 -0.675066 52.601643
77109 21 22 33
0.931979 -0.279214 0.231200 64.343246
79413 21 22 34
0.879164 -0.455765 0.139099 68.367920
81717 21 22 35
0.772464 -0.634945 0.012033 69.993423
84021 21 22 36
0.613576 -0.777969 -0.135238 68.746384
86325 21 22 37
0.433200 -0.857518 -0.277489 64.452209
88629 21 22 38
0.267957 -0.877432 -0.397885 57.330528
90933 21 22 39
0.136259 -0.858387 -0.494577 48.036755
93237 21 22 40
0.039343 -0.818673 -0.572911 37.601444
77157 21 23 33
0.824152 -0.560618 0.080511 54.838554
79461 21 23 34
0.729030 -0.684440 -0.007592 55.668304
81765 21 23 35
0.609288 -0.785979 -0.104905 54.440376
84069 21 23 36
0.477588 -0.854896 -0.202638 51.081306
86373 21 23 37
0.348685 -0.889959 -0.293924 45.769318
15189 21 28 6
0.797700 0.145749 0.585177 36.388840
17493 21 28 7
0.919873 0.110212 0.376412 44.161621
19797 21 28 8
0.986919 0.049368 0.153472 48.770454
22101 21 28 9
0.999268 -0.024327 -0.029530 49.836128
15237 21 29 6
0.802300 -0.200009 0.562415 36.021366
17541 21 29 7
0.907925 -0.263794 0.325707 42.909622
19845 21 29 8
0.944204 -0.318386 0.084311 46.311207
22149 21 29 9
0.927634 -0.359825 -0.100111 46.034065
15285 21 30 6
0.717201 -0.504903 0.480309 30.906317
17589 21 30 7
0.786372 -0.568022 0.242838 36.177296
19893 21 30 8
0.802040 -0.596992 0.018235 38.198681
15333 21 31 6
0.596436 -0.706263 0.381389 22.966711
17637 21 31 7
0.638170 -0.751904 0.165466 26.443678
88390 22 17 38
-0.330336 0.943130 0.037191 52.914143
90694 22 17 39
-0.433535 0.881197 -0.188520 51.547169
92998 22 17 40
-0.488501 0.763951 -0.421599 46.012741
95302 22 17 41
-0.490447 0.623750 -0.608603 37.233906
97606 22 17 42
-0.460480 0.497225 -0.735340 27.041981
83830 22 18 36
-0.078271 0.947342 0.310511 64.697716
86134 22 18 37
-0.247837 0.955569 0.159579 69.503807
88438 22 18 38
-0.435921 0.895162 -0.093047 70.276718
90742 22 18 39
-0.564159 0.725914 -0.393412 66.193176
93046 22 18 40
-0.586117 0.514241 -0.626118 57.451572
95350 22 18 41
-0.545810 0.345710 -0.763267 45.454857
97654 22 18 42
-0.489606 0.234523 -0.839812 32.441944
79270 22 19 34
0.266296 0.855003 0.445035 67.418335
81574 22 19 35
0.157567 0.900222 0.405922 75.956665
83878 22 19 36
-0.030493 0.955271 0.294156 81.999146
86182 22 19 37
-0.350531 0.936548 0.002432 84.279541
88486 22 19 38
-0.639843 0.627643 -0.443469 81.814529
90790 22 19 39
-0.665167 0.259523 -0.700143 74.313988
93094 22 19 40
-0.598046 0.061118 -0.799128 62.516747
95398 22 19 41
-0.529312 -0.031188 -0.847854 48.193859
97702 22 19 42
-0.470511 -0.072900 -0.879377 33.684570
79318 22 20 34
0.524107 0.708944 0.471922 82.513969
81622 22 20 35
0.481193 0.760357 0.436246 88.685913
83926 22 20 36
0.290304 0.943514 0.159701 91.410843
86230 22 20 37
-0.556925 -0.004763 -0.830549 89.845634
88534 22 20 38
-0.536490 -0.328239 -0.777455 83.617943
90838 22 20 39
-0.502151 -0.379324 -0.777148 73.075363
93142 22 20 40
-0.470514 -0.381735 -0.795547 59.403336
95446 22 20 41
-0.439585 -0.366691 -0.819940 44.463459
97750 22 20 42
-0.408909 -0.343763 -0.845352 30.322306
72454 22 21 31
0.779418 0.453820 0.431921 66.780182
74758 22 21 32
0.810155 0.391400 0.436411 75.692413
77062 22 21 33
0.860606 0.284711 0.422251 83.329247
79366 22 21 34
0.934203 0.062581 0.351209 88.740288
81670 22 21 35
0.892623 -0.445566 0.068521 91.057953
83974 22 21 36
0.335689 -0.857811 -0.389196 89.644630
86278 22 21 37
-0.064017 -0.825356 -0.560972 84.238106
88582 22 21 38
-0.224429 -0.748107 -0.624474 75.084007
90886 22 21 39
-0.294205 -0.684548 -0.666962 63.008259
93190 22 21 40
-0.324981 -0.630636 -0.704759 49.355762
70198 22 22 30
0.920857 0.167493 0.352093 65.006256
72502 22 22 31
0.941570 0.043425 0.334005 72.258842
74806 22 22 32
0.949614 -0.135974 0.282390 78.313652
77110 22 22 33
0.906290 -0.385178 0.174001 82.394951
79414 22 22 34
0.748371 -0.663269 -0.003780 83.831711
81718 22 22 35
0.481494 -0.852635 -0.202919 82.176926
84022 22 22 36
0.220140 -0.908306 -0.355695 77.298569
86326 22 22 37
0.031033 -0.889631 -0.455625 69.438553
88630 22 22 38
-0.092224 -0.846636 -0.524120 59.231255
90934 22 22 39
-0.170729 -0.798649 -0.577072 47.653725
93238 22 22 40
-0.220046 -0.750931 -0.622642 35.882492
70246 22 23 30
0.946049 -0.236743 0.221231 64.227837
72550 22 23 31
0.904272 -0.394001 0.164486 68.413231
74854 22 23 32
0.820955 -0.565790 0.076909 70.989166
77158 22 23 33
0.687221 -0.725618 -0.034737 71.452187
79462 22 23 34
0.516948 -0.842325 -0.152489 69.506271
81766 22 23 35
0.341887 -0.903588 -0.258151 65.120628
84070 22 23 36
0.188129 -0.919745 -0.344495 58.541576
86374 22 23 37
0.065162 -0.908107 -0.413636 50.270966
88678 22 23 38
-0.028569 -0.881945 -0.470487 41.016075
19750 22 27 8
0.787951 0.503680 0.354175 60.668240
22054 22 27 9
0.895402 0.418366 0.152398 65.299850
24358 22 27 10
0.955767 0.293895 -0.011620 66.569298
26662 22 27 11
0.978773 0.161221 -0.126537 65.074524
28966 22 27 12
0.978764 0.039289 -0.201188 61.528893
12886 22 28 5
0.418685 0.163548 0.893283 34.465870
15190 22 28 6
0.580000 0.162217 0.798302 47.301395
17494 22 28 7
0.780692 0.127186 0.611837 58.352737
19798 22 28 8
0.943331 0.041140 0.329293 65.726471
22102 22 28 9
0.995944 -0.073274 0.052214 68.733574
24406 22 28 10
0.974688 -0.179083 -0.133835 67.809875
26710 22 28 11
0.934588 -0.264713 -0.237638 63.957748
29014 22 28 12
0.896624 -0.332454 -0.292470 58.231285
12934 22 29 5
0.412987 -0.185930 0.891556 34.349331
15238 22 29 6
0.571629 -0.283275 0.770062 46.439594
17542 22 29 7
0.744492 -0.406213 0.529833 56.223686
19846 22 29 8
0.839297 -0.502935 0.206488 61.878807
22150 22 29 9
0.835365 -0.546582 -0.058421 62.939075
24454 22 29 10
0.797188 -0.564593 -0.213836 60.139309
12982 22 30 5
0.360025 -0.496707 0.789724 29.643021
15286 22 30 6
0.468142 -0.630952 0.618663 39.522686
17590 22 30 7
0.563335 -0.743681 0.359989 47.010807
19894 22 30 8
0.608154 -0.789276 0.084805 50.609425
22198 22 30 9
0.610719 -0.782583 -0.120772 50.115826
24502 22 30 10
0.599823 -0.762226 -0.243357 46.412285
13030 22 31 5
0.290598 -0.702040 0.650148 22.138308
15334 22 31 6
0.354821 -0.813436 0.460894 29.136858
17638 22 31 7
0.406781 -0.884146 0.229817 34.083103
19942 22 31 8
0.436241 -0.899745 0.012376 35.925350
90695 23 17 39
-0.642167 0.733656 -0.222195 41.206646
92999 23 17 40
-0.669702 0.629656 -0.393742 35.661430
83831 23 18 36
-0.431069 0.889017 0.154363 59.115299
86135 23 18 37
-0.581998 0.813168 0.006015 60.891060
88439 23 18 38
-0.699650 0.691742 -0.178841 59.175945
90743 23 18 39
-0.754650 0.543794 -0.367139 53.732536
93047 23 18 40
-0.748634 0.402698 -0.526670 45.109066
95351 23 18 41
-0.705320 0.289798 -0.646948 34.639156
79271 23 19 34
-0.158795 0.937537 0.309531 68.601067
81575 23 19 35
-0.353597 0.911703 0.209204 73.932739
83879 23 19 36
-0.577422 0.815349 0.042297 76.399605
86183 23 19 37
-0.759520 0.626213 -0.176029 75.254601
88487 23 19 38
-0.833651 0.398047 -0.382864 70.138519
90791 23 19 39
-0.817653 0.208414 -0.536663 61.314293
93095 23 19 40
-0.761914 0.080555 -0.642649 49.786743
95399 23 19 41
-0.696305 0.002538 -0.717742 37.164516
77015 23 20 33
0.062030 0.923494 0.378565 80.105606
79319 23 20 34
-0.181355 0.940544 0.287206 85.522888
81623 23 20 35
-0.556906 0.828193 0.062866 87.974480
83927 23 20 36
-0.848446 0.461845 -0.258531 86.819229
86231 23 20 37
-0.876950 0.102912 -0.469433 81.765381
88535 23 20 38
-0.812197 -0.099067 -0.574911 73.009697
90839 23 20 39
-0.742193 -0.200878 -0.639372 61.328350
93143 23 20 40
-0.680405 -0.250202 -0.688802 48.034534
95447 23 20 41
-0.625930 -0.270537 -0.731451 34.741192
70151 23 21 30
0.548304 0.720995 0.423709 71.874092
72455 23 21 31
0.521837 0.730676 0.440225 80.117447
74759 23 21 32
0.475589 0.756505 0.448904 87.054733
77063 23 21 33
0.356468 0.828325 0.432213 91.816917
79367 23 21 34
-0.427925 0.901853 0.059513 93.642792
81671 23 21 35
-0.794108 -0.282795 -0.537977 92.015129
83975 23 21 36
-0.687212 -0.454999 -0.566318 86.762123
86279 23 21 37
-0.637762 -0.497753 -0.587793 78.124420
88583 23 21 38
-0.604765 -0.508937 -0.612570 66.783493
90887 23 21 39
-0.577490 -0.506193 -0.640527 53.819454
93191 23 21 40
-0.552059 -0.495000 -0.670974 40.561623
67895 23 22 29
0.815363 0.435286 0.381719 75.477119
70199 23 22 30
0.851350 0.348065 0.392498 82.367897
72503 23 22 31
0.907413 0.187944 0.375871 87.971344
74807 23 22 32
0.948118 -0.174348 0.265848 91.508751
77111 23 22 33
0.614039 -0.783085 -0.098662 92.327827
79415 23 22 34
0.044620 -0.922802 -0.382682 90.031761
81719 23 22 35
-0.213971 -0.854828 -0.472742 84.560699
84023 23 22 36
-0.326279 -0.793283 -0.514047 76.211670
86327 23 22 37
-0.382043 -0.746937 -0.544176 65.614281
88631 23 22 38
-0.411354 -0.709629 -0.572026 53.670452
90935 23 22 39
-0.426010 -0.677026 -0.600126 41.444050
65639 23 23 28
0.962906 0.047486 0.265624 73.843979
67943 23 23 29
0.961157 -0.119689 0.248701 78.671158
70247 23 23 30
0.921231 -0.341338 0.186605 82.445770
72551 23 23 31
0.796786 -0.600810 0.064497 84.489433
74855 23 23 32
0.566928 -0.817831 -0.098716 84.245209
77159 23 23 33
0.302788 -0.920780 -0.245934 81.397324
79463 23 23 34
0.086764 -0.933656 -0.347503 75.947243
81767 23 23 35
-0.064681 -0.908406 -0.413056 68.215706
84071 23 23 36
-0.166781 -0.872772 -0.458752 58.780464
86375 23 23 37
-0.235749 -0.836300 -0.495000 48.387917
88679 23 23 38
-0.282663 -0.801438 -0.527067 37.859596
63383 23 24 27
0.950696 -0.285457 0.121206 67.415199
65687 23 24 28
0.895867 -0.431844 0.104565 69.772881
67991 23 24 29
0.809485 -0.584032 0.060336 71.490448
70295 23 24 30
0.687923 -0.725698 -0.011122 72.026085
72599 23 24 31
0.537838 -0.837092 -0.100036 70.908165
74903 23 24 32
0.377323 -0.906196 -0.190880 67.852005
77207 23 24 33
0.226517 -0.935612 -0.270778 62.840393
79511 23 24 34
0.097627 -0.937217 -0.334804 56.139507
22007 23 26 9
0.418941 0.841934 0.340052 65.675354
24311 23 26 10
0.559649 0.799326 0.218794 71.121819
26615 23 26 11
0.703586 0.703472 0.100474 74.176460
28919 23 26 12
0.827210 0.561815 -0.009308 75.020493
31223 23 26 13
0.913054 0.395734 -0.098624 73.941216
33527 23 26 14
0.960460 0.230381 -0.156335 71.382477
35831 23 26 15
0.980339 0.081884 -0.179530 67.940086
17447 23 27 7
0.261666 0.613330 0.745223 60.643261
19751 23 27 8
0.435330 0.668067 0.603469 71.458351
22055 23 27 9
0.662259 0.637223 0.394156 78.771271
24359 23 27 10
0.866844 0.476729 0.145986 82.459358
26663 23 27 11
0.968376 0.240857 -0.065077 82.926567
28967 23 27 12
0.979672 0.023783 -0.199192 80.749405
31271 23 27 13
0.952785 -0.140692 -0.269084 76.555008
33575 23 27 14
0.919123 -0.260978 -0.295133 71.043015
35879 23 27 15
0.889739 -0.352227 -0.290344 64.974449
12887 23 28 5
0.076615 0.153316 0.985203 38.195801
15191 23 28 6
0.159116 0.157437 0.974626 53.184772
17495 23 28 7
0.326472 0.130568 0.936145 66.759750
19799 23 28 8
0.638229 0.009912 0.769783 76.755821
22103 23 28 9
0.917138 -0.230428 0.325210 82.190964
24407 23 28 10
0.912029 -0.403996 -0.070638 83.255226
26711 23 28 11
0.836398 -0.488439 -0.248727 80.784889
29015 23 28 12
0.779345 -0.537975 -0.321254 75.756927
31319 23 28 13
0.741328 -0.573243 -0.349035 69.081741
33623 23 28 14
0.716314 -0.602521 -0.351941 61.603321
12935 23 29 5
0.056616 -0.217970 0.974312 37.750763
15239 23 29 6
0.131150 -0.350632 0.927285 51.779472
17543 23 29 7
0.265872 -0.568348 0.778648 63.780411
19847 23 29 8
0.429371 -0.793570 0.431146 71.643387
22151 23 29 9
0.511215 -0.858411 0.042311 74.609993
24455 23 29 10
0.526350 -0.829870 -0.185126 73.196487
26759 23 29 11
0.527511 -0.798276 -0.290666 68.565834
29063 23 29 12
0.528384 -0.778748 -0.338173 61.933949
31367 23 29 13
0.530241 -0.768687 -0.357722 54.316265
12983 23 30 5
0.030541 -0.532664 0.845776 32.303356
15287 23 30 6
0.081422 -0.701015 0.708483 43.692478
17591 23 30 7
0.153810 -0.869361 0.469631 52.871750
19895 23 30 8
0.227350 -0.958005 0.174753 58.088505
22199 23 30 9
0.281978 -0.957199 -0.065252 58.892475
24503 23 30 10
0.319774 -0.923559 -0.211622 56.000954
26807 23 30 11
0.348287 -0.891395 -0.290019 50.664551
13031 23 31 5
0.008196 -0.728716 0.684767 23.920053
15335 23 31 6
0.042577 -0.858850 0.510454 31.933912
17639 23 31 7
0.087323 -0.954009 0.286778 37.999012
19943 23 31 8
0.134548 -0.988803 0.064542 40.872742
22247 23 31 9
0.177545 -0.978233 -0.107414 40.376995
24551 23 31 10
0.214825 -0.951835 -0.218769 37.239475
88440 24 18 38
-0.805245 0.551556 -0.217638 43.655174
90744 24 18 39
-0.830286 0.436940 -0.345989 38.161041
79272 24 19 34
-0.505070 0.851515 0.140808 61.193653
81576 24 19 35
-0.655913 0.754154 0.032089 63.118633
83880 24 19 36
-0.780613 0.617461 -0.096877 62.449375
86184 24 19 37
-0.857227 0.460351 -0.230735 58.944782
88488 24 19 38
-0.882244 0.309794 -0.354504 52.714508
90792 24 19 39
-0.868023 0.184678 -0.460902 44.302231
93096 24 19 40
-0.830433 0.090682 -0.549689 34.667625
74712 24 20 32
-0.270822 0.929079 0.251927 71.848724
77016 24 20 33
-0.472421 0.867235 0.157233 75.984917
79320 24 20 34
-0.682647 0.730534 0.017702 77.694473
81624 24 20 35
-0.839961 0.523397 -0.143254 76.532402
83928 24 20 36
-0.908930 0.301725 -0.287764 72.335258
86232 24 20 37
-0.909352 0.117411 -0.399116 65.277153
88536 24 20 38
-0.875628 -0.015867 -0.482725 55.901142
90840 24 20 39
-0.829340 -0.105619 -0.548671 45.097477
93144 24 20 40
-0.780016 -0.162981 -0.604162 33.988331
67848 24 21 29
0.197183 0.913724 0.355284 71.564781
70152 24 21 30
0.078227 0.934422 0.347472 78.376152
72456 24 21 31
-0.113427 0.945873 0.304070 83.955856
74760 24 21 32
-0.415015 0.890703 0.185504 87.566086
77064 24 21 33
-0.760037 0.648784 -0.037724 88.573662
79368 24 21 34
-0.925018 0.275314 -0.261810 86.581596
81672 24 21 35
-0.919051 -0.008951 -0.394037 81.514099
83976 24 21 36
-0.866880 -0.176410 -0.466260 73.638420
86280 24 21 37
-0.813346 -0.273080 -0.513707 63.542873
88584 24 21 38
-0.765998 -0.329804 -0.551794 52.083241
90888 24 21 39
-0.724316 -0.362391 -0.586548 40.283661
63288 24 22 27
0.522205 0.784730 0.333918 74.542305
65592 24 22 28
0.495352 0.785927 0.370060 80.786270
67896 24 22 29
0.443072 0.802340 0.399923 86.497200
70200 24 22 30
0.321099 0.850724 0.416131 90.970917
72504 24 22 31
-0.164730 0.930600 0.326875 93.491898
74808 24 22 32
-0.947790 -0.027021 -0.317747 93.460503
77112 24 22 33
-0.796275 -0.405455 -0.448947 90.524391
79416 24 22 34
-0.722467 -0.495824 -0.481871 84.670799
81720 24 22 35
-0.682652 -0.530798 -0.502234 76.238632
84024 24 22 36
-0.656057 -0.546318 -0.520698 65.856071
86328 24 22 37
-0.635089 -0.552100 -0.540230 54.345673
88632 24 22 38
-0.616524 -0.551737 -0.561680 42.621914
61032 24 23 26
0.835477 0.485726 0.257000 80.736099
63336 24 23 27
0.879860 0.374018 0.293185 84.811783
65640 24 23 28
0.931600 0.184742 0.313036 88.477951
67944 24 23 29
0.944509 -0.198542 0.261695 91.147339
70248 24 23 30
0.612054 -0.790814 0.001607 92.177223
72552 24 23 31
0.060505 -0.961327 -0.268680 91.010803
74856 24 23 32
-0.213705 -0.899310 -0.381538 87.312363
77160 24 23 33
-0.337521 -0.835556 -0.433503 81.067764
79464 24 23 34
-0.401991 -0.789425 -0.463908 72.611580
81768 24 23 35
-0.439381 -0.755689 -0.485674 62.560963
84072 24 23 36
-0.462131 -0.729270 -0.504579 51.688492
86376 24 23 37
-0.475712 -0.706825 -0.523541 40.793938
40344 24 24 17
0.658033 0.745123 0.108556 66.962585
42648 24 24 18
0.732329 0.672829 0.104858 69.108742
44952 24 24 19
0.794817 0.598092 0.102723 71.164955
47256 24 24 20
0.847580 0.521105 0.100290 73.139793
49560 24 24 21
0.893006 0.439350 0.097530 75.021042
51864 24 24 22
0.932510 0.348452 0.094904 76.800461
54168 24 24 23
0.965668 0.242588 0.092931 78.476913
56472 24 24 24
0.989164 0.114227 0.092233 80.057732
58776 24 24 25
0.994739 -0.045654 0.091707 81.549294
61080 24 24 26
0.966095 -0.243912 0.084657 82.908455
63384 24 24 27
0.878759 -0.473816 0.057285 83.966187
65688 24 24 28
0.714666 -0.699458 -0.003229 84.386772
67992 24 24 29
0.492267 -0.865494 -0.092694 83.713120
70296 24 24 30
0.265447 -0.945357 -0.189312 81.485336
72600 24 24 31
0.076729 -0.958668 -0.273984 77.379707
74904 24 24 32
-0.064198 -0.938114 -0.340323 71.321739
77208 24 24 33
-0.165501 -0.905954 -0.389688 63.540474
79512 24 24 34
-0.238276 -0.872806 -0.425950 54.538773
26568 24 25 11
0.145294 0.948135 0.282719 65.067383
28872 24 25 12
0.263157 0.938186 0.224846 70.376328
31176 24 25 13
0.403466 0.900853 0.160246 74.200829
33480 24 25 14
0.557031 0.824991 0.095430 76.577530
35784 24 25 15
0.705881 0.707066 0.042295 77.767975
38088 24 25 16
0.830021 0.557642 0.010017 78.181183
40392 24 25 17
0.917975 0.396632 -0.002146 78.224121
42696 24 25 18
0.970450 0.241282 -0.003179 78.171410
45000 24 25 19
0.995067 0.099177 -0.002548 78.125313
47304 24 25 20
0.999531 -0.030175 -0.005139 78.064987
49608 24 25 21
0.988527 -0.150579 -0.011816 77.922272
51912 24 25 22
0.963725 -0.265985 -0.022043 77.626480
54216 24 25 23
0.924510 -0.379558 -0.034894 77.117172
56520 24 25 24
0.868457 -0.493353 -0.048829 76.354164
58824 24 25 25
0.792170 -0.607070 -0.062716 75.322777
61128 24 25 26
0.693464 -0.716255 -0.078012 74.004074
63432 24 25 27
0.574566 -0.812442 -0.099058 72.312210
65736 24 25 28
0.443480 -0.886793 -0.130093 70.053810
68040 24 25 29
0.311341 -0.934638 -0.171808 66.958961
70344 24 25 30
0.187967 -0.957015 -0.220887 62.776340
72648 24 25 31
0.079276 -0.958994 -0.272113 57.382957
74952 24 25 32
-0.012744 -0.947124 -0.320615 50.861328
77256 24 25 33
-0.088807 -0.927512 -0.363092 43.515743
19704 24 26 8
-0.126308 0.830043 0.543208 59.526379
22008 24 26 9
-0.060998 0.883751 0.463964 69.332909
24312 24 26 10
0.045768 0.921380 0.385960 77.136497
26616 24 26 11
0.210283 0.931629 0.296392 82.765686
28920 24 26 12
0.444086 0.878643 0.175428 86.166985
31224 24 26 13
0.710770 0.703112 0.020969 87.415344
33528 24 26 14
0.904103 0.410986 -0.116995 86.800392
35832 24 26 15
0.975773 0.114967 -0.186145 84.840843
38136 24 26 16
0.974388 -0.113577 -0.194085 82.168350
40440 24 26 17
0.945354 -0.277023 -0.171939 79.340614
42744 24 26 18
0.907146 -0.395622 -0.143417 76.696297
45048 24 26 19
0.865663 -0.485804 -0.120922 74.328979
47352 24 26 20
0.822543 -0.558340 -0.108071 72.167389
49656 24 26 21
0.777863 -0.619792 -0.103859 70.081306
51960 24 26 22
0.730915 -0.674143 -0.106272 67.944275
54264 24 26 23
0.680292 -0.724107 -0.113452 65.652443
56568 24 26 24
0.623961 -0.771676 -0.123245 63.136436
58872 24 26 25
0.559824 -0.817778 -0.133555 60.373436
15144 24 27 6
-0.243724 0.485229 0.839733 46.473812
17448 24 27 7
-0.253051 0.561923 0.787533 60.631073
19752 24 27 8
-0.239743 0.642936 0.727432 72.994873
22056 24 27 9
-0.175913 0.725348 0.665526 82.452194
24360 24 27 10
0.020227 0.803861 0.594473 88.653168
26664 24 27 11
0.619757 0.699247 0.356308 91.714317
28968 24 27 12
0.979092 -0.063414 -0.193282 91.937599
31272 24 27 13
0.844420 -0.408510 -0.346518 89.740440
33576 24 27 14
0.762322 -0.536516 -0.361960 85.705185
35880 24 27 15
0.718182 -0.608004 -0.338445 80.571281
38184 24 27 16
0.690453 -0.659319 -0.297612 75.102913
40488 24 27 17
0.668022 -0.700532 -0.251002 69.902290
42792 24 27 18
0.645338 -0.734969 -0.208229 65.285370
45096 24 27 19
0.620386 -0.764381 -0.175623 61.287605
47400 24 27 20
0.593060 -0.790123 -0.154873 57.772190
12888 24 28 5
-0.271525 0.123798 0.954436 36.619270
15192 24 28 6
-0.315526 0.117057 0.941669 51.787457
17496 24 28 7
-0.368108 0.078156 0.926492 66.205162
19800 24 28 8
-0.423101 -0.052026 0.904587 77.755157
22104 24 28 9
-0.417406 -0.443821 0.792966 85.299667
24408 24 28 10
-0.096844 -0.965169 0.243043 88.734680
26712 24 28 11
0.198544 -0.963102 -0.181698 88.570374
29016 24 28 12
0.318637 -0.893840 -0.315468 85.513245
31320 24 28 13
0.377217 -0.854692 -0.356663 80.305359
33624 24 28 14
0.412103 -0.836619 -0.360887 73.734200
35928 24 28 15
0.435517 -0.832253 -0.343045 66.619438
12936 24 29 5
-0.293761 -0.221034 0.929972 35.889343
15240 24 29 6
-0.338593 -0.339021 0.877735 49.997013
17544 24 29 7
-0.373449 -0.530919 0.760697 62.717896
19848 24 29 8
-0.350719 -0.779928 0.518372 71.957756
22152 24 29 9
-0.230094 -0.955727 0.183418 76.764236
24456 24 29 10
-0.074721 -0.994002 -0.079849 77.337563
26760 24 29 11
0.051052 -0.972968 -0.225227 74.525368
29064 24 29 12
0.141238 -0.944195 -0.297570 69.316826
31368 24 29 13
0.205775 -0.920800 -0.331336 62.620605
33672 24 29 14
0.253376 -0.905214 -0.341157 55.252525
12984 24 30 5
-0.283938 -0.510938 0.811370 30.440765
15288 24 30 6
-0.304443 -0.659687 0.687115 41.818672
17592 24 30 7
-0.296952 -0.820444 0.488561 51.534893
19896 24 30 8
-0.244787 -0.939522 0.239536 57.829773
22200 24 30 9
-0.159785 -0.987051 0.014130 60.058277
24504 24 30 10
-0.069658 -0.987465 -0.141633 58.649498
26808 24 30 11
0.009924 -0.971994 -0.234794 54.591393
29112 24 30 12
0.075614 -0.954689 -0.287840 48.924179
15336 24 31 6
-0.259296 -0.819756 0.510653 30.285744
17640 24 31 7
-0.237367 -0.919279 0.313980 36.700333
19944 24 31 8
-0.191102 -0.975003 0.113354 40.319466
22248 24 31 9
-0.130621 -0.990102 -0.051353 40.801994
24552 24 31 10
-0.067789 -0.983831 -0.165777 38.650421
79321 25 20 34
-0.834448 0.540207 -0.108964 61.815266
81625 25 20 35
-0.897991 0.388159 -0.207233 58.332352
83929 25 20 36
-0.923680 0.244915 -0.294673 52.811966
63241 25 21 27
-0.051467 0.964387 0.259441 60.086231
65545 25 21 28
-0.153191 0.955449 0.252288 65.596031
67849 25 21 29
-0.287794 0.931314 0.223223 70.590714
70153 25 21 30
-0.454889 0.875336 0.163898 74.517845
72457 25 21 31
-0.638393 0.766605 0.069073 76.812767
74761 25 21 32
-0.800029 0.597625 -0.052892 76.991264
77065 25 21 33
-0.901552 0.394853 -0.176906 74.757210
79369 25 21 34
-0.938416 0.202188 -0.280171 70.087021
81673 25 21 35
-0.932763 0.045494 -0.357608 63.248272
83977 25 21 36
-0.906679 -0.072345 -0.415571 54.751896
86281 25 21 37
-0.872770 -0.158095 -0.461820 45.274052
56377 25 22 24
0.162130 0.962602 0.217051 65.166481
58681 25 22 25
0.126070 0.963708 0.235315 69.835625
60985 25 22 26
0.060543 0.965605 0.252867 74.600151
63289 25 22 27
-0.049193 0.964163 0.260709 79.219093
65593 25 22 28
-0.223484 0.944187 0.242006 83.283310
67897 25 22 29
-0.475882 0.862995 0.169634 86.253975
70201 25 22 30
-0.755191 0.655079 0.023606 87.557701
72505 25 22 31
-0.926097 0.344992 -0.152725 86.702110
74809 25 22 32
-0.955248 0.068035 -0.287875 83.389961
77113 25 22 33
-0.920630 -0.119971 -0.371548 77.611816
79417 25 22 34
-0.874011 -0.239263 -0.422915 69.679535
81721 25 22 35
-0.831152 -0.316043 -0.457496 60.173576
84025 25 22 36
-0.794276 -0.366745 -0.484380 49.828449
86329 25 22 37
-0.762201 -0.400563 -0.508527 39.412037
47209 25 23 20
0.253045 0.949430 0.185879 68.884773
49513 25 23 21
0.276978 0.942859 0.185200 72.587639
51817 25 23 22
0.295461 0.936447 0.189127 76.146744
54121 25 23 23
0.306789 0.931022 0.197682 79.577599
56425 25 23 24
0.305501 0.928386 0.211588 82.858238
58729 25 23 25
0.279001 0.931716 0.232516 85.927551
61033 25 23 26
0.196202 0.945448 0.260062 88.662262
63337 25 23 27
-0.043671 0.959618 0.277897 90.825745
65641 25 23 28
-0.706543 0.692946 0.143604 92.040077
67945 25 23 29
-0.978132 -0.097338 -0.183801 91.832314
70249 25 23 30
-0.863865 -0.393090 -0.314988 89.747917
72553 25 23 31
-0.785594 -0.490347 -0.377362 85.482895
74857 25 23 32
-0.736852 -0.531582 -0.417695 78.992584
77161 25 23 33
-0.703962 -0.552211 -0.446655 70.546799
79465 25 23 34
-0.680348 -0.563679 -0.468395 60.702789
81769 25 23 35
-0.662389 -0.570218 -0.485894 50.192440
84073 25 23 36
-0.647662 -0.573349 -0.501802 39.770863
31129 25 24 13
-0.082555 0.956442 0.280007 57.108215
33433 25 24 14
-0.017962 0.967416 0.252553 62.840408
35737 25 24 15
0.056269 0.971808 0.228959 67.836777
38041 25 24 16
0.137774 0.967592 0.211621 72.163979
40345 25 24 17
0.222718 0.954065 0.200393 75.948608
42649 25 24 18
0.307255 0.931889 0.192814 79.297058
44953 25 24 19
0.389399 0.902039 0.186260 82.260490
47257 25 24 20
0.470185 0.864042 0.179883 84.852638
49561 25 24 21
0.553794 0.814292 0.173901 87.078667
51865 25 24 22
0.647318 0.743732 0.166859 88.933998
54169 25 24 23
0.760892 0.630447 0.153558 90.383759
56473 25 24 24
0.903489 0.411014 0.121552 91.362297
58777 25 24 25
0.994401 -0.101024 0.031009 91.792946
61081 25 24 26
0.576130 -0.806364 -0.133609 91.583641
63385 25 24 27
0.054114 -0.974361 -0.218387 90.583038
65689 25 24 28
-0.200399 -0.944125 -0.261666 88.547287
67993 25 24 29
-0.328893 -0.895117 -0.300989 85.175102
70297 25 24 30
-0.401429 -0.850417 -0.340069 80.210014
72601 25 24 31
-0.445162 -0.812225 -0.376990 73.559181
74905 25 24 32
-0.472566 -0.780247 -0.409751 65.376984
77209 25 24 33
-0.490352 -0.753927 -0.437206 56.080738
26569 25 25 11
-0.280300 0.890793 0.357658 63.547207
28873 25 25 12
-0.231766 0.916800 0.325211 70.718147
31177 25 25 13
-0.163633 0.943450 0.288315 76.666084
33481 25 25 14
-0.066850 0.966337 0.248441 81.249237
35785 25 25 15
0.070852 0.975083 0.210220 84.551010
38089 25 25 16
0.262127 0.948377 0.178523 86.830383
40393 25 25 17
0.508190 0.847527 0.153106 88.393501
42697 25 25 18
0.770639 0.625065 0.124134 89.470314
45001 25 25 19
0.956942 0.279236 0.079306 90.167175
47305 25 25 20
0.994720 -0.100360 0.021457 90.499283
49609 25 25 21
0.909467 -0.414265 -0.035411 90.443062
51913 25 25 22
0.768010 -0.634789 -0.084877 89.953987
54217 25 25 23
0.612816 -0.779823 -0.127802 88.959908
56521 25 25 24
0.459394 -0.872915 -0.164246 87.374695
58825 25 25 25
0.312072 -0.930276 -0.192869 85.134583
61129 25 25 26
0.173876 -0.961077 -0.214704 82.209274
63433 25 25 27
0.049051 -0.970952 -0.234193 78.565331
65737 25 25 28
-0.058544 -0.964814 -0.256332 74.124504
68041 25 25 29
-0.147343 -0.947553 -0.283609 68.775024
70345 25 25 30
-0.218264 -0.923512 -0.315415 62.442249
72649 25 25 31
-0.273717 -0.896143 -0.349295 55.175900
74953 25 25 32
-0.316633 -0.868074 -0.382349 47.204002
22009 25 26 9
-0.492116 0.728021 0.477292 63.506523
24313 25 26 10
-0.494782 0.752916 0.433945 72.608299
26617 25 26 11
-0.490786 0.776118 0.395943 80.147125
28921 25 26 12
-0.479369 0.803055 0.353987 85.860458
31225 25 26 13
-0.453240 0.840682 0.296355 89.593803
33529 25 26 14
-0.374725 0.906599 0.194058 91.413544
35833 25 26 15
0.366705 0.864397 -0.344013 91.645874
38137 25 26 16
0.677691 -0.648186 -0.347261 90.783089
40441 25 26 17
0.579311 -0.779182 -0.239319 89.309639
42745 25 26 18
0.523793 -0.830867 -0.187887 87.555550
45049 25 26 19
0.475728 -0.864611 -0.161650 85.655418
47353 25 26 20
0.428920 -0.890621 -0.151070 83.605988
49657 25 26 21
0.382234 -0.911726 -0.150505 81.345924
51961 25 26 22
0.335081 -0.928973 -0.157259 78.794228
54265 25 26 23
0.286143 -0.942982 -0.170024 75.855865
56569 25 26 24
0.233526 -0.954267 -0.186655 72.441742
58873 25 26 25
0.175760 -0.963058 -0.204030 68.509254
61177 25 26 26
0.112903 -0.968926 -0.220079 64.080116
63481 25 26 27
0.046998 -0.970775 -0.235343 59.209618
65785 25 26 28
-0.018543 -0.967474 -0.252290 53.939789
68089 25 26 29
-0.080269 -0.958583 -0.273268 48.287663
70393 25 26 30
-0.135790 -0.944541 -0.299003 42.281460
17449 25 27 7
-0.599046 0.422641 0.680087 52.547756
19753 25 27 8
-0.665909 0.435447 0.605765 64.684143
22057 25 27 9
-0.734440 0.419731 0.533314 74.909157
24361 25 27 10
-0.811513 0.357555 0.462171 82.748474
26665 25 27 11
-0.905113 0.205582 0.372164 88.057770
28969 25 27 12
-0.969415 -0.143759 0.198917 90.838585
31273 25 27 13
-0.730770 -0.674701 -0.103704 91.227882
33577 25 27 14
-0.283004 -0.915520 -0.285889 89.575737
35881 25 27 15
-0.014078 -0.949728 -0.312761 86.452316
38185 25 27 16
0.122185 -0.950059 -0.287155 82.524109
40489 25 27 17
0.192134 -0.949293 -0.248853 78.366615
42793 25 27 18
0.225303 -0.950570 -0.213673 74.328781
45097 25 27 19
0.236138 -0.953325 -0.188175 70.518639
47401 25 27 20
0.233194 -0.956874 -0.173241 66.887550
49705 25 27 21
0.221853 -0.960631 -0.167240 63.329483
52009 25 27 22
0.205067 -0.964101 -0.168691 59.732052
54313 25 27 23
0.183798 -0.966960 -0.176655 55.988102
56617 25 27 24
0.157668 -0.969127 -0.189562 52.012558
58921 25 27 25
0.125877 -0.970679 -0.204786 47.775063
61225 25 27 26
0.088156 -0.971530 -0.219906 43.315384
63529 25 27 27
0.045405 -0.971117 -0.234245 38.718361
15193 25 28 6
-0.611958 0.072093 0.787598 43.688122
17497 25 28 7
-0.708978 0.028137 0.704669 56.930012
19801 25 28 8
-0.803493 -0.061837 0.592094 68.347572
22105 25 28 9
-0.868529 -0.219005 0.444628 76.852371
24409 25 28 10
-0.857396 -0.444534 0.259349 82.120819
26713 25 28 11
-0.729015 -0.682308 0.054702 84.310646
29017 25 28 12
-0.517807 -0.847199 -0.118870 83.773216
31321 25 28 13
-0.309649 -0.923097 -0.228055 80.962814
33625 25 28 14
-0.147616 -0.948871 -0.279023 76.466225
35929 25 28 15
-0.031679 -0.956619 -0.289615 70.986946
38233 25 28 16
0.048706 -0.960164 -0.275160 65.223381
40537 25 28 17
0.102161 -0.963265 -0.248362 59.708897
42841 25 28 18
0.134715 -0.966206 -0.219769 54.717495
15241 25 29 6
-0.620260 -0.286373 0.730252 41.829285
17545 25 29 7
-0.692149 -0.401558 0.599734 53.483322
19849 25 29 8
-0.724586 -0.544429 0.422578 62.718460
22153 25 29 9
-0.688652 -0.690076 0.222607 68.569099
24457 25 29 10
-0.587698 -0.808038 0.041061 70.952118
26761 25 29 11
-0.454998 -0.885232 -0.096652 70.324799
29065 25 29 12
-0.322876 -0.927161 -0.190063 67.322838
31369 25 29 13
-0.207635 -0.946258 -0.247958 62.604931
33673 25 29 14
-0.113168 -0.954001 -0.277626 56.844910
35977 25 29 15
-0.038037 -0.958039 -0.284103 50.714611
17593 25 30 7
-0.587071 -0.678869 0.441004 43.558140
19897 25 30 8
-0.569238 -0.781962 0.253977 49.956982
22201 25 30 9
-0.508449 -0.857392 0.079735 53.167755
24505 25 30 10
-0.422119 -0.904795 -0.056224 53.326275
26809 25 30 11
-0.329362 -0.932001 -0.151308 51.057465
29113 25 30 12
-0.241827 -0.946245 -0.214805 47.102081
31417 25 30 13
-0.164312 -0.952760 -0.255439 42.139572
19945 25 31 8
-0.451816 -0.880033 0.146304 34.504124
22249 25 31 9
-0.397091 -0.917771 0.003941 35.783451
24553 25 31 10
-0.330847 -0.938072 -0.102765 34.816921
63242 26 21 27
-0.409103 0.897605 0.164132 54.914158
65546 26 21 28
-0.510309 0.849645 0.132998 58.174175
67850 26 21 29
-0.620645 0.779549 0.084278 60.571686
70154 26 21 30
-0.729280 0.683958 0.018763 61.721687
72458 26 21 31
-0.822950 0.565064 -0.058792 61.298695
74762 26 21 32
-0.890858 0.432051 -0.140371 59.105587
77066 26 21 33
-0.929467 0.298012 -0.217440 55.136440
79370 26 21 34
-0.942697 0.174364 -0.284463 49.606697
81674 26 21 35
-0.937875 0.067428 -0.340359 42.923767
56378 26 22 24
-0.284126 0.943368 0.171259 63.800652
58682 26 22 25
-0.357114 0.919848 0.162324 67.319031
60986 26 22 26
-0.456666 0.877940 0.143797 70.457169
63290 26 22 27
-0.579982 0.807335 0.108769 72.974823
65594 26 22 28
-0.713151 0.699138 0.051205 74.545746
67898 26 22 29
-0.832061 0.553985 -0.027835 74.795143
70202 26 22 30
-0.914266 0.387607 -0.117807 73.383331
72506 26 22 31
-0.952898 0.223654 -0.204851 70.098701
74810 26 22 32
-0.956768 0.079887 -0.279666 64.932343
77114 26 22 33
-0.939908 -0.037257 -0.339389 58.117836
79418 26 22 34
-0.913651 -0.129167 -0.385432 50.114128
81722 26 22 35
-0.884605 -0.200129 -0.421215 41.521782
44906 26 23 19
-0.238125 0.949581 0.203944 64.840416
47210 26 23 20
-0.250337 0.949185 0.190732 68.915092
49514 26 23 21
-0.274307 0.944641 0.180024 72.615799
51818 26 23 22
-0.313509 0.934183 0.170336 75.960358
54122 26 23 23
-0.374356 0.913821 0.157443 78.915337
56426 26 23 24
-0.466080 0.874264 0.135764 81.378838
58730 26 23 25
-0.595517 0.797198 0.099175 83.207497
61034 26 23 26
-0.751866 0.658013 0.041420 84.239899
63338 26 23 27
-0.891829 0.450761 -0.038146 84.283112
65642 26 23 28
-0.967737 0.217509 -0.127181 83.094765
67946 26 23 29
-0.977674 0.015358 -0.209564 80.413696
70250 26 23 30
-0.951071 -0.134060 -0.278373 76.044106
72554 26 23 31
-0.912035 -0.238050 -0.333954 69.950729
74858 26 23 32
-0.872124 -0.310196 -0.378389 62.322620
77162 26 23 33
-0.835735 -0.361336 -0.413501 53.581158
79466 26 23 34
-0.804138 -0.398608 -0.440991 44.319393
33434 26 24 14
-0.408476 0.864048 0.294226 58.081696
35738 26 24 15
-0.397778 0.875496 0.274372 64.122063
38042 26 24 16
-0.389679 0.884226 0.257479 69.531525
40346 26 24 17
-0.387857 0.889148 0.242865 74.304230
42650 26 24 18
-0.397087 0.888913 0.228376 78.448044
44954 26 24 19
-0.422765 0.881100 0.211973 81.962059
47258 26 24 20
-0.470806 0.860923 0.192753 84.849564
49562 26 24 21
-0.548300 0.819047 0.168905 87.126724
51866 26 24 22
-0.663114 0.736630 0.132876 88.792641
54170 26 24 23
-0.812775 0.578414 0.069526 89.785522
56474 26 24 24
-0.949596 0.312104 -0.029310 89.982826
58778 26 24 25
-0.990838 -0.006745 -0.134884 89.252319
61082 26 24 26
-0.943088 -0.258534 -0.209152 87.494621
63386 26 24 27
-0.875259 -0.411552 -0.254062 84.633568
65690 26 24 28
-0.819327 -0.496435 -0.286803 80.585152
67994 26 24 29
-0.777878 -0.542409 -0.317331 75.265633
70298 26 24 30
-0.746620 -0.566757 -0.348347 68.653679
72602 26 24 31
-0.721737 -0.579069 -0.379177 60.868050
74906 26 24 32
-0.700994 -0.584806 -0.408179 52.212280
77210 26 24 33
-0.683371 -0.587185 -0.433841 43.159203
26570 26 25 11
-0.585428 0.722482 0.367822 53.816349
28874 26 25 12
-0.596082 0.725500 0.344000 61.597336
31178 26 25 13
-0.610200 0.725742 0.317733 68.617760
33482 26 25 14
-0.629666 0.720504 0.290509 74.608040
35786 26 25 15
-0.657841 0.704883 0.265301 79.476463
38090 26 25 16
-0.700758 0.670333 0.244115 83.291931
40394 26 25 17
-0.767097 0.600917 0.224635 86.196930
42698 26 25 18
-0.862083 0.466962 0.196875 88.316154
45002 26 25 19
-0.963042 0.227968 0.143457 89.719017
47306 26 25 20
-0.992556 -0.107902 0.056485 90.438377
49610 26 25 21
-0.906624 -0.420244 -0.037784 90.492828
51914 26 25 22
-0.776398 -0.620070 -0.112781 89.870567
54218 26 25 23
-0.666537 -0.725930 -0.169569 88.500412
56522 26 25 24
-0.591765 -0.777180 -0.214024 86.268623
58826 26 25 25
-0.547893 -0.799080 -0.247555 83.085220
61130 26 25 26
-0.527090 -0.805288 -0.271453 78.936157
63434 26 25 27
-0.521422 -0.802686 -0.289507 73.873199
65738 26 25 28
-0.524074 -0.794581 -0.306575 67.968201
68042 26 25 29
-0.530047 -0.782735 -0.326154 61.293518
70346 26 25 30
-0.536242 -0.768397 -0.349300 53.952442
72650 26 25 31
-0.541110 -0.752683 -0.375058 46.131046
24314 26 26 10
-0.752658 0.527505 0.394011 59.294762
26618 26 26 11
-0.789544 0.497945 0.358707 67.332146
28922 26 26 12
-0.834597 0.449137 0.318942 74.197784
31226 26 26 13
-0.889254 0.369777 0.269245 79.584770
33530 26 26 14
-0.948581 0.239703 0.206727 83.361725
35834 26 26 15
-0.990769 0.033827 0.131275 85.628883
38138 26 26 16
-0.967721 -0.247251 0.048819 86.660675
40442 26 26 17
-0.847599 -0.530077 -0.024388 86.773972
42746 26 26 18
-0.682142 -0.727329 -0.075334 86.210197
45050 26 26 19
-0.540577 -0.834370 -0.107721 85.096985
47354 26 26 20
-0.442102 -0.887485 -0.130065 83.482445
49658 26 26 21
-0.378470 -0.913668 -0.148227 81.377541
51962 26 26 22
-0.338635 -0.926030 -0.166714 78.759209
54266 26 26 23
-0.315414 -0.930044 -0.188500 75.557487
56570 26 26 24
-0.305157 -0.928095 -0.213353 71.681084
58874 26 26 25
-0.305948 -0.921753 -0.238258 67.084061
61178 26 26 26
-0.315996 -0.912370 -0.260245 61.815090
63482 26 26 27
-0.332834 -0.900832 -0.278790 56.004608
65786 26 26 28
-0.353435 -0.887452 -0.295824 49.811008
68090 26 26 29
-0.374893 -0.872267 -0.314014 43.381866
19754 26 27 8
-0.822946 0.289692 0.488710 49.701553
22058 26 27 9
-0.874472 0.246964 0.417502 59.043911
24362 26 27 10
-0.920168 0.173921 0.350775 67.027992
26666 26 27 11
-0.957823 0.063904 0.280164 73.369217
28970 26 27 12
-0.976603 -0.089394 0.195588 77.859123
31274 26 27 13
-0.954443 -0.283013 0.094561 80.398193
33578 26 27 14
-0.870978 -0.491241 -0.008873 81.087975
35882 26 27 15
-0.735020 -0.672044 -0.090008 80.255104
38186 26 27 16
-0.584834 -0.799698 -0.135840 78.358353
40490 26 27 17
-0.454605 -0.877390 -0.153369 75.834435
42794 26 27 18
-0.357231 -0.920717 -0.157057 72.980675
45098 26 27 19
-0.290758 -0.943747 -0.157484 69.933487
47402 26 27 20
-0.247881 -0.955612 -0.159248 66.723091
49706 26 27 21
-0.221276 -0.961341 -0.163892 63.333984
52010 26 27 22
-0.205681 -0.963260 -0.172703 59.724548
54314 26 27 23
-0.198208 -0.962182 -0.186870 55.825809
56618 26 27 24
-0.197763 -0.958362 -0.205989 51.565784
58922 26 27 25
-0.204091 -0.952132 -0.227577 46.922943
61226 26 27 26
-0.216860 -0.944028 -0.248560 41.963352
63530 26 27 27
-0.235055 -0.934508 -0.267289 36.826160
17498 26 28 7
-0.833750 0.002244 0.552137 42.429726
19802 26 28 8
-0.892815 -0.061131 0.446256 52.106335
22106 26 28 9
-0.928236 -0.153541 0.338825 60.083008
24410 26 28 10
-0.932920 -0.274443 0.233113 65.962128
26714 26 28 11
-0.900468 -0.415587 0.128237 69.650398
29018 26 28 12
-0.827996 -0.560143 0.025735 71.196541
31322 26 28 13
-0.722405 -0.688353 -0.065576 70.765526
33626 26 28 14
-0.600970 -0.787928 -0.134182 68.685829
35930 26 28 15
-0.482665 -0.858239 -0.174529 65.442528
38234 26 28 16
-0.380209 -0.905206 -0.189847 61.572315
40538 26 28 17
-0.299007 -0.935361 -0.188932 57.521217
42842 26 28 18
-0.239348 -0.953844 -0.181365 53.555031
45146 26 28 19
-0.198442 -0.964556 -0.173934 49.764671
17546 26 29 7
-0.818135 -0.311329 0.483457 39.536678
19850 26 29 8
-0.847374 -0.398744 0.350657 47.417068
22154 26 29 9
-0.839585 -0.496714 0.219935 53.149345
24458 26 29 10
-0.795329 -0.597447 0.102510 56.494335
26762 26 29 11
-0.722287 -0.691589 0.002554 57.585758
29066 26 29 12
-0.631550 -0.771247 -0.079517 56.715607
31370 26 29 13
-0.534494 -0.833015 -0.142833 54.252365
33674 26 29 14
-0.440433 -0.878361 -0.185743 50.646416
35978 26 29 15
-0.355583 -0.911194 -0.208054 46.408596
19898 26 30 8
-0.736602 -0.629705 0.246756 37.432747
22202 26 30 9
-0.703080 -0.701293 0.117761 40.839733
24506 26 30 10
-0.645173 -0.763952 0.011358 42.073433
26810 26 30 11
-0.573161 -0.816319 -0.071475 41.427460
29114 26 30 12
-0.495950 -0.857868 -0.134524 39.322128
67851 27 21 29
-0.781562 0.623804 -0.005434 45.156349
72459 27 21 31
-0.889213 0.441726 -0.119072 42.604111
58683 27 22 25
-0.663111 0.743622 0.085498 56.050472
60987 27 22 26
-0.732130 0.679213 0.051540 57.550110
63291 27 22 27
-0.802613 0.596433 0.008961 58.220467
65595 27 22 28
-0.866029 0.498204 -0.042261 57.874065
67899 27 22 29
-0.915003 0.390837 -0.100083 56.333321
70203 27 22 30
-0.945914 0.281887 -0.160579 53.485233
72507 27 22 31
-0.959242 0.177892 -0.219565 49.338123
74811 27 22 32
-0.958173 0.083196 -0.273828 44.054008
77115 27 22 33
-0.946935 -0.000100 -0.321424 37.947269
44907 27 23 19
-0.584160 0.790994 0.181894 55.729633
47211 27 23 20
-0.614441 0.772699 0.159367 59.408535
49515 27 23 21
-0.651347 0.746064 0.138332 62.607380
51819 27 23 22
-0.695527 0.709001 0.116442 65.325066
54123 27 23 23
-0.747498 0.658257 0.089133 67.496040
56427 27 23 24
-0.806072 0.589468 0.052680 68.977264
58731 27 23 25
-0.866484 0.499159 0.006818 69.597397
61035 27 23 26
-0.920282 0.388595 -0.045554 69.213196
63339 27 23 27
-0.958651 0.266145 -0.100767 67.721916
65643 27 23 28
-0.977124 0.144419 -0.156118 65.044579
67947 27 23 29
-0.977143 0.034090 -0.209832 61.130779
70251 27 23 30
-0.963626 -0.059747 -0.260490 56.001461
72555 27 23 31
-0.941851 -0.136846 -0.306904 49.799980
74859 27 23 32
-0.915983 -0.199369 -0.348176 42.815228
77163 27 23 33
-0.888957 -0.250055 -0.383703 35.460945
35739 27 24 15
-0.676723 0.685834 0.267728 52.339176
38043 27 24 16
-0.700418 0.670976 0.243323 57.810303
40347 27 24 17
-0.729469 0.648550 0.217388 62.694515
42651 27 24 18
-0.764385 0.616532 0.188690 66.907951
44955 27 24 19
-0.804548 0.572751 0.157032 70.393845
47259 27 24 20
-0.848095 0.515245 0.123521 73.135918
49563 27 24 21
-0.892352 0.442563 0.088571 75.151527
51867 27 24 22
-0.933984 0.353849 0.049642 76.441383
54171 27 24 23
-0.968389 0.249430 0.002605 76.932747
56475 27 24 24
-0.989725 0.132685 -0.053276 76.482307
58779 27 24 25
-0.993576 0.011734 -0.112556 74.947792
61083 27 24 26
-0.980547 -0.102375 -0.167471 72.260712
63387 27 24 27
-0.955990 -0.200596 -0.214114 68.438995
65691 27 24 28
-0.926144 -0.279093 -0.253701 63.552826
67995 27 24 29
-0.895300 -0.338681 -0.289365 57.702328
70299 27 24 30
-0.865517 -0.382613 -0.323247 51.035557
72603 27 24 31
-0.837498 -0.414721 -0.355813 43.784290
31179 27 25 13
-0.803465 0.516269 0.296498 53.153610
33483 27 25 14
-0.835978 0.480033 0.265911 59.247402
35787 27 25 15
-0.871573 0.430953 0.233752 64.550232
38091 27 25 16
-0.908736 0.366270 0.200114 68.979172
40395 27 25 17
-0.944655 0.284387 0.163555 72.520142
42699 27 25 18
-0.974869 0.186138 0.122409 75.179245
45003 27 25 19
-0.994134 0.075780 0.077170 76.967308
47307 27 25 20
-0.998737 -0.039608 0.030902 77.912590
49611 27 25 21
-0.988208 -0.152482 -0.013934 78.057999
51915 27 25 22
-0.964683 -0.256870 -0.058354 77.417717
54219 27 25 23
-0.931378 -0.348606 -0.104927 75.932724
56523 27 25 24
-0.892134 -0.424965 -0.153301 73.489059
58827 27 25 25
-0.851507 -0.485009 -0.199253 70.001106
61131 27 25 26
-0.813890 -0.529854 -0.238406 65.487785
63435 27 25 27
-0.781980 -0.561894 -0.269781 60.079151
65739 27 25 28
-0.756213 -0.583654 -0.295786 53.965996
68043 27 25 29
-0.735488 -0.597287 -0.319853 47.352703
70347 27 25 30
-0.718226 -0.604634 -0.344339 40.450165
26619 27 26 11
-0.886797 0.334955 0.318427 49.025364
28923 27 26 12
-0.918630 0.277752 0.281022 55.553543
31227 27 26 13
-0.949768 0.203390 0.237853 61.212894
33531 27 26 14
-0.975660 0.109378 0.190063 65.770515
35835 27 26 15
-0.990068 -0.004014 0.140534 69.156975
38139 27 26 16
-0.987067 -0.131278 0.092008 71.441818
40443 27 26 17
-0.964153 -0.261344 0.045923 72.753677
42747 27 26 18
-0.924431 -0.381338 0.002897 73.207886
45051 27 26 19
-0.875228 -0.482365 -0.036054 72.885612
47355 27 26 20
-0.824050 -0.562198 -0.069827 71.853020
49659 27 26 21
-0.775690 -0.623285 -0.099103 70.169655
51963 27 26 22
-0.732104 -0.669233 -0.127083 67.859970
54267 27 26 23
-0.693784 -0.702788 -0.157329 64.884666
56571 27 26 24
-0.661008 -0.725757 -0.190644 61.167568
58875 27 26 25
-0.634291 -0.739805 -0.224418 56.675457
61179 27 26 26
-0.614092 -0.746892 -0.255036 51.484489
63483 27 26 27
-0.600225 -0.748947 -0.280729 45.778633
65787 27 26 28
-0.591619 -0.747351 -0.302413 39.792030
26667 27 27 11
-0.968131 0.021092 0.249555 52.993275
28971 27 27 12
-0.978239 -0.076463 0.192877 57.831898
31275 27 27 13
-0.973033 -0.189484 0.131538 61.365124
33579 27 27 14
-0.947556 -0.311790 0.070170 63.521606
35883 27 27 15
-0.900992 -0.433558 0.015530 64.409424
38187 27 27 16
-0.838603 -0.544028 -0.027904 64.259804
40491 27 27 17
-0.769818 -0.635415 -0.060240 63.323132
42795 27 27 18
-0.703926 -0.705212 -0.084643 61.789528
45099 27 27 19
-0.646718 -0.755575 -0.104221 59.774765
47403 27 27 20
-0.599888 -0.790914 -0.120787 57.351135
49707 27 27 21
-0.562471 -0.815555 -0.136000 54.569889
52011 27 27 22
-0.532662 -0.832479 -0.152478 51.449703
54315 27 27 23
-0.509001 -0.843221 -0.172905 47.962078
56619 27 27 24
-0.490770 -0.848496 -0.197989 44.057922
58923 27 27 25
-0.477814 -0.848977 -0.225681 39.731247
61227 27 27 26
-0.470123 -0.845671 -0.252637 35.067837
22107 27 28 9
-0.947953 -0.124960 0.292864 40.713089
24411 27 28 10
-0.953274 -0.206505 0.220510 45.933723
26715 27 28 11
-0.941439 -0.301033 0.151894 49.881241
29019 27 28 12
-0.911361 -0.402831 0.084548 52.436409
31323 27 28 13
-0.863092 -0.504635 0.020420 53.568741
33627 27 28 14
-0.799760 -0.599298 -0.035010 53.389511
35931 27 28 15
-0.727768 -0.681508 -0.076814 52.155582
38235 27 28 16
-0.654914 -0.748503 -0.104078 50.195499
40539 27 28 17
-0.588033 -0.799871 -0.120102 47.805416
42843 27 28 18
-0.531448 -0.837076 -0.129871 45.182957
24459 27 29 10
-0.876688 -0.462877 0.131010 38.994785
26763 27 29 11
-0.837796 -0.542830 0.058600 40.872593
29067 27 29 12
-0.784580 -0.620003 -0.005499 41.398216
31371 27 29 13
-0.721296 -0.689985 -0.060439 40.708992
33675 27 29 14
-0.652895 -0.750365 -0.103348 39.039066
44956 28 24 19
-0.913024 0.389905 0.119837 52.081409
47260 28 24 20
-0.936313 0.340209 0.087032 54.306255
49564 28 24 21
-0.956978 0.284775 0.055649 55.849644
51868 28 24 22
-0.974327 0.223930 0.023279 56.711700
54172 28 24 23
-0.987335 0.158045 -0.013851 56.825485
56476 28 24 24
-0.994466 0.088026 -0.057351 56.062988
58780 28 24 25
-0.994371 0.015848 -0.104765 54.309231
61084 28 24 26
-0.986912 -0.055424 -0.151439 51.540146
63388 28 24 27
-0.973334 -0.122361 -0.194031 47.841362
40396 28 25 17
-0.974688 0.175810 0.138109 52.597179
42700 28 25 18
-0.988831 0.110331 0.100198 55.150181
45004 28 25 19
-0.997172 0.042476 0.062001 56.890606
47308 28 25 20
-0.999341 -0.025675 0.025661 57.830082
49612 28 25 21
-0.995680 -0.092477 -0.008292 58.014568
51916 28 25 22
-0.986728 -0.156794 -0.042234 57.470036
54220 28 25 23
-0.972773 -0.217642 -0.079650 56.154808
56524 28 25 24
-0.954039 -0.273879 -0.121654 53.977009
58828 28 25 25
-0.931340 -0.324345 -0.165551 50.875942
38140 28 26 16
-0.990081 -0.095966 0.102621 50.809250
40444 28 26 17
-0.982254 -0.176063 0.064644 52.592396
42748 28 26 18
-0.967334 -0.252003 0.027542 53.576221
45052 28 26 19
-0.947091 -0.320877 -0.007516 53.785809
47356 28 26 20
-0.923565 -0.381445 -0.039087 53.276707
49660 28 26 21
-0.898462 -0.433846 -0.067405 52.122952
51964 28 26 22
-0.872784 -0.478730 -0.095211 50.372112
54268 28 26 23
-0.846938 -0.516549 -0.125988 48.010006
56572 28 26 24
-0.821197 -0.547461 -0.161002 44.984573
42796 28 27 18
-0.846545 -0.530921 -0.038526 45.078159
45100 28 27 19
-0.811272 -0.581140 -0.064144 44.008560
