2.000000
36 36 36
19.242097 23.902694 64.609707
-16.757902 -12.097306 28.609707
68.522654 2890.191019 888.139285
21569 5 23 16
0.975173 0.154036 0.159092 24.360390
21605 5 24 16
0.952612 -0.276117 0.127632 23.820587
33090 6 19 25
0.873380 0.467180 -0.137662 46.966850
31830 6 20 24
0.968918 0.088033 0.231190 50.891865
33126 6 20 25
0.984873 0.116956 -0.127856 51.904999
34422 6 20 26
0.875623 0.133867 -0.464073 46.979187
33162 6 21 25
0.961937 -0.254856 -0.098620 50.643326
34458 6 21 26
0.878888 -0.219639 -0.423455 46.231159
20274 6 23 15
0.774107 0.171737 0.609315 28.881758
21570 6 23 16
0.948878 0.152909 0.276135 33.311966
22866 6 23 17
0.992828 0.095531 -0.071877 34.252300
20310 6 24 15
0.768741 -0.261731 0.583553 28.484259
21606 6 24 16
0.918039 -0.321475 0.232074 32.498638
22902 6 24 17
0.937128 -0.330672 -0.111565 32.988243
21642 6 25 16
0.744989 -0.647232 0.161498 27.345745
31759 7 18 24
0.664138 0.741960 0.091738 49.540230
33055 7 18 25
0.608092 0.770136 -0.192650 48.680614
31795 7 19 24
0.825482 0.542340 0.156357 61.085140
33091 7 19 25
0.767640 0.593615 -0.241556 60.492302
34387 7 19 26
0.633099 0.534360 -0.560039 53.791489
31831 7 20 24
0.964105 0.149430 0.219480 66.856705
33127 7 20 25
0.942785 0.195172 -0.270304 66.702827
34423 7 20 26
0.733033 0.189756 -0.653189 59.719303
35719 7 20 27
0.566526 0.166739 -0.806998 48.230858
31867 7 21 24
0.935180 -0.281554 0.214862 65.635727
33163 7 21 25
0.924595 -0.305053 -0.228182 65.771439
34459 7 21 26
0.746727 -0.246348 -0.617827 59.254715
35755 7 21 27
0.578346 -0.177264 -0.796300 48.161358
25423 7 22 19
0.985689 0.111333 -0.126577 40.794460
33199 7 22 25
0.788285 -0.590547 -0.172802 58.349796
34495 7 22 26
0.673789 -0.551180 -0.492148 52.699982
37087 7 22 28
0.476735 -0.391659 -0.786973 32.107414
38383 7 22 29
0.448488 -0.337532 -0.827606 22.217896
22867 7 23 17
0.998666 0.047069 0.021246 45.657894
24163 7 23 18
0.979573 -0.018882 -0.200199 44.286922
25459 7 23 19
0.968462 -0.084177 -0.234510 41.116203
20311 7 24 15
0.708000 -0.268439 0.653205 36.190140
21607 7 24 16
0.876576 -0.349467 0.330889 41.981915
22903 7 24 17
0.926493 -0.375344 -0.026965 43.664711
24199 7 24 18
0.904959 -0.356894 -0.231680 41.787025
25495 7 24 19
0.901898 -0.337922 -0.269050 38.195850
21643 7 25 16
0.704116 -0.669593 0.236357 35.620285
31760 8 18 24
0.577411 0.816442 0.004382 60.875523
33056 8 18 25
0.494818 0.823233 -0.278285 58.453297
31796 8 19 24
0.736024 0.674829 0.053618 73.327980
33092 8 19 25
0.596931 0.693923 -0.402671 70.867981
34388 8 19 26
0.442615 0.567312 -0.694441 62.419430
31832 8 20 24
0.960046 0.245386 0.134529 79.530167
33128 8 20 25
0.776881 0.288735 -0.559543 77.364243
34424 8 20 26
0.462122 0.215219 -0.860305 68.386711
39608 8 20 30
0.370194 0.114304 -0.921895 19.490566
31868 8 21 24
0.923658 -0.355891 0.142119 78.703400
33164 8 21 25
0.772758 -0.374476 -0.512457 76.795639
34460 8 21 26
0.464504 -0.257587 -0.847281 68.090195
35756 8 21 27
0.321721 -0.180680 -0.929435 55.065529
38348 8 21 29
0.318839 -0.115234 -0.940778 29.079874
39644 8 21 30
0.394750 -0.081752 -0.915144 19.658611
31904 8 22 24
0.774779 -0.628839 0.065419 71.797760
33200 8 22 25
0.633485 -0.683622 -0.362434 69.713264
34496 8 22 26
0.442915 -0.587422 -0.677320 61.720718
35792 8 22 27
0.326855 -0.476315 -0.816266 49.921455
37088 8 22 28
0.294865 -0.400703 -0.867463 37.385590
38384 8 22 29
0.333308 -0.348700 -0.875964 26.447670
25460 8 23 19
0.972325 -0.128184 -0.195329 55.308430
34532 8 23 26
0.421924 -0.739723 -0.524204 50.733635
35828 8 23 27
0.332116 -0.665388 -0.668549 40.828266
37124 8 23 28
0.305172 -0.598612 -0.740630 30.505762
21608 8 24 16
0.844865 -0.368410 0.387915 52.837090
25496 8 24 19
0.904508 -0.370625 -0.210954 51.523647
26792 8 24 20
0.920894 -0.366803 -0.131946 48.746300
21644 8 25 16
0.682678 -0.670759 0.289884 45.098335
26828 8 25 20
0.837129 -0.530576 -0.133056 41.510395
31761 9 18 24
0.502116 0.857178 -0.114569 70.322388
33057 9 18 25
0.416704 0.826956 -0.377495 66.225677
30501 9 19 23
0.755515 0.610092 0.238717 81.094597
31797 9 19 24
0.613949 0.775807 -0.145566 81.973785
33093 9 19 25
0.407827 0.692649 -0.594907 77.486198
34389 9 19 26
0.288761 0.510377 -0.810020 67.797539
38277 9 19 29
0.295803 0.265630 -0.917574 30.285925
39573 9 19 30
0.319564 0.271755 -0.907760 20.782001
29241 9 20 22
0.882457 0.069149 0.465283 80.311722
30537 9 20 23
0.884055 0.174490 0.433590 85.699875
31833 9 20 24
0.908356 0.373765 -0.187588 87.414124
33129 9 20 25
0.391065 0.277515 -0.877527 82.976547
34425 9 20 26
0.186332 0.162324 -0.968985 72.561043
38313 9 20 29
0.266357 0.094436 -0.959237 32.382706
39609 9 20 30
0.357069 0.141824 -0.923249 22.699186
31869 9 21 24
0.848969 -0.506391 -0.151059 86.799545
33165 9 21 25
0.360696 -0.377127 -0.853038 82.453979
34461 9 21 26
0.148511 -0.238173 -0.959801 72.033524
31905 9 22 24
0.653602 -0.740770 -0.155124 81.089355
33201 9 22 25
0.361010 -0.696011 -0.620677 76.418373
34497 9 22 26
0.186873 -0.547813 -0.815462 66.370155
35793 9 22 27
0.147896 -0.450301 -0.880543 53.420586
31941 9 23 24
0.586520 -0.782109 -0.210474 71.169456
33237 9 23 25
0.375213 -0.791485 -0.482460 65.692261
34533 9 23 26
0.236246 -0.719546 -0.653024 56.219948
35829 9 23 27
0.191726 -0.648863 -0.736354 44.831383
26793 9 24 20
0.919257 -0.381616 -0.096620 63.467701
35865 9 24 27
0.218860 -0.765283 -0.605345 33.812950
21645 9 25 16
0.656871 -0.683987 0.317304 55.990749
26829 9 25 20
0.822790 -0.561682 -0.086777 55.529930
28125 9 25 21
0.818201 -0.567934 -0.089425 54.056458
20026 10 16 15
0.553777 0.686258 0.471573 48.085049
21322 10 16 16
0.602064 0.770426 0.209673 54.390114
20062 10 17 15
0.667139 0.431733 0.607069 58.439892
21358 10 17 16
0.764503 0.552727 0.331705 67.260033
21394 10 18 16
0.857218 0.254806 0.447494 74.740234
22690 10 18 17
0.922462 0.347562 0.168119 80.242622
36946 10 18 28
0.359267 0.414864 -0.835952 41.393505
38242 10 18 29
0.324190 0.369738 -0.870744 30.204336
39538 10 18 30
0.283628 0.372475 -0.883639 20.564484
26614 10 19 20
0.980199 0.197986 -0.003360 84.770866
27910 10 19 21
0.944963 0.299193 0.132397 85.508636
29206 10 19 22
0.851259 0.481789 0.207935 87.408119
30502 10 19 23
0.701996 0.711034 0.040407 88.790359
31798 10 19 24
0.484303 0.771806 -0.412026 87.345772
33094 10 19 25
0.314015 0.574141 -0.756146 81.511543
38278 10 19 29
0.309684 0.225012 -0.923832 33.766335
39574 10 19 30
0.325007 0.291263 -0.899742 23.802317
26650 10 20 20
0.994895 -0.099250 0.018236 85.217674
27946 10 20 21
0.965277 -0.083851 0.247405 86.524132
29242 10 20 22
0.906854 -0.000132 0.421444 89.511497
30538 10 20 23
0.945036 0.181912 0.271690 92.012558
31834 10 20 24
0.544337 0.301554 -0.782791 91.142067
33130 10 20 25
0.146293 0.129943 -0.980670 85.084137
25390 10 21 19
0.982324 -0.085686 -0.166426 84.775017
26686 10 21 20
0.986835 -0.161661 -0.004820 83.623764
27982 10 21 21
0.938642 -0.201878 0.279637 84.956978
29278 10 21 22
0.856067 -0.244557 0.455348 88.338120
30574 10 21 23
0.857932 -0.421267 0.294085 91.211449
31870 10 21 24
0.436751 -0.537872 -0.721070 90.416420
24130 10 22 18
0.984566 0.023639 -0.173411 86.810387
25426 10 22 19
0.969000 -0.047446 -0.242461 84.079887
31906 10 22 24
0.417522 -0.738934 -0.528821 86.149208
33202 10 22 25
0.134261 -0.590774 -0.795588 79.212120
34498 10 22 26
0.076525 -0.486471 -0.870339 68.048508
22870 10 23 17
0.984205 -0.139497 0.109003 87.081535
24166 10 23 18
0.963090 -0.166462 -0.211536 86.170921
25462 10 23 19
0.954987 -0.162766 -0.248006 83.038177
30646 10 23 23
0.719966 -0.675701 -0.158356 82.014626
31942 10 23 24
0.415890 -0.779096 -0.469090 78.180908
33238 10 23 25
0.202914 -0.733086 -0.649162 70.121620
34534 10 23 26
0.129812 -0.672891 -0.728263 59.073536
35830 10 23 27
0.167050 -0.638837 -0.750988 47.403160
22906 10 24 17
0.846461 -0.525504 0.085731 82.432137
30682 10 24 23
0.613696 -0.731085 -0.298147 72.549202
31978 10 24 24
0.390832 -0.798167 -0.458453 66.283554
33274 10 24 25
0.231551 -0.796129 -0.559073 57.203438
34570 10 24 26
0.160715 -0.776523 -0.609248 46.726528
35866 10 24 27
0.179946 -0.768395 -0.614157 36.717983
21646 10 25 16
0.603019 -0.727221 0.327897 67.567970
22942 10 25 17
0.641682 -0.761248 0.093518 71.439262
26830 10 25 20
0.793091 -0.606378 -0.057549 69.517395
28126 10 25 21
0.775800 -0.620936 -0.112130 68.195312
29422 10 25 22
0.680483 -0.692845 -0.238556 65.179733
30718 10 25 23
0.523370 -0.766616 -0.371999 59.552223
26866 10 26 20
0.669718 -0.741930 -0.031904 57.231564
28162 10 26 21
0.658271 -0.738742 -0.144707 55.666733
20027 11 16 15
0.285670 0.791326 0.540552 55.812801
21323 11 16 16
0.316056 0.910895 0.265291 63.396637
20063 11 17 15
0.391865 0.552271 0.735825 68.219009
21359 11 17 16
0.474333 0.754571 0.453465 78.420464
26543 11 17 20
0.397271 0.904737 -0.153710 77.736290
27839 11 17 21
0.351463 0.927879 -0.124559 75.392593
35615 11 17 27
0.384934 0.692735 -0.609872 50.039024
20099 11 18 15
0.467049 0.222276 0.855838 74.955627
21395 11 18 16
0.633314 0.386954 0.670209 86.994362
22691 11 18 17
0.765773 0.582857 0.271790 92.822762
23987 11 18 18
0.737381 0.668966 -0.093559 93.577881
25283 11 18 19
0.669310 0.708563 -0.223522 91.719673
26579 11 18 20
0.605406 0.770937 -0.197837 89.430138
27875 11 18 21
0.517289 0.847492 -0.119034 87.793152
29171 11 18 22
0.416615 0.905372 -0.082055 86.794907
30467 11 18 23
0.352734 0.924986 -0.141347 85.625847
31763 11 18 24
0.351767 0.886913 -0.299407 83.060165
33059 11 18 25
0.391774 0.767083 -0.508032 77.964981
34355 11 18 26
0.420731 0.594545 -0.685202 69.823288
35651 11 18 27
0.410467 0.445750 -0.795502 58.995499
36947 11 18 28
0.367859 0.361366 -0.856793 46.617466
21431 11 19 16
0.661763 0.041583 0.748559 89.525932
22727 11 19 17
0.909140 0.088742 0.406927 96.052620
24023 11 19 18
0.988180 0.122348 -0.092367 97.262642
25319 11 19 19
0.939698 0.140010 -0.312035 95.686317
26615 11 19 20
0.944134 0.220328 -0.245083 93.842064
27911 11 19 21
0.905085 0.424210 -0.029444 93.082375
29207 11 19 22
0.729786 0.681219 0.057898 93.266884
30503 11 19 23
0.538847 0.820452 -0.191056 93.064209
31799 11 19 24
0.417332 0.684644 -0.597576 90.690094
33095 11 19 25
0.374924 0.424347 -0.824234 84.849266
21467 11 20 16
0.660696 0.002538 0.750649 89.486984
22763 11 20 17
0.909776 -0.076283 0.408031 95.786476
24059 11 20 18
0.966186 -0.206735 -0.154093 96.677711
25355 11 20 19
0.886384 -0.303807 -0.349319 94.852074
26651 11 20 20
0.917830 -0.355199 -0.177264 93.167625
27947 11 20 21
0.937504 -0.292380 0.188679 93.149696
24095 11 21 18
0.951833 -0.042114 -0.303712 95.721886
25391 11 21 19
0.888859 -0.177039 -0.422595 93.156799
20243 11 22 15
0.567195 0.181311 0.803378 81.795616
21539 11 22 16
0.732755 0.209931 0.647301 92.929871
22835 11 22 17
0.966461 0.210004 0.147820 97.309685
24131 11 22 18
0.915082 0.110507 -0.387832 96.148094
25427 11 22 19
0.904648 0.048870 -0.423348 92.873528
18983 11 23 14
0.544516 0.028741 0.838258 68.031883
20279 11 23 15
0.617074 -0.014437 0.786773 83.614395
21575 11 23 16
0.800171 -0.075925 0.594947 94.109818
22871 11 23 17
0.987262 -0.142716 0.070319 97.864426
24167 11 23 18
0.928132 -0.127388 -0.349777 96.318741
25463 11 23 19
0.938211 -0.071563 -0.338585 93.026810
30647 11 23 23
0.556387 -0.671457 -0.489468 88.414879
31943 11 23 24
0.228338 -0.702163 -0.674410 82.145020
33239 11 23 25
0.113482 -0.676600 -0.727554 72.405045
34535 11 23 26
0.131074 -0.667685 -0.732814 61.031494
21611 11 24 16
0.698375 -0.544972 0.463981 89.898674
22907 11 24 17
0.775244 -0.626921 0.077245 93.595161
24203 11 24 18
0.808886 -0.559345 -0.181209 92.722778
29387 11 24 22
0.703201 -0.636368 -0.317086 85.786591
30683 11 24 23
0.416070 -0.745975 -0.520008 80.290138
31979 11 24 24
0.206076 -0.764415 -0.610903 71.357048
33275 11 24 25
0.111042 -0.764343 -0.635176 60.254631
34571 11 24 26
0.109789 -0.777075 -0.619759 49.006317
21647 11 25 16
0.511628 -0.794165 0.327930 78.269890
22943 11 25 17
0.542596 -0.832908 0.108871 82.244629
24239 11 25 18
0.606993 -0.794522 -0.017167 82.858444
28127 11 25 21
0.689063 -0.701188 -0.183104 80.243561
29423 11 25 22
0.529678 -0.756642 -0.383320 75.750282
30719 11 25 23
0.335889 -0.782666 -0.524035 67.641350
32015 11 25 24
0.189783 -0.791144 -0.581441 56.897903
22979 11 26 17
0.411352 -0.900665 0.139975 64.974174
26867 11 26 20
0.584212 -0.811303 -0.022009 69.076195
28163 11 26 21
0.547779 -0.812514 -0.199397 67.141792
29459 11 26 22
0.432875 -0.809719 -0.396200 61.403084
26903 11 27 20
0.490344 -0.871529 -0.000297 52.725334
28199 11 27 21
0.465835 -0.863512 -0.193248 50.932701
28235 11 28 21
0.419033 -0.890295 -0.178286 34.749977
20028 12 16 15
0.035406 0.841110 0.539704 58.665581
21324 12 16 16
0.002233 0.962580 0.270989 66.341057
26508 12 16 20
-0.035178 0.988311 -0.148336 62.848457
27804 12 16 21
-0.030940 0.990555 -0.133577 60.061031
20064 12 17 15
0.085306 0.647009 0.757696 72.265518
21360 12 17 16
0.029754 0.877950 0.477828 82.300819
22656 12 17 17
-0.020828 0.993926 0.108064 86.466934
23952 12 17 18
-0.050305 0.990752 -0.126012 86.099487
25248 12 17 19
-0.066256 0.977215 -0.201647 83.485268
26544 12 17 20
-0.073349 0.978851 -0.190975 80.431618
27840 12 17 21
-0.065621 0.986828 -0.147867 77.805206
29136 12 17 22
-0.034088 0.994018 -0.103761 75.827759
35616 12 17 27
0.295256 0.725257 -0.621954 55.656540
20100 12 18 15
0.169591 0.318702 0.932560 80.176704
21396 12 18 16
0.108809 0.565314 0.817668 91.593979
22692 12 18 17
-0.014046 0.942072 0.335115 96.720108
23988 12 18 18
-0.115591 0.968390 -0.221043 96.852608
25284 12 18 19
-0.146276 0.919854 -0.363968 94.492920
26580 12 18 20
-0.149072 0.942056 -0.300512 91.788849
27876 12 18 21
-0.123630 0.977055 -0.173433 89.819901
29172 12 18 22
-0.062181 0.994238 -0.087322 88.702850
30468 12 18 23
0.042631 0.994337 -0.097345 87.879265
31764 12 18 24
0.192610 0.954646 -0.227052 86.280579
33060 12 18 25
0.343951 0.822183 -0.453555 82.560204
34356 12 18 26
0.412877 0.619074 -0.668042 75.593559
35652 12 18 27
0.392092 0.453573 -0.800335 65.109016
21432 12 19 16
0.200479 0.085671 0.975945 94.481468
22728 12 19 17
0.082785 0.232520 0.969062 99.857956
24024 12 19 18
-0.373271 0.367698 -0.851744 100.213692
25320 12 19 19
-0.282092 0.282667 -0.916801 98.139954
26616 12 19 20
-0.272531 0.589902 -0.760094 95.996078
27912 12 19 21
-0.162222 0.968197 -0.190471 94.950356
29208 12 19 22
-0.005929 0.999071 0.042681 94.889412
30504 12 19 23
0.189109 0.970326 -0.150684 94.781357
31800 12 19 24
0.418859 0.726843 -0.544294 93.164085
33096 12 19 25
0.507693 0.383898 -0.771278 88.693031
21468 12 20 16
0.277572 0.027387 0.960314 94.608055
22764 12 20 17
0.299567 -0.251270 0.920393 99.488960
21504 12 21 16
0.365599 0.314135 0.876160 95.897804
18948 12 22 14
0.422842 0.228563 0.876906 74.892342
20244 12 22 15
0.412815 0.280190 0.866647 89.732300
21540 12 22 16
0.478094 0.435347 0.762823 99.204170
22836 12 22 17
0.682129 0.728149 0.067077 102.298241
24132 12 22 18
0.603497 0.508664 -0.614045 100.716110
42276 12 22 32
0.663808 0.318126 -0.676872 33.535389
43572 12 22 33
0.511983 0.319006 -0.797564 26.798571
44868 12 22 34
0.384392 0.277926 -0.880341 19.365532
17688 12 23 13
0.488907 0.104024 0.866111 61.022259
18984 12 23 14
0.475821 0.068576 0.876865 78.018852
20280 12 23 15
0.499190 0.041336 0.865506 92.434731
21576 12 23 16
0.666035 0.025246 0.745493 101.494614
22872 12 23 17
0.998878 0.047134 0.004656 104.258232
24168 12 23 18
0.847544 0.110978 -0.518992 102.558784
30648 12 23 23
0.248303 -0.627792 -0.737714 91.869583
31944 12 23 24
0.072126 -0.669260 -0.739520 83.979279
33240 12 23 25
0.067973 -0.699737 -0.711159 73.779976
41016 12 23 31
0.822940 -0.400600 -0.402851 38.303673
42312 12 23 32
0.730809 -0.274580 -0.624919 33.830666
43608 12 23 33
0.567160 -0.176129 -0.804554 27.518744
44904 12 23 34
0.417917 -0.115214 -0.901150 20.090128
17724 12 24 13
0.542246 -0.140056 0.828465 60.869656
19020 12 24 14
0.518703 -0.270399 0.811069 76.355896
20316 12 24 15
0.516821 -0.435758 0.736893 89.602654
21612 12 24 16
0.569957 -0.644884 0.509189 98.182831
22908 12 24 17
0.654576 -0.751875 0.078830 101.261055
24204 12 24 18
0.747184 -0.633009 -0.202524 100.509560
29388 12 24 22
0.413218 -0.691852 -0.592108 91.994270
30684 12 24 23
0.132697 -0.720369 -0.680779 84.171425
31980 12 24 24
0.019946 -0.735715 -0.676997 73.275276
33276 12 24 25
0.005893 -0.769887 -0.638154 61.324932
17760 12 25 13
0.570183 -0.436321 0.696072 55.504971
21648 12 25 16
0.391644 -0.863836 0.316863 86.676910
22944 12 25 17
0.410428 -0.903021 0.126896 90.438705
24240 12 25 18
0.490649 -0.871001 0.024916 91.484581
28128 12 25 21
0.499576 -0.801071 -0.329711 88.793587
29424 12 25 22
0.272645 -0.786359 -0.554351 82.322533
30720 12 25 23
0.101072 -0.760183 -0.641799 71.744568
22980 12 26 17
0.309622 -0.936905 0.162309 72.674355
26868 12 26 20
0.453081 -0.890434 -0.042958 78.524712
28164 12 26 21
0.375016 -0.878266 -0.296667 75.651199
29460 12 26 22
0.231168 -0.824523 -0.516453 67.932182
26904 12 27 20
0.376552 -0.926320 -0.011800 61.325485
28200 12 27 21
0.327598 -0.908134 -0.260715 58.728951
29496 12 27 22
0.228531 -0.846470 -0.480897 51.264072
26940 12 28 20
0.341422 -0.939840 0.011511 43.134720
28236 12 28 21
0.310957 -0.923163 -0.226001 41.219101
26509 13 16 20
-0.302200 0.942209 -0.144626 59.283207
27805 13 16 21
-0.291848 0.949743 -0.113198 56.720394
21361 13 17 16
-0.245995 0.895750 0.370295 80.334129
22657 13 17 17
-0.346265 0.937153 0.042951 83.312531
23953 13 17 18
-0.381467 0.913183 -0.143456 82.308876
25249 13 17 19
-0.393700 0.898065 -0.196163 79.419479
26545 13 17 20
-0.393579 0.903136 -0.171581 76.332985
27841 13 17 21
-0.370658 0.922226 -0.110049 73.976776
29137 13 17 22
-0.313937 0.948660 -0.038566 72.737701
30433 13 17 23
-0.223406 0.974670 0.010406 72.560410
35617 13 17 27
0.124336 0.786626 -0.604781 59.264404
21397 13 18 16
-0.279056 0.699784 0.657595 90.416412
22693 13 18 17
-0.531236 0.836816 0.132389 93.998055
23989 13 18 18
-0.566532 0.796072 -0.212865 93.360115
25285 13 18 19
-0.545816 0.788449 -0.283608 90.775528
26581 13 18 20
-0.518334 0.827764 -0.214795 88.143974
27877 13 18 21
-0.466973 0.879426 -0.092447 86.500237
29173 13 18 22
-0.376393 0.926292 0.017674 86.127274
30469 13 18 23
-0.241618 0.968474 0.060659 86.666695
31765 13 18 24
-0.061654 0.997763 -0.025831 87.023125
33061 13 18 25
0.137288 0.947086 -0.290137 85.430473
34357 13 18 26
0.254052 0.750471 -0.610123 80.078102
35653 13 18 27
0.252037 0.543528 -0.800659 70.147400
21433 13 19 16
-0.177147 0.266652 0.947373 94.356911
22729 13 19 17
-0.816967 0.444184 0.367784 98.027199
31801 13 19 24
0.205955 0.963680 -0.170012 94.888344
33097 13 19 25
0.486808 0.592169 -0.642147 92.511719
21469 13 20 16
0.010305 0.173581 0.984766 95.385414
21505 13 21 16
0.129009 0.536133 0.834217 97.400612
20245 13 22 15
0.299386 0.408878 0.862083 94.258888
21541 13 22 16
0.202302 0.689069 0.695886 101.554451
37093 13 22 28
0.510353 -0.558416 -0.653996 61.196323
38389 13 22 29
0.608063 -0.320209 -0.726447 55.145847
39685 13 22 30
0.567435 0.065845 -0.820781 49.718285
40981 13 22 31
0.361896 0.355805 -0.861646 44.085049
42277 13 22 32
0.179839 0.419504 -0.889761 37.444664
43573 13 22 33
0.077061 0.375370 -0.923666 29.586294
44869 13 22 34
0.026157 0.308390 -0.950900 21.172916
18985 13 23 14
0.411867 0.123520 0.902834 85.627983
20281 13 23 15
0.370762 0.145880 0.917199 97.810173
21577 13 23 16
0.417466 0.285501 0.862677 105.017746
22873 13 23 17
0.748337 0.661325 0.051380 107.177719
30649 13 23 23
-0.094025 -0.634051 -0.767554 92.511307
31945 13 23 24
-0.107444 -0.716544 -0.689217 83.787910
33241 13 23 25
-0.040097 -0.787382 -0.615160 74.120285
37129 13 23 28
0.317314 -0.885368 -0.339759 53.173050
38425 13 23 29
0.412707 -0.859059 -0.302805 49.860271
39721 13 23 30
0.456826 -0.789637 -0.409614 47.052414
41017 13 23 31
0.387148 -0.609442 -0.691879 43.419067
42313 13 23 32
0.219895 -0.351752 -0.909899 37.960587
43609 13 23 33
0.099439 -0.187337 -0.977249 30.548401
44905 13 23 34
0.040210 -0.109931 -0.993126 22.092525
17725 13 24 13
0.491380 -0.126970 0.861640 70.426262
19021 13 24 14
0.457588 -0.279366 0.844138 84.656425
20317 13 24 15
0.410254 -0.479301 0.775862 95.969826
21613 13 24 16
0.397221 -0.730164 0.555946 102.980118
22909 13 24 17
0.482395 -0.865597 0.134303 105.594131
24205 13 24 18
0.668188 -0.728985 -0.148678 105.411041
28093 13 24 21
0.332536 -0.657590 -0.676014 100.245430
29389 13 24 22
-0.028691 -0.659978 -0.750737 93.919212
30685 13 24 23
-0.146618 -0.679444 -0.718929 83.969826
31981 13 24 24
-0.161863 -0.732613 -0.661119 71.981468
41053 13 24 31
0.212267 -0.933231 -0.289868 36.660641
42349 13 24 32
0.153685 -0.821927 -0.548468 32.712803
43645 13 24 33
0.090428 -0.648842 -0.755531 26.669197
44941 13 24 34
0.046352 -0.491875 -0.869431 19.433346
17761 13 25 13
0.523156 -0.471279 0.710073 65.282928
21649 13 25 16
0.265001 -0.918385 0.293842 92.317734
22945 13 25 17
0.267045 -0.951835 0.150658 95.739311
24241 13 25 18
0.339451 -0.937372 0.078152 97.267052
28129 13 25 21
0.152973 -0.836675 -0.525903 92.999237
29425 13 25 22
-0.037827 -0.736100 -0.675815 84.159065
30721 13 25 23
-0.127876 -0.706060 -0.696510 71.412071
16501 13 26 12
0.571284 -0.549497 0.609662 46.152615
22981 13 26 17
0.207782 -0.961770 0.178394 78.173759
26869 13 26 20
0.256675 -0.960206 -0.110097 84.575439
28165 13 26 21
0.134663 -0.894067 -0.427212 80.148293
29461 13 26 22
0.003349 -0.781505 -0.623890 70.220604
16537 13 27 12
0.542832 -0.745681 0.386385 36.501495
26905 13 27 20
0.231937 -0.971405 -0.050762 67.321861
28201 13 27 21
0.158229 -0.922124 -0.353061 63.491631
26941 13 28 20
0.233992 -0.972190 -0.009736 48.583458
28237 13 28 21
0.189501 -0.937832 -0.290793 45.827068
21362 14 17 16
-0.253959 0.942655 0.216578 76.305267
22658 14 17 17
-0.363205 0.930682 -0.043744 77.463547
23954 14 17 18
-0.407958 0.895906 -0.175850 75.479691
25250 14 17 19
-0.434461 0.877291 -0.203973 72.092278
27842 14 17 21
-0.460972 0.883523 -0.083019 66.509270
29138 14 17 22
-0.434484 0.900526 0.016653 65.907204
30434 14 17 23
-0.374752 0.922505 0.092446 67.005547
35618 14 17 27
-0.110514 0.825636 -0.553273 59.423542
21398 14 18 16
-0.220291 0.890150 0.398879 87.729294
22694 14 18 17
-0.404410 0.914386 -0.018738 89.437691
23990 14 18 18
-0.440249 0.869116 -0.225431 87.943649
30470 14 18 23
-0.391371 0.906850 0.156368 82.444450
31766 14 18 24
-0.306607 0.943632 0.124699 84.631599
33062 14 18 25
-0.203534 0.973242 -0.106651 85.028885
34358 14 18 26
-0.097758 0.862769 -0.496057 81.199570
35654 14 18 27
-0.039063 0.642486 -0.765301 71.920410
36950 14 18 28
-0.029038 0.492129 -0.870038 58.135902
30614 14 22 23
-0.346950 -0.643344 -0.682447 96.216431
31910 14 22 24
-0.263876 -0.782537 -0.563920 90.760307
33206 14 22 25
-0.147461 -0.844220 -0.515313 84.531151
34502 14 22 26
-0.052099 -0.851748 -0.521354 77.818451
35798 14 22 27
-0.006099 -0.811910 -0.583751 70.823807
37094 14 22 28
-0.036312 -0.700664 -0.712567 63.800274
38390 14 22 29
-0.177647 -0.427482 -0.886397 56.989037
39686 14 22 30
-0.360409 0.006300 -0.932773 50.381802
40982 14 22 31
-0.429232 0.279960 -0.858710 43.608986
42278 14 22 32
-0.418142 0.353522 -0.836767 36.194576
43574 14 22 33
-0.377056 0.336826 -0.862773 28.052153
44870 14 22 34
-0.327248 0.290941 -0.899034 19.777121
20282 14 23 15
0.282206 0.225405 0.932498 100.883858
21578 14 23 16
0.273129 0.444587 0.853079 106.578148
22874 14 23 17
0.578611 0.742399 0.337717 108.816231
29354 14 23 22
-0.337610 -0.504570 -0.794624 97.741867
30650 14 23 23
-0.371578 -0.641116 -0.671490 89.668716
31946 14 23 24
-0.322214 -0.754967 -0.571142 80.581207
33242 14 23 25
-0.239878 -0.845319 -0.477384 71.912247
34538 14 23 26
-0.157937 -0.904810 -0.395442 64.582787
35834 14 23 27
-0.107389 -0.935705 -0.336041 58.850243
37130 14 23 28
-0.115473 -0.942833 -0.312623 54.480141
38426 14 23 29
-0.206543 -0.912376 -0.353425 50.909000
39722 14 23 30
-0.372000 -0.784012 -0.496931 47.321167
41018 14 23 31
-0.491691 -0.525968 -0.693972 42.799934
42314 14 23 32
-0.480260 -0.288014 -0.828492 36.689346
43610 14 23 33
-0.411140 -0.154889 -0.898317 29.033201
44906 14 23 34
-0.340594 -0.090987 -0.935798 20.718390
20318 14 24 15
0.272197 -0.532066 0.801757 99.655579
21614 14 24 16
0.205147 -0.786305 0.582786 105.255157
22910 14 24 17
0.274535 -0.927250 0.254634 107.753288
28094 14 24 21
-0.226378 -0.591493 -0.773879 100.311821
29390 14 24 22
-0.338898 -0.579900 -0.740854 91.306473
30686 14 24 23
-0.357426 -0.638636 -0.681462 79.524864
39758 14 24 30
-0.241873 -0.957352 -0.158031 38.583885
41054 14 24 31
-0.321443 -0.886422 -0.333063 36.049019
42350 14 24 32
-0.359474 -0.750622 -0.554388 31.635235
43646 14 24 33
-0.344010 -0.589252 -0.731054 25.414606
44942 14 24 34
-0.302818 -0.452743 -0.838645 18.298803
21650 14 25 16
0.137596 -0.954959 0.262906 95.483665
22946 14 25 17
0.121568 -0.978134 0.168748 98.541931
24242 14 25 18
0.145770 -0.983415 0.107915 100.358177
26834 14 25 20
-0.034125 -0.922986 -0.383317 98.918961
28130 14 25 21
-0.209279 -0.733264 -0.646936 92.467476
29426 14 25 22
-0.286017 -0.635368 -0.717288 81.146255
30722 14 25 23
-0.310009 -0.639682 -0.703350 66.795135
43682 14 25 33
-0.257635 -0.802651 -0.537936 18.757202
16502 14 26 12
0.403285 -0.609705 0.682364 53.587276
22982 14 26 17
0.103134 -0.978143 0.180552 81.424904
26870 14 26 20
-0.010868 -0.974469 -0.224258 86.575409
28166 14 26 21
-0.131043 -0.825211 -0.549413 80.156883
29462 14 26 22
-0.203167 -0.688738 -0.695962 68.143303
15242 14 27 11
0.350899 -0.650117 0.673957 35.914806
16538 14 27 12
0.372551 -0.827880 0.419308 43.126328
26906 14 27 20
0.045924 -0.991789 -0.119353 69.993401
28202 14 27 21
-0.036642 -0.888763 -0.456901 64.677849
15278 14 28 11
0.315422 -0.829048 0.461723 27.038267
26942 14 28 20
0.101044 -0.993749 -0.047465 51.762337
28238 14 28 21
0.049075 -0.928488 -0.368105 48.031193
26978 14 29 20
0.143085 -0.989710 -0.001158 34.639179
28274 14 29 21
0.112942 -0.950321 -0.290058 32.391815
18807 15 18 14
0.403981 0.687527 0.603413 76.149696
20103 15 18 15
0.214605 0.872831 0.438305 83.315384
21399 15 18 16
0.011195 0.989759 0.142312 86.751884
33063 15 18 25
-0.493873 0.869421 -0.014008 79.816040
34359 15 18 26
-0.458607 0.812644 -0.359568 77.016716
35655 15 18 27
-0.374765 0.649025 -0.662056 68.457817
36951 15 18 28
-0.301681 0.505857 -0.808145 55.142239
38247 15 18 29
-0.261390 0.435269 -0.861520 40.001755
17547 15 19 13
0.618621 0.368912 0.693694 73.867249
18843 15 19 14
0.574052 0.468721 0.671390 84.406570
20139 15 19 15
0.516132 0.635771 0.573936 91.624870
33099 15 19 25
-0.686141 0.714135 -0.138645 90.462364
34395 15 19 26
-0.566832 0.543608 -0.619025 86.476326
35691 15 19 27
-0.393868 0.370838 -0.841040 76.788239
36987 15 19 28
-0.309655 0.314511 -0.897327 62.543526
17583 15 20 13
0.652898 0.189669 0.733314 78.518692
18879 15 20 14
0.670826 0.241947 0.701038 88.894066
29247 15 20 22
-0.551850 0.826046 -0.114500 94.972572
30543 15 20 23
-0.827201 0.560554 0.038972 94.752373
31839 15 20 24
-0.971657 0.236104 -0.011748 95.026237
33135 15 20 25
-0.908069 -0.057257 -0.414888 93.803581
34431 15 20 26
-0.609005 -0.121616 -0.783787 88.883331
35727 15 20 27
-0.422633 -0.031306 -0.905760 79.293213
17619 15 21 13
0.586182 0.088942 0.805283 80.594933
18915 15 21 14
0.617398 0.160377 0.770129 91.110092
26691 15 21 20
0.538570 0.753493 -0.377083 104.600479
27987 15 21 21
-0.057022 0.739582 -0.670646 101.806740
29283 15 21 22
-0.740574 0.251872 -0.622985 98.600510
30579 15 21 23
-0.881003 -0.273820 -0.385819 95.758652
31875 15 21 24
-0.760006 -0.572894 -0.306892 93.228851
33171 15 21 25
-0.607785 -0.686155 -0.399735 89.934372
34467 15 21 26
-0.500781 -0.639371 -0.583458 84.450325
35763 15 21 27
-0.458536 -0.465436 -0.757043 76.069023
17655 15 22 13
0.420757 0.074123 0.904140 81.746857
26727 15 22 20
0.526094 0.410050 -0.745039 107.786385
28023 15 22 21
-0.267366 -0.024595 -0.963281 103.475700
29319 15 22 22
-0.588826 -0.361617 -0.722853 97.620949
30615 15 22 23
-0.625826 -0.578611 -0.523021 91.356232
31911 15 22 24
-0.561225 -0.725584 -0.398189 85.477921
33207 15 22 25
-0.478457 -0.802493 -0.356489 79.948730
34503 15 22 26
-0.432472 -0.811757 -0.392451 74.134857
35799 15 22 27
-0.452181 -0.749751 -0.483120 67.497078
37095 15 22 28
-0.542753 -0.596497 -0.591278 60.070610
38391 15 22 29
-0.666680 -0.341716 -0.662395 52.349796
39687 15 22 30
-0.744422 -0.058786 -0.665117 44.790936
40983 15 22 31
-0.747403 0.140802 -0.649279 37.460407
17691 15 23 13
0.241693 0.028726 0.969927 82.612823
18987 15 23 14
0.207121 0.065774 0.976102 94.466141
26763 15 23 20
-0.060135 -0.307450 -0.949662 107.966438
28059 15 23 21
-0.413120 -0.387664 -0.824044 101.549065
29355 15 23 22
-0.522228 -0.488285 -0.699182 92.576569
30651 15 23 23
-0.537395 -0.612662 -0.579527 82.624222
37131 15 23 28
-0.491609 -0.818867 -0.296274 50.135017
38427 15 23 29
-0.622298 -0.704672 -0.340857 45.891285
39723 15 23 30
-0.744214 -0.525707 -0.412042 41.479130
41019 15 23 31
-0.792242 -0.338312 -0.507836 36.443005
17727 15 24 13
0.144643 -0.184916 0.972052 81.782379
19023 15 24 14
0.104679 -0.364592 0.925265 93.195030
20319 15 24 15
0.019204 -0.605974 0.795253 101.015320
21615 15 24 16
-0.033223 -0.822529 0.567751 105.849083
22911 15 24 17
0.016012 -0.946498 0.322312 108.544067
26799 15 24 20
-0.341592 -0.638415 -0.689740 104.370621
28095 15 24 21
-0.448590 -0.511553 -0.732858 96.084435
29391 15 24 22
-0.486052 -0.519316 -0.702897 84.307610
41055 15 24 31
-0.651529 -0.689480 -0.316429 30.508709
42351 15 24 32
-0.663023 -0.578744 -0.474821 26.198425
17763 15 25 13
0.129907 -0.566994 0.813414 76.807129
19059 15 25 14
0.100067 -0.804055 0.586073 86.125191
20355 15 25 15
0.036042 -0.929526 0.366990 92.383598
21651 15 25 16
-0.015323 -0.972662 0.231718 96.422569
22947 15 25 17
-0.043621 -0.986025 0.160786 99.110695
24243 15 25 18
-0.086791 -0.993553 0.072933 100.733498
25539 15 25 19
-0.207466 -0.964834 -0.161408 100.426430
26835 15 25 20
-0.360025 -0.787790 -0.499769 96.396721
28131 15 25 21
-0.423188 -0.600988 -0.678031 87.326942
16503 15 26 12
0.111331 -0.642596 0.758074 57.359234
17799 15 26 13
0.138657 -0.858678 0.493402 66.392395
26871 15 26 20
-0.288603 -0.893312 -0.344530 84.213577
28167 15 26 21
-0.350316 -0.699203 -0.623212 75.781349
15243 15 27 11
0.054583 -0.668499 0.741708 38.488132
16539 15 27 12
0.111855 -0.871967 0.476614 46.596973
26907 15 27 20
-0.180591 -0.961495 -0.207157 68.875313
28203 15 27 21
-0.240334 -0.802749 -0.545741 62.165310
15279 15 28 11
0.052544 -0.854573 0.516666 29.147171
16575 15 28 12
0.102045 -0.962850 0.250013 33.843098
26943 15 28 20
-0.073435 -0.992391 -0.098834 52.092628
28239 15 28 21
-0.119516 -0.887269 -0.445500 47.483971
15315 15 29 11
0.047321 -0.939855 0.338279 19.474287
16611 15 29 12
0.089130 -0.990113 0.108318 21.736052
26979 15 29 20
0.009463 -0.999589 -0.027050 35.897820
28275 15 29 21
-0.019399 -0.938616 -0.344418 33.145458
17512 16 18 13
0.546362 0.652382 0.525249 75.061539
18808 16 18 14
0.367345 0.836042 0.407543 81.873383
20104 16 18 15
0.173918 0.962210 0.209531 86.005592
21400 16 18 16
0.039108 0.999235 -0.000260 87.342194
25288 16 18 19
-0.165114 0.935864 -0.311282 77.516068
26584 16 18 20
-0.277795 0.912874 -0.299151 71.722618
33064 16 18 25
-0.677329 0.735671 0.003726 69.306099
34360 16 18 26
-0.679001 0.683894 -0.266921 66.996017
35656 16 18 27
-0.613088 0.575690 -0.541021 59.331749
36952 16 18 28
-0.524380 0.468380 -0.711088 47.332237
17548 16 19 13
0.587216 0.475320 0.655170 83.628105
18844 16 19 14
0.507954 0.652488 0.562354 91.418449
20140 16 19 15
0.410674 0.830278 0.376809 96.323555
21436 16 19 16
0.320846 0.937694 0.133372 98.685112
25324 16 19 19
0.003530 0.939965 -0.341253 93.004181
26620 16 19 20
-0.184892 0.910520 -0.369823 87.537308
27916 16 19 21
-0.399383 0.868623 -0.293236 82.199623
29212 16 19 22
-0.597297 0.793140 -0.119020 78.882133
30508 16 19 23
-0.728862 0.682478 0.054621 78.475342
31804 16 19 24
-0.809363 0.579780 0.093734 79.899643
33100 16 19 25
-0.863354 0.498797 -0.076294 80.327965
34396 16 19 26
-0.822750 0.404942 -0.398879 76.708961
35692 16 19 27
-0.687708 0.314368 -0.654393 67.660324
36988 16 19 28
-0.569796 0.272554 -0.775272 54.344223
17584 16 20 13
0.596448 0.155138 0.787517 87.952606
18880 16 20 14
0.630924 0.266969 0.728466 96.249504
20176 16 20 15
0.686949 0.418467 0.594127 101.584572
25360 16 20 19
0.266850 0.888365 -0.373629 104.293045
26656 16 20 20
-0.067179 0.854365 -0.515312 99.421944
27952 16 20 21
-0.425139 0.757084 -0.496065 93.503288
29248 16 20 22
-0.742827 0.587360 -0.321273 88.638329
30544 16 20 23
-0.928278 0.355894 -0.107882 86.154602
31840 16 20 24
-0.989410 0.139188 -0.041158 85.447357
33136 16 20 25
-0.980544 -0.011228 -0.195980 84.117966
34432 16 20 26
-0.879390 -0.065700 -0.471547 79.447975
35728 16 20 27
-0.735581 -0.030929 -0.676730 70.194160
17620 16 21 13
0.447013 -0.113898 0.887247 88.038971
18916 16 21 14
0.504857 -0.059856 0.861125 96.992775
25396 16 21 19
0.546582 0.702090 -0.456418 111.000061
26692 16 21 20
-0.012928 0.588690 -0.808256 106.387367
27988 16 21 21
-0.498889 0.338524 -0.797816 99.453255
29284 16 21 22
-0.803557 0.062602 -0.591926 92.402084
30580 16 21 23
-0.916715 -0.198597 -0.346688 87.045769
31876 16 21 24
-0.894975 -0.389456 -0.217586 83.511215
33172 16 21 25
-0.835208 -0.485964 -0.257424 80.190956
34468 16 21 26
-0.777523 -0.477066 -0.409715 74.963989
35764 16 21 27
-0.731317 -0.371912 -0.571713 66.722931
17656 16 22 13
0.183245 -0.178790 0.966672 86.073799
26728 16 22 20
-0.189331 -0.049249 -0.980678 108.387077
28024 16 22 21
-0.507529 -0.185765 -0.841371 99.901077
29320 16 22 22
-0.669260 -0.335591 -0.662925 90.243996
35800 16 22 27
-0.675206 -0.616699 -0.404697 57.985256
37096 16 22 28
-0.729912 -0.476615 -0.489966 50.353527
38392 16 22 29
-0.793422 -0.288182 -0.536127 42.349331
17692 16 23 13
-0.059556 -0.154851 0.986141 84.006165
25468 16 23 19
-0.161826 -0.668794 -0.725621 112.029861
26764 16 23 20
-0.384428 -0.441708 -0.810623 105.863503
28060 16 23 21
-0.505697 -0.404173 -0.762177 95.649284
17728 16 24 13
-0.188420 -0.254600 0.948513 81.500198
19024 16 24 14
-0.265944 -0.413350 0.870871 92.381027
20320 16 24 15
-0.328344 -0.622449 0.710456 99.767807
21616 16 24 16
-0.316069 -0.803782 0.504018 104.606522
25504 16 24 19
-0.404433 -0.797911 -0.446959 106.305122
26800 16 24 20
-0.478643 -0.579072 -0.659982 99.432266
28096 16 24 21
-0.517056 -0.475950 -0.711425 88.043312
17764 16 25 13
-0.202668 -0.543664 0.814466 76.269882
19060 16 25 14
-0.206640 -0.782721 0.587066 85.468094
20356 16 25 15
-0.203098 -0.915270 0.347897 91.320900
21652 16 25 16
-0.205532 -0.956901 0.205178 94.921776
22948 16 25 17
-0.231370 -0.965555 0.119048 97.202408
24244 16 25 18
-0.307164 -0.951533 -0.015326 98.064438
25540 16 25 19
-0.430038 -0.860220 -0.274022 96.167931
26836 16 25 20
-0.509431 -0.667160 -0.543487 89.800560
16504 16 26 12
-0.183755 -0.598040 0.780117 56.721317
17800 16 26 13
-0.131692 -0.831894 0.539082 66.406189
19096 16 26 14
-0.087857 -0.953624 0.287894 72.654083
25576 16 26 19
-0.384572 -0.915559 -0.117709 82.222908
26872 16 26 20
-0.486260 -0.764376 -0.423415 77.718941
15244 16 27 11
-0.201379 -0.620413 0.757980 37.406200
16540 16 27 12
-0.135288 -0.833670 0.535436 46.325741
17836 16 27 13
-0.055122 -0.959250 0.277131 52.348206
26908 16 27 20
-0.405858 -0.867615 -0.287268 63.916851
28204 16 27 21
-0.423100 -0.684621 -0.593533 56.273693
15280 16 28 11
-0.168204 -0.812084 0.558773 28.369844
16576 16 28 12
-0.087492 -0.944730 0.315958 33.850075
26944 16 28 20
-0.286216 -0.945456 -0.155539 49.217995
28240 16 28 21
-0.312062 -0.807212 -0.501025 44.062813
15316 16 29 11
-0.133319 -0.912495 0.386755 18.984682
16612 16 29 12
-0.055827 -0.983936 0.169570 21.849604
26980 16 29 20
-0.169769 -0.983744 -0.058543 34.793255
28276 16 29 21
-0.192534 -0.900757 -0.389317 31.729776
13301 17 9 10
0.601049 0.568711 0.561523 41.993896
14597 17 9 11
0.684112 0.626120 0.374118 49.817753
13337 17 10 10
0.637460 0.428605 0.640268 50.314133
14633 17 10 11
0.747659 0.495760 0.441845 59.924885
13373 17 11 10
0.687031 0.242711 0.684894 56.331490
14669 17 11 11
0.822911 0.295002 0.485583 67.171867
15965 17 11 12
0.926673 0.307505 0.216141 73.586502
13409 17 12 10
0.727985 0.041166 0.684356 58.973995
14705 17 12 11
0.872331 0.054932 0.485820 70.382553
16001 17 12 12
0.978911 0.048130 0.198538 76.807732
18809 17 18 14
0.093091 0.969647 0.226094 85.098610
20105 17 18 15
-0.087898 0.994206 0.061875 86.776443
21401 17 18 16
-0.148260 0.986903 -0.063566 86.712059
22697 17 18 17
-0.159549 0.971384 -0.175947 84.705269
23993 17 18 18
-0.177011 0.943297 -0.280818 80.388809
25289 17 18 19
-0.227180 0.905339 -0.358820 73.767975
26585 17 18 20
-0.317583 0.869037 -0.379362 65.827812
27881 17 18 21
-0.445203 0.839385 -0.311811 58.515015
34361 17 18 26
-0.792601 0.568871 -0.219475 52.702820
35657 17 18 27
-0.746079 0.491328 -0.449403 46.220428
17549 17 19 13
0.276532 0.642235 0.714887 89.255890
18845 17 19 14
0.032433 0.864935 0.500835 94.645348
20141 17 19 15
-0.095778 0.955426 0.279263 98.078941
21437 17 19 16
-0.104912 0.989850 0.095864 99.921387
22733 17 19 17
-0.087653 0.992319 -0.087287 99.951912
24029 17 19 18
-0.111406 0.956108 -0.271008 97.351532
25325 17 19 19
-0.190220 0.891334 -0.411509 91.518875
26621 17 19 20
-0.316688 0.823995 -0.469830 83.146439
27917 17 19 21
-0.486322 0.765291 -0.421687 74.434303
29213 17 19 22
-0.673735 0.692174 -0.258798 68.000496
30509 17 19 23
-0.811187 0.581586 -0.061102 65.202606
31805 17 19 24
-0.882721 0.469463 0.020212 65.093056
33101 17 19 25
-0.920052 0.384125 -0.077149 64.829689
34397 17 19 26
-0.900712 0.313294 -0.300941 61.391571
35693 17 19 27
-0.814301 0.255100 -0.521381 53.460560
17585 17 20 13
0.137514 0.056845 0.988867 92.491234
18881 17 20 14
-0.028286 0.300359 0.953407 99.289986
20177 17 20 15
-0.084505 0.594984 0.799283 104.053619
21473 17 20 16
0.007468 0.841892 0.539594 107.587593
22769 17 20 17
0.066226 0.984145 0.164539 109.766609
24065 17 20 18
-0.008095 0.967989 -0.250863 109.303040
25361 17 20 19
-0.163856 0.832654 -0.528997 104.828690
26657 17 20 20
-0.345413 0.691744 -0.634177 96.487106
27953 17 20 21
-0.555063 0.573285 -0.602702 86.483841
29249 17 20 22
-0.780933 0.442465 -0.440873 77.917313
30545 17 20 23
-0.937705 0.274251 -0.213295 72.752182
31841 17 20 24
-0.988911 0.115584 -0.093250 70.494080
33137 17 20 25
-0.986957 0.008993 -0.160735 68.553856
34433 17 20 26
-0.935927 -0.037403 -0.350203 64.039360
35729 17 20 27
-0.844178 -0.028771 -0.535290 55.659851
16325 17 21 12
0.052983 -0.388454 0.919944 79.424049
17621 17 21 13
-0.062820 -0.377598 0.923836 90.555511
18917 17 21 14
-0.169462 -0.340719 0.924767 98.674339
20213 17 21 15
-0.165002 -0.218036 0.961891 104.711487
24101 17 21 18
0.082224 0.978120 -0.191106 115.302551
25397 17 21 19
-0.236214 0.558845 -0.794919 112.097839
26693 17 21 20
-0.420044 0.333926 -0.843835 103.838867
27989 17 21 21
-0.599745 0.187367 -0.777946 92.574547
29285 17 21 22
-0.787088 0.032929 -0.615961 81.703529
30581 17 21 23
-0.912021 -0.141544 -0.384947 73.774307
31877 17 21 24
-0.932066 -0.284917 -0.223775 68.952423
33173 17 21 25
-0.905103 -0.362040 -0.222971 65.246948
34469 17 21 26
-0.866849 -0.365652 -0.338927 60.169136
35765 17 21 27
-0.824421 -0.303236 -0.477888 52.475372
17657 17 22 13
-0.234278 -0.410583 0.881213 85.772064
25433 17 22 19
-0.442009 -0.251411 -0.861058 113.255257
26729 17 22 20
-0.473414 -0.170602 -0.864161 104.711700
25469 17 23 19
-0.503586 -0.626726 -0.594656 109.046600
26765 17 23 20
-0.496123 -0.450006 -0.742534 99.932571
24209 17 24 18
-0.517030 -0.846814 -0.124843 104.374588
25505 17 24 19
-0.530791 -0.717630 -0.450854 100.404495
26801 17 24 20
-0.530160 -0.555517 -0.640571 91.107994
17765 17 25 13
-0.414189 -0.463330 0.783437 71.731224
19061 17 25 14
-0.440265 -0.678636 0.587895 81.197937
20357 17 25 15
-0.422490 -0.837116 0.347475 87.183800
21653 17 25 16
-0.397717 -0.900089 0.177934 90.647385
22949 17 25 17
-0.410043 -0.910323 0.056367 92.380638
24245 17 25 18
-0.469229 -0.876590 -0.106842 92.069870
25541 17 25 19
-0.541162 -0.768881 -0.340536 88.355927
17801 17 26 13
-0.306895 -0.740840 0.597470 63.020485
19097 17 26 14
-0.253392 -0.907096 0.336109 69.887016
20393 17 26 15
-0.222170 -0.964324 0.143943 73.517120
26873 17 26 20
-0.591104 -0.662806 -0.459657 68.005051
26909 17 27 20
-0.570696 -0.747755 -0.339365 55.717537
28205 17 27 21
-0.559537 -0.575541 -0.596381 47.822136
26945 17 28 20
-0.489679 -0.847091 -0.206523 43.321133
28241 17 28 21
-0.495274 -0.698761 -0.516175 38.063282
26981 17 29 20
-0.371498 -0.923504 -0.095546 31.196283
28277 17 29 21
-0.388189 -0.825053 -0.410605 28.069300
29573 17 29 22
-0.350844 -0.677341 -0.646620 21.848402
11934 18 7 9
0.373204 0.696399 0.612983 23.417404
11970 18 8 9
0.353347 0.595982 0.721076 30.997810
15930 18 10 12
0.669571 0.640230 0.376537 79.080986
17226 18 10 13
0.794337 0.604144 0.063549 82.488632
18522 18 10 14
0.831497 0.482683 -0.275007 80.876511
19818 18 10 15
0.772314 0.329742 -0.542956 74.300697
21114 18 10 16
0.681838 0.200247 -0.703561 63.614582
22410 18 10 17
0.612998 0.106344 -0.782895 50.532478
14670 18 11 11
0.602713 0.432297 0.670713 79.433823
15966 18 11 12
0.783887 0.482953 0.390228 87.232895
17262 18 11 13
0.909604 0.412159 -0.052401 89.466713
18558 18 11 14
0.852500 0.230277 -0.469272 86.049088
19854 18 11 15
0.707814 0.066970 -0.703217 77.490105
21150 18 11 16
0.589928 -0.035397 -0.806680 65.009735
22446 18 11 17
0.522533 -0.096882 -0.847097 50.547092
13410 18 12 10
0.547653 0.134824 0.825772 71.219116
14706 18 12 11
0.712977 0.173439 0.679399 84.155159
16002 18 12 12
0.926975 0.163625 0.337555 91.400841
17298 18 12 13
0.976275 0.046848 -0.211406 92.206352
18594 18 12 14
0.787384 -0.094218 -0.609220 86.899971
19890 18 12 15
0.601256 -0.176331 -0.779358 76.524429
21186 18 12 16
0.486645 -0.213737 -0.847050 62.716431
22482 18 12 17
0.429056 -0.228621 -0.873867 47.597164
13446 18 13 10
0.609757 -0.056473 0.790574 71.847511
14742 18 13 11
0.784438 -0.091204 0.613464 84.681374
16038 18 13 12
0.958004 -0.177851 0.224938 91.159492
17334 18 13 13
0.911628 -0.276644 -0.303979 90.625778
18630 18 13 14
0.695716 -0.317330 -0.644424 83.830269
19926 18 13 15
0.517225 -0.315138 -0.795718 72.341911
21222 18 13 16
0.408268 -0.291145 -0.865189 58.149670
22518 18 13 17
0.349948 -0.253825 -0.901726 43.403473
13482 18 14 10
0.649092 -0.160441 0.743598 69.523758
14778 18 14 11
0.811727 -0.241274 0.531870 81.697845
16074 18 14 12
0.926369 -0.352181 0.133449 87.248642
17370 18 14 13
0.843651 -0.416008 -0.339396 85.737747
18666 18 14 14
0.641221 -0.396462 -0.657004 78.321541
19962 18 14 15
0.463438 -0.328389 -0.823035 66.941666
21258 18 14 16
0.339313 -0.229257 -0.912309 53.689838
14814 18 15 11
0.833250 -0.257095 0.489486 77.297935
16110 18 15 12
0.926459 -0.365917 0.088194 81.912140
17406 18 15 13
0.835884 -0.400379 -0.375493 80.038284
12330 18 18 9
0.325289 -0.019511 0.945413 49.927162
13626 18 18 10
0.398403 0.010356 0.917152 64.166733
14922 18 18 11
0.456852 0.139979 0.878460 74.603622
16218 18 18 12
0.313034 0.602929 0.733816 80.550682
22698 18 18 17
-0.364180 0.914379 -0.176875 79.878777
23994 18 18 18
-0.329342 0.898503 -0.290218 75.192680
12366 18 19 9
0.183289 -0.184011 0.965684 48.401249
13662 18 19 10
0.168617 -0.181580 0.968812 63.139950
14958 18 19 11
0.061837 -0.104027 0.992650 74.968513
16254 18 19 12
-0.282243 0.188475 0.940647 83.118744
18846 18 19 14
-0.679207 0.676338 0.285035 91.512993
20142 18 19 15
-0.630569 0.755030 0.179756 93.924294
21438 18 19 16
-0.548743 0.831568 0.085888 95.648880
22734 18 19 17
-0.462988 0.883514 -0.071027 95.819664
24030 18 19 18
-0.401489 0.874404 -0.272440 92.895737
34398 18 19 26
-0.926904 0.268025 -0.262702 44.128399
12402 18 20 9
0.058032 -0.375108 0.925163 43.832890
13698 18 20 10
-0.009459 -0.405741 0.913939 58.699947
14994 18 20 11
-0.155982 -0.400317 0.903004 71.869781
16290 18 20 12
-0.413703 -0.307652 0.856855 82.260277
17586 18 20 13
-0.693315 -0.097380 0.714025 89.880295
18882 18 20 14
-0.823553 0.137678 0.550277 95.485535
20178 18 20 15
-0.819066 0.340612 0.461644 100.057495
21474 18 20 16
-0.755337 0.542470 0.367684 104.047859
22770 18 20 17
-0.673696 0.729156 0.120273 106.621239
24066 18 20 18
-0.573670 0.775885 -0.262497 105.774567
25362 18 20 19
-0.500428 0.675676 -0.541327 99.782104
33138 18 20 25
-0.983901 0.039193 -0.174363 50.794643
34434 18 20 26
-0.950429 -0.008313 -0.310830 46.545460
12438 18 21 9
-0.032683 -0.503503 0.863375 36.578327
13734 18 21 10
-0.110579 -0.530270 0.840586 50.822517
15030 18 21 11
-0.231298 -0.533787 0.813371 64.724464
16326 18 21 12
-0.395449 -0.502879 0.768592 76.885963
17622 18 21 13
-0.574377 -0.429623 0.696789 86.628532
18918 18 21 14
-0.708378 -0.319606 0.629326 94.193596
20214 18 21 15
-0.764982 -0.188475 0.615857 100.524910
21510 18 21 16
-0.791345 -0.037045 0.610246 106.330528
22806 18 21 17
-0.891980 0.161013 0.422429 110.890190
24102 18 21 18
-0.916169 0.342575 -0.208029 111.906021
25398 18 21 19
-0.685069 0.301021 -0.663375 107.070374
34470 18 21 26
-0.900773 -0.284002 -0.328559 43.909687
24138 18 22 18
-0.922955 -0.370003 -0.106072 111.531593
25434 18 22 19
-0.737025 -0.254554 -0.626097 107.237892
26730 18 22 20
-0.603235 -0.184397 -0.775954 96.388672
24174 18 23 18
-0.759013 -0.640361 -0.117637 105.884964
25470 18 23 19
-0.663085 -0.548970 -0.508871 101.249329
26766 18 23 20
-0.575847 -0.436118 -0.691521 90.343300
24210 18 24 18
-0.657931 -0.734824 -0.164802 96.049675
25506 18 24 19
-0.617718 -0.655145 -0.434982 90.766983
20358 18 25 15
-0.578579 -0.738243 0.346761 80.659225
21654 18 25 16
-0.559373 -0.818121 0.133338 83.734291
22950 18 25 17
-0.556741 -0.830503 -0.017416 84.569672
24246 18 25 18
-0.580569 -0.794127 -0.179729 82.885963
17802 18 26 13
-0.346897 -0.633944 0.691214 58.263290
19098 18 26 14
-0.334314 -0.847832 0.411600 65.621811
20394 18 26 15
-0.322114 -0.936557 0.138217 69.209885
21690 18 26 16
-0.347489 -0.937682 -0.001995 70.076126
19134 18 27 14
-0.090581 -0.974788 0.203918 52.834972
26946 18 28 20
-0.626527 -0.736776 -0.254215 35.376183
28242 18 28 21
-0.628287 -0.595962 -0.500084 30.382496
26982 18 29 20
-0.537460 -0.830842 -0.144351 25.707764
28278 18 29 21
-0.556096 -0.723599 -0.408855 22.694788
11935 19 7 9
0.221768 0.676934 0.701840 26.737309
11971 19 8 9
0.192739 0.577937 0.792995 34.574459
21043 19 8 16
0.634036 0.557979 -0.535404 61.415817
17191 19 9 13
0.604122 0.754016 0.257869 82.420021
18487 19 9 14
0.707954 0.690376 -0.148938 83.247147
19783 19 9 15
0.673130 0.526078 -0.519748 78.647781
21079 19 9 16
0.592710 0.372019 -0.714351 69.349945
22375 19 9 17
0.555091 0.270032 -0.786738 57.198109
23671 19 9 18
0.568333 0.200955 -0.797881 44.380550
17227 19 10 13
0.589513 0.779298 0.212529 90.939621
18523 19 10 14
0.691068 0.581990 -0.428617 90.075760
19819 19 10 15
0.561581 0.268271 -0.782724 83.748672
21115 19 10 16
0.473546 0.100339 -0.875035 72.920967
22411 19 10 17
0.462556 0.015089 -0.886462 59.494076
23707 19 10 18
0.500608 -0.038295 -0.864827 45.638435
25003 19 10 19
0.556657 -0.077338 -0.827135 33.020058
17263 19 11 13
0.648658 0.759010 -0.056098 96.586784
18559 19 11 14
0.528024 0.243593 -0.813544 93.412247
19855 19 11 15
0.369605 -0.042599 -0.928212 84.951042
21151 19 11 16
0.333604 -0.145782 -0.931373 72.470192
22447 19 11 17
0.359261 -0.194751 -0.912690 57.934364
12115 19 12 9
0.296133 0.175111 0.938958 61.932163
13411 19 12 10
0.333684 0.258071 0.906672 79.041862
14707 19 12 11
0.419914 0.367713 0.829734 92.036118
18595 19 12 14
0.382987 -0.130033 -0.914556 93.708168
19891 19 12 15
0.267955 -0.246102 -0.931469 82.979141
21187 19 12 16
0.256478 -0.289333 -0.922229 68.931755
22483 19 12 17
0.291684 -0.308482 -0.905406 53.625412
12151 19 13 9
0.353178 0.007836 0.935523 63.690762
13447 19 13 10
0.431126 0.035560 0.901591 81.568672
14743 19 13 11
0.599020 0.040656 0.799701 94.580444
16039 19 13 12
0.946058 -0.082706 0.313263 100.502739
18631 19 13 14
0.360756 -0.345237 -0.866410 90.981209
19927 19 13 15
0.252040 -0.354066 -0.900618 78.448799
21223 19 13 16
0.231114 -0.348339 -0.908430 63.472126
13483 19 14 10
0.488320 -0.136047 0.861995 80.520676
14779 19 14 11
0.685124 -0.248686 0.684661 93.114891
16075 19 14 12
0.873984 -0.479591 0.078386 97.944870
17371 19 14 13
0.605031 -0.518084 -0.604588 94.867523
18667 19 14 14
0.358005 -0.449328 -0.818497 85.535355
19963 19 14 15
0.246242 -0.389400 -0.887543 72.369476
21259 19 14 16
0.206046 -0.323101 -0.923662 57.727348
14815 19 15 11
0.693045 -0.405058 0.596335 88.679688
16111 19 15 12
0.778666 -0.626200 -0.039417 92.316628
17407 19 15 13
0.531496 -0.589496 -0.608282 88.362473
18703 19 15 14
0.312546 -0.461312 -0.830365 78.970566
14851 19 16 11
0.638485 -0.477345 0.603721 83.340164
16147 19 16 12
0.688614 -0.715385 -0.118472 86.001030
13591 19 17 10
0.260911 -0.241304 0.934718 69.779846
14887 19 17 11
0.367183 -0.508149 0.779077 78.889229
12331 19 18 9
0.005915 -0.194837 0.980818 52.610332
13627 19 18 10
-0.053816 -0.287425 0.956290 66.541000
14923 19 18 11
-0.288246 -0.422788 0.859165 75.606056
16219 19 18 12
-0.910157 -0.299765 0.285928 79.225441
12367 19 19 9
-0.160222 -0.325891 0.931732 48.543713
13663 19 19 10
-0.297018 -0.391755 0.870809 62.169376
14959 19 19 11
-0.564459 -0.397856 0.723254 72.106636
16255 19 19 12
-0.882317 -0.197094 0.427401 77.863731
22735 19 19 17
-0.695812 0.717133 -0.039570 85.703491
12403 19 20 9
-0.250089 -0.459394 0.852298 42.192959
13699 19 20 10
-0.378280 -0.499704 0.779231 55.472843
14995 19 20 11
-0.566393 -0.478926 0.670692 66.573860
16291 19 20 12
-0.777055 -0.346851 0.525242 74.794579
18883 19 20 14
-0.948872 0.073478 0.306990 85.086899
20179 19 20 15
-0.932078 0.223536 0.285064 89.231895
21475 19 20 16
-0.905315 0.347913 0.243642 93.276405
22771 19 20 17
-0.878700 0.468582 0.091198 96.064880
24067 19 20 18
-0.811730 0.549584 -0.197616 95.316208
25363 19 20 19
-0.691445 0.537498 -0.482701 89.143745
13735 19 21 10
-0.375515 -0.566424 0.733589 46.550117
15031 19 21 11
-0.501865 -0.543620 0.672762 58.460003
16327 19 21 12
-0.648313 -0.467637 0.600837 68.778687
17623 19 21 13
-0.783789 -0.344231 0.516895 77.180435
18919 19 21 14
-0.870444 -0.207916 0.446204 84.014336
20215 19 21 15
-0.906665 -0.094372 0.411160 90.073753
21511 19 21 16
-0.930155 -0.005967 0.367118 95.799141
22807 19 21 17
-0.974559 0.075822 0.210919 100.239265
24103 19 21 18
-0.979006 0.151091 -0.136817 100.981277
25399 19 21 19
-0.840994 0.178228 -0.510847 95.718903
34471 19 21 26
-0.912192 -0.202633 -0.356153 29.608656
24139 19 22 18
-0.962278 -0.253677 -0.098327 100.026718
25435 19 22 19
-0.851538 -0.221893 -0.475023 95.206085
26731 19 22 20
-0.703653 -0.181326 -0.687018 84.033646
24175 19 23 18
-0.861245 -0.492336 -0.125946 93.762619
25471 19 23 19
-0.770401 -0.471708 -0.428921 88.596848
26767 19 23 20
-0.660641 -0.414570 -0.625848 77.655670
22915 19 24 17
-0.804206 -0.593550 0.030846 85.124413
24211 19 24 18
-0.759260 -0.622322 -0.190367 83.730240
25507 19 24 19
-0.696344 -0.591353 -0.406703 77.817276
26803 19 24 20
-0.627072 -0.529868 -0.570982 67.337662
21655 19 25 16
-0.694928 -0.717699 0.044541 75.048256
22951 19 25 17
-0.672022 -0.731962 -0.112332 74.430984
24247 19 25 18
-0.662460 -0.707529 -0.246066 71.276375
25543 19 25 19
-0.651708 -0.649596 -0.391537 65.048538
17803 19 26 13
-0.277800 -0.496509 0.822378 54.248104
19099 19 26 14
-0.338531 -0.782711 0.522264 61.672886
20395 19 26 15
-0.383289 -0.918624 0.096017 64.707809
21691 19 26 16
-0.425955 -0.895698 -0.127620 64.241463
17839 19 27 13
-0.028533 -0.768400 0.639334 46.864841
19135 19 27 14
0.010734 -0.961968 0.272953 52.199310
11936 20 7 9
0.065881 0.634022 0.770504 28.453812
21008 20 7 16
0.582690 0.665256 -0.466805 61.283581
11972 20 8 9
0.042152 0.542302 0.839125 36.178162
17156 20 8 13
0.484104 0.782211 0.392158 79.381142
18452 20 8 14
0.607450 0.794337 -0.005794 82.185982
19748 20 8 15
0.608950 0.665807 -0.431139 79.210129
21044 20 8 16
0.556139 0.512453 -0.654295 71.239029
17192 20 9 13
0.420120 0.766471 0.485820 88.256248
18488 20 9 14
0.617731 0.759815 -0.202705 89.782700
19784 20 9 15
0.510813 0.425342 -0.747097 85.532784
21080 20 9 16
0.441284 0.245100 -0.863246 76.560066
22376 20 9 17
0.478243 0.176071 -0.860397 64.987999
23672 20 9 18
0.570482 0.138725 -0.809510 52.925308
24968 20 9 19
0.657296 0.102214 -0.746669 41.566952
17228 20 10 13
0.189497 0.875263 0.444978 93.838432
18524 20 10 14
0.304264 0.548652 -0.778719 93.389328
19820 20 10 15
0.224296 0.060019 -0.972671 87.595810
21116 20 10 16
0.267325 -0.051023 -0.962255 77.654900
22412 20 10 17
0.376206 -0.091155 -0.922041 65.525284
23708 20 10 18
0.508404 -0.116331 -0.853225 53.048065
25004 20 10 19
0.611050 -0.136719 -0.779696 41.277493
12116 20 12 9
0.155751 0.260192 0.952912 66.277878
13412 20 12 10
0.146813 0.380712 0.912964 82.993225
12152 20 13 9
0.214439 0.068046 0.974364 69.469238
13448 20 13 10
0.245694 0.142351 0.958838 87.327782
14744 20 13 11
0.329587 0.254431 0.909196 99.672050
13484 20 14 10
0.300966 -0.111323 0.947115 87.514702
14780 20 14 11
0.465124 -0.238579 0.852490 99.763107
14816 20 15 11
0.410003 -0.605165 0.682402 95.305649
16112 20 15 12
0.411717 -0.891377 -0.189566 98.023087
17408 20 15 13
0.214247 -0.679738 -0.701466 92.710297
18704 20 15 14
0.129855 -0.536460 -0.833876 81.959541
14852 20 16 11
0.194310 -0.811120 0.551660 87.715439
16148 20 16 12
0.119522 -0.963033 -0.241415 89.308609
17444 20 16 13
0.008945 -0.740528 -0.671966 83.824966
13592 20 17 10
-0.086973 -0.525076 0.846600 70.771278
14888 20 17 11
-0.206752 -0.857188 0.471680 79.105392
16184 20 17 12
-0.338943 -0.913426 -0.225323 80.264854
12332 20 18 9
-0.239184 -0.378343 0.894230 50.534496
13628 20 18 10
-0.378306 -0.535627 0.754976 63.363796
14924 20 18 11
-0.596389 -0.683122 0.421503 71.035858
13664 20 19 10
-0.543257 -0.515175 0.662923 55.698792
14960 20 19 11
-0.737980 -0.518458 0.431958 63.760880
24032 20 19 18
-0.750934 0.633436 -0.186700 69.806198
13700 20 20 10
-0.575824 -0.520472 0.630505 47.502502
14996 20 20 11
-0.724777 -0.475810 0.498301 56.565750
22772 20 20 17
-0.940372 0.329567 0.084179 80.001488
24068 20 20 18
-0.910442 0.392400 -0.130835 79.737198
25364 20 20 19
-0.814786 0.417981 -0.401767 74.648460
18920 20 21 14
-0.935145 -0.091051 0.342366 70.570183
20216 20 21 15
-0.957937 -0.006994 0.286894 75.450455
21512 20 21 16
-0.969901 0.031691 0.241428 80.009094
22808 20 21 17
-0.989493 0.055064 0.133686 83.600029
24104 20 21 18
-0.992719 0.079053 -0.090882 84.190865
25400 20 21 19
-0.917050 0.098699 -0.386364 79.662460
24140 20 22 18
-0.977363 -0.192547 -0.087676 82.964035
25436 20 22 19
-0.910923 -0.197946 -0.361990 78.544052
26732 20 22 20
-0.792089 -0.182661 -0.582434 68.817101
28028 20 22 21
-0.696706 -0.166473 -0.697773 55.846024
33212 20 22 25
-0.839017 -0.296548 -0.456190 20.966940
34508 20 22 26
-0.829018 -0.314462 -0.462432 16.855591
24176 20 23 18
-0.915418 -0.378937 -0.135710 77.291077
25472 20 23 19
-0.843686 -0.399205 -0.358930 72.289680
26768 20 23 20
-0.745789 -0.386171 -0.542836 62.762554
28064 20 23 21
-0.663683 -0.366099 -0.652300 50.550583
31952 20 23 24
-0.680783 -0.456079 -0.573173 22.201965
33248 20 23 25
-0.705194 -0.496681 -0.505974 17.446783
22916 20 24 17
-0.886927 -0.456166 -0.072614 71.382309
24212 20 24 18
-0.831567 -0.507295 -0.226157 68.753006
25508 20 24 19
-0.764737 -0.517885 -0.383370 62.745880
26804 20 24 20
-0.692555 -0.500580 -0.519410 53.475170
28100 20 24 21
-0.629353 -0.479726 -0.611374 42.445591
30692 20 24 23
-0.569983 -0.518368 -0.637506 23.422777
31988 20 24 24
-0.566523 -0.582376 -0.583001 17.399031
22952 20 25 17
-0.758685 -0.600067 -0.253608 63.392597
24248 20 25 18
-0.722438 -0.605711 -0.333462 58.715076
25544 20 25 19
-0.692183 -0.585492 -0.421997 51.924995
17804 20 26 13
-0.188279 -0.293769 0.937150 51.771641
19100 20 26 14
-0.331899 -0.641008 0.692063 58.937771
17840 20 27 13
0.068906 -0.608565 0.790506 47.185673
19136 20 27 14
0.136661 -0.917342 0.373907 52.945522
17876 20 28 13
0.239349 -0.795108 0.557238 39.260128
11937 21 7 9
-0.087841 0.582717 0.807914 28.298874
13233 21 7 10
-0.009800 0.641302 0.767226 39.585052
14529 21 7 11
0.078083 0.700866 0.709006 51.841076
17121 21 7 13
0.283069 0.850617 0.443083 72.916954
18417 21 7 14
0.411066 0.901518 0.135238 77.675285
19713 21 7 15
0.508007 0.822333 -0.256315 76.786774
21009 21 7 16
0.549654 0.660338 -0.511697 70.810776
11973 21 8 9
-0.102181 0.504382 0.857413 35.734928
13269 21 8 10
-0.044455 0.538859 0.841222 48.960945
14565 21 8 11
0.030327 0.578056 0.815434 62.715389
15861 21 8 12
0.123979 0.642584 0.756118 75.224754
17157 21 8 13
0.262708 0.765161 0.587803 84.268204
18453 21 8 14
0.469325 0.879894 0.074296 87.925400
19749 21 8 15
0.521785 0.637284 -0.567106 85.563118
21045 21 8 16
0.509146 0.412883 -0.755181 78.339447
17193 21 9 13
0.135988 0.651920 0.745995 90.495239
18489 21 9 14
0.473196 0.813582 -0.337891 92.471291
19785 21 9 15
0.322721 0.163874 -0.932200 88.777985
21081 21 9 16
0.364998 0.061738 -0.928959 80.915909
24969 21 9 19
0.760659 0.055140 -0.646806 51.917393
18525 21 10 14
-0.048464 0.216728 -0.975028 93.714203
25005 21 10 19
0.719316 -0.177631 -0.671589 50.958424
12081 21 11 9
-0.056645 0.462448 0.884835 60.272305
12117 21 12 9
-0.007362 0.329425 0.944153 67.757088
13413 21 12 10
-0.034191 0.464805 0.884753 83.945953
12153 21 13 9
0.043396 0.121734 0.991614 72.124527
13449 21 13 10
0.023967 0.226921 0.973618 89.568092
16113 21 15 12
-0.090084 -0.967429 -0.236573 99.396797
17409 21 15 13
-0.054368 -0.743361 -0.666677 93.694061
18705 21 15 14
0.001500 -0.627094 -0.778942 82.976631
14853 21 16 11
-0.182494 -0.900930 0.393728 87.548805
16149 21 16 12
-0.220526 -0.948463 -0.227568 88.439690
17445 21 16 13
-0.197350 -0.803912 -0.561051 82.398132
13593 21 17 10
-0.271881 -0.687913 0.672946 67.865799
14889 21 17 11
-0.382442 -0.884953 0.265701 75.262589
16185 21 17 12
-0.427332 -0.882061 -0.198383 75.584984
24033 21 19 18
-0.861727 0.490262 -0.130651 55.253445
25329 21 19 19
-0.769062 0.534792 -0.350059 51.259048
24069 21 20 18
-0.961166 0.265384 -0.075711 62.002525
25365 21 20 19
-0.902943 0.293964 -0.313495 58.524231
18921 21 21 14
-0.967244 0.038741 0.250875 56.573200
20217 21 21 15
-0.981191 0.083466 0.174061 59.641224
24105 21 21 18
-0.997455 0.032729 -0.063338 64.785942
25401 21 21 19
-0.957401 0.030196 -0.287177 61.473595
26697 21 21 20
-0.860219 0.037772 -0.508524 53.927578
27993 21 21 21
-0.759115 0.050645 -0.648984 43.567314
18957 21 22 14
-0.928819 -0.024587 0.369716 56.653534
20253 21 22 15
-0.979991 -0.003477 0.199014 60.212959
26733 21 22 20
-0.858678 -0.189301 -0.476274 52.396545
28029 21 22 21
-0.772173 -0.177411 -0.610143 42.420521
33213 21 22 25
-0.840164 -0.177244 -0.512552 14.115919
26769 21 23 20
-0.813831 -0.349901 -0.463948 47.166054
28065 21 23 21
-0.742543 -0.349244 -0.571541 37.862888
31953 21 23 24
-0.732887 -0.368577 -0.571863 16.097263
33249 21 23 25
-0.746963 -0.384094 -0.542695 12.238498
31989 21 24 24
-0.645038 -0.525537 -0.554741 12.801039
22953 21 25 17
-0.799222 -0.386976 -0.459884 53.167667
24249 21 25 18
-0.751210 -0.458911 -0.474430 47.099686
17805 21 26 13
-0.237428 -0.074438 0.968549 49.838776
19101 21 26 14
-0.492819 -0.244400 0.835103 56.751408
17841 21 27 13
-0.034148 -0.414481 0.909417 47.576866
19137 21 27 14
0.044711 -0.811631 0.582457 53.853130
17877 21 28 13
0.129740 -0.704294 0.697952 41.593216
19173 21 28 14
0.265615 -0.918448 0.293091 47.001736
20974 22 6 16
0.456456 0.849357 -0.265029 66.995171
14530 22 7 11
-0.126105 0.641939 0.756315 51.402069
15826 22 7 12
-0.072979 0.719676 0.690464 64.537796
17122 22 7 13
-0.004353 0.826924 0.562296 75.257133
18418 22 7 14
0.122896 0.949915 0.287330 81.500031
19714 22 7 15
0.335775 0.924530 -0.180275 82.254021
21010 22 7 16
0.518163 0.694798 -0.498761 78.166512
14566 22 8 11
-0.164535 0.511372 0.843461 61.566166
15862 22 8 12
-0.130052 0.563900 0.815539 75.184067
17158 22 8 13
-0.091124 0.684662 0.723142 85.271446
18454 22 8 14
0.042425 0.952415 0.301838 89.943420
19750 22 8 15
0.349896 0.658639 -0.666159 88.848747
21046 22 8 16
0.508067 0.312837 -0.802497 83.454193
26230 22 8 20
0.826855 0.211969 -0.520942 53.651081
15898 22 9 12
-0.184251 0.451337 0.873124 81.982185
17194 22 9 13
-0.201785 0.501549 0.841268 90.272934
18490 22 9 14
-0.267353 0.952589 -0.145245 92.948296
26266 22 9 20
0.819488 -0.021427 -0.572695 55.332970
26302 22 10 20
0.756932 -0.234870 -0.609828 53.090782
12082 22 11 9
-0.235808 0.473159 0.848832 57.620487
13378 22 11 10
-0.252363 0.541880 0.801673 72.659477
12118 22 12 9
-0.223594 0.359774 0.905852 65.642685
13414 22 12 10
-0.271139 0.470802 0.839541 81.523804
14710 22 12 11
-0.326368 0.605953 0.725469 93.163818
12154 22 13 9
-0.198223 0.159636 0.967070 70.736122
13450 22 13 10
-0.290149 0.249966 0.923759 87.610924
14746 22 13 11
-0.458795 0.370379 0.807667 99.021545
16042 22 13 12
-0.809625 0.503242 0.302083 103.716194
17338 22 13 13
-0.416714 0.031295 -0.908499 102.208069
12190 22 14 9
-0.169024 -0.074007 0.982830 71.567757
13486 22 14 10
-0.295758 -0.102284 0.949771 88.860535
14782 22 14 11
-0.569561 -0.251956 0.782380 99.845360
16078 22 14 12
-0.789566 -0.609637 -0.070202 103.124298
17374 22 14 13
-0.372968 -0.620688 -0.689668 99.579620
18670 22 14 14
-0.077709 -0.603603 -0.793489 91.417854
22558 22 14 17
0.387744 -0.563415 -0.729533 57.896332
23854 22 14 18
0.433673 -0.535393 -0.724763 46.340672
13522 22 15 10
-0.295710 -0.444533 0.845545 84.435387
14818 22 15 11
-0.492880 -0.724654 0.481608 94.276535
16114 22 15 12
-0.504530 -0.846563 -0.169648 96.035637
17410 22 15 13
-0.345234 -0.778616 -0.523995 90.921234
18706 22 15 14
-0.189302 -0.737651 -0.648102 81.594879
20002 22 15 15
-0.041973 -0.719224 -0.693509 70.623238
21298 22 15 16
0.095951 -0.687167 -0.720135 59.546844
14854 22 16 11
-0.440922 -0.857724 0.264380 82.969627
16150 22 16 12
-0.443766 -0.876341 -0.187345 83.347717
17446 22 16 13
-0.377531 -0.814486 -0.440548 77.574669
18742 22 16 14
-0.306618 -0.773186 -0.555130 68.515564
20038 22 16 15
-0.240162 -0.748765 -0.617797 58.772377
21334 22 16 16
-0.177715 -0.703214 -0.688409 49.735065
14890 22 17 11
-0.472310 -0.866233 0.162986 68.422607
16186 22 17 12
-0.493415 -0.851839 -0.175820 68.124977
17482 22 17 13
-0.486108 -0.787644 -0.378572 62.981312
18778 22 17 14
-0.495971 -0.727437 -0.474181 55.709282
20074 22 17 15
-0.548473 -0.659428 -0.514133 48.636879
23998 22 18 18
-0.879502 0.408036 -0.244915 36.675293
25294 22 18 19
-0.745448 0.519541 -0.417594 33.097061
24034 22 19 18
-0.945405 0.315364 -0.082191 41.267593
25330 22 19 19
-0.879588 0.377892 -0.289002 38.762726
26626 22 19 20
-0.766743 0.404505 -0.498479 33.433514
26662 22 20 20
-0.873142 0.184946 -0.451019 37.550995
27958 22 20 21
-0.768685 0.200543 -0.607376 30.046263
26698 22 21 20
-0.911270 -0.029842 -0.410727 38.668221
27994 22 21 21
-0.826464 -0.012968 -0.562840 31.295235
17662 22 22 13
-0.851402 0.077735 0.518722 41.605778
18958 22 22 14
-0.955622 0.171334 0.239647 45.696915
20254 22 22 15
-0.986163 0.160859 0.040091 47.171528
17698 22 23 13
-0.731443 0.084869 0.676601 42.416489
18994 22 23 14
-0.923137 0.180892 0.339260 47.464928
20290 22 23 15
-0.985063 0.171871 0.010520 49.040512
17734 22 24 13
-0.613203 0.135662 0.778189 43.492554
19030 22 24 14
-0.863527 0.246330 0.440048 49.335758
17806 22 26 13
-0.447286 0.066947 0.891882 46.494553
19102 22 26 14
-0.732252 0.147133 0.664950 53.346325
17842 22 27 13
-0.338009 -0.230991 0.912356 45.810257
19138 22 27 14
-0.506784 -0.446912 0.737184 52.708225
20434 22 27 15
-0.500824 -0.727229 -0.469376 53.907269
21730 22 27 16
-0.123735 -0.405921 -0.905493 49.719967
17878 22 28 13
-0.183307 -0.582704 0.791742 41.433960
19174 22 28 14
-0.129286 -0.866262 0.482572 47.908550
20470 22 28 15
0.036955 -0.974055 -0.223275 49.052013
21766 22 28 16
0.152411 -0.724135 -0.672606 45.031677
17914 22 29 13
-0.060913 -0.789081 0.611262 33.367989
19210 22 29 14
0.027227 -0.950108 0.310731 38.883991
20506 22 29 15
0.144719 -0.983388 -0.109566 40.022957
21802 22 29 16
0.227192 -0.863502 -0.450276 36.793415
20975 23 6 16
0.284883 0.954781 -0.085063 72.798553
22271 23 6 17
0.512256 0.818913 -0.258797 70.170715
15827 23 7 12
-0.300022 0.649154 0.698989 61.044392
17123 23 7 13
-0.296991 0.734431 0.610252 72.755028
18419 23 7 14
-0.263263 0.856088 0.444753 80.620979
19715 23 7 15
-0.073526 0.992250 0.100170 83.768204
21011 23 7 16
0.372716 0.867764 -0.328737 82.771339
26195 23 7 20
0.787777 0.425617 -0.445261 62.863728
15863 23 8 12
-0.353978 0.504850 0.787290 71.270790
17159 23 8 13
-0.405543 0.577791 0.708303 82.305542
18455 23 8 14
-0.494514 0.724017 0.480890 88.360153
19751 23 8 15
-0.328770 0.873733 -0.358470 89.299263
21047 23 8 16
0.461796 0.358227 -0.811429 86.697639
26231 23 8 20
0.847676 0.180968 -0.498694 68.397736
15899 23 9 12
-0.379837 0.411663 0.828407 78.201759
17195 23 9 13
-0.463085 0.447364 0.765126 87.622307
26267 23 9 20
0.824445 -0.095482 -0.557829 69.104530
26303 23 10 20
0.722583 -0.319946 -0.612787 65.665695
13379 23 11 10
-0.445346 0.463703 0.765928 66.320961
14675 23 11 11
-0.464723 0.484767 0.740968 79.527588
15971 23 11 12
-0.483722 0.521963 0.702544 89.385330
25043 23 11 19
0.695595 -0.412397 -0.588282 68.979561
12119 23 12 9
-0.449719 0.338580 0.826508 59.035942
13415 23 12 10
-0.518101 0.389343 0.761566 74.472588
14711 23 12 11
-0.595178 0.425461 0.681723 86.769814
16007 23 12 12
-0.693357 0.450758 0.562204 94.698753
17303 23 12 13
-0.839436 0.493108 0.228454 97.961334
23783 23 12 18
0.630471 -0.446510 -0.634929 71.607780
25079 23 12 19
0.562263 -0.514478 -0.647436 61.651291
12155 23 13 9
-0.462804 0.169686 0.870068 64.198257
13451 23 13 10
-0.593924 0.199985 0.779269 80.045959
14747 23 13 11
-0.760615 0.184978 0.622292 91.462074
16043 23 13 12
-0.939326 0.057721 0.338135 97.425987
17339 23 13 13
-0.939369 -0.287462 -0.186951 98.344894
18635 23 13 14
-0.379783 -0.629301 -0.678045 95.408638
19931 23 13 15
0.147406 -0.657087 -0.739262 89.858940
21227 23 13 16
0.384323 -0.613173 -0.690155 82.519661
22523 23 13 17
0.465712 -0.590082 -0.659482 73.707306
23819 23 13 18
0.471266 -0.588125 -0.657280 63.467552
25115 23 13 19
0.444071 -0.591228 -0.673238 51.967655
12191 23 14 9
-0.451764 -0.048780 0.890803 65.455444
13487 23 14 10
-0.635149 -0.093352 0.766728 81.109497
14783 23 14 11
-0.841234 -0.217599 0.494950 91.321823
16079 23 14 12
-0.902122 -0.425688 0.070471 95.168793
17375 23 14 13
-0.716973 -0.629198 -0.300098 93.611771
18671 23 14 14
-0.409843 -0.764245 -0.497953 88.470192
19967 23 14 15
-0.102981 -0.812745 -0.573447 81.299828
21263 23 14 16
0.127939 -0.789256 -0.600588 72.859978
22559 23 14 17
0.261879 -0.734936 -0.625531 63.286427
23855 23 14 18
0.320860 -0.680312 -0.658957 52.627502
25151 23 14 19
0.335985 -0.635432 -0.695227 41.288090
12227 23 15 9
-0.424704 -0.281959 0.860306 62.232296
13523 23 15 10
-0.612898 -0.408994 0.676077 76.698448
14819 23 15 11
-0.762509 -0.566800 0.311957 85.180954
16115 23 15 12
-0.735915 -0.672076 -0.082119 86.880547
17411 23 15 13
-0.596218 -0.735693 -0.321372 83.173744
18707 23 15 14
-0.424995 -0.794777 -0.433254 76.360229
20003 23 15 15
-0.242942 -0.838746 -0.487324 68.299316
21299 23 15 16
-0.070256 -0.842902 -0.533460 59.808044
22595 23 15 17
0.067462 -0.799267 -0.597177 50.920662
12263 23 16 9
-0.399192 -0.489621 0.775188 54.845314
13559 23 16 10
-0.552788 -0.640026 0.533660 67.165771
14855 23 16 11
-0.644160 -0.746232 0.167914 73.594345
16151 23 16 12
-0.622074 -0.769068 -0.146832 73.549957
17447 23 16 13
-0.547220 -0.772673 -0.321757 68.653694
18743 23 16 14
-0.459975 -0.793296 -0.398879 61.413612
20039 23 16 15
-0.368075 -0.822366 -0.433860 53.811104
21335 23 16 16
-0.277045 -0.834036 -0.477106 46.670670
13595 23 17 10
-0.509903 -0.757099 0.408411 54.262146
14891 23 17 11
-0.579441 -0.809823 0.091839 58.852375
16187 23 17 12
-0.585978 -0.793872 -0.162470 57.987572
25295 23 18 19
-0.876768 0.251097 -0.410156 25.250160
25331 23 19 19
-0.952585 0.193594 -0.234741 27.508394
26627 23 19 20
-0.861695 0.244076 -0.444870 23.915974
26663 23 20 20
-0.925138 0.069860 -0.373147 25.634014
17663 23 22 13
-0.883627 0.214266 0.416284 32.579311
18959 23 22 14
-0.944098 0.302955 0.129986 35.389744
17699 23 23 13
-0.814838 0.191607 0.547107 34.645168
18995 23 23 14
-0.930119 0.300220 0.211535 38.488159
20291 23 23 15
-0.940671 0.325704 -0.095153 38.955597
17735 23 24 13
-0.744108 0.184801 0.641991 36.540779
19031 23 24 14
-0.897375 0.314068 0.309967 41.440529
20327 23 24 15
-0.921177 0.378604 -0.089956 42.435040
19067 23 25 14
-0.857307 0.319723 0.403487 44.499012
20363 23 25 15
-0.904930 0.419704 -0.070355 46.092625
19139 23 27 14
-0.804175 -0.123474 0.581426 47.778820
20435 23 27 15
-0.988828 -0.143980 -0.038586 50.216763
21731 23 27 16
-0.601293 -0.116314 -0.790518 47.523739
17879 23 28 13
-0.507340 -0.419558 0.752713 37.390011
19175 23 28 14
-0.604665 -0.584736 0.540799 44.541023
20471 23 28 15
-0.614229 -0.789128 0.000361 47.113243
21767 23 28 16
-0.320111 -0.694833 -0.644000 44.680794
17915 23 29 13
-0.368874 -0.672459 0.641662 30.775799
19211 23 29 14
-0.363668 -0.836113 0.410682 37.024616
20507 23 29 15
-0.281170 -0.959352 0.024248 39.460899
21803 23 29 16
-0.120332 -0.910920 -0.394645 37.581490
22236 24 5 17
0.185711 0.982600 0.003087 61.045380
20976 24 6 16
-0.066147 0.974625 0.213849 74.417397
22272 24 6 17
0.258691 0.965960 -0.000343 75.706757
17124 24 7 13
-0.494873 0.629875 0.598630 65.714287
18420 24 7 14
-0.524607 0.680764 0.511222 75.030960
19716 24 7 15
-0.504912 0.765978 0.397922 80.857582
21012 24 7 16
-0.243196 0.942398 0.229657 83.540428
26196 24 7 20
0.726546 0.503348 -0.467729 76.250664
27492 24 7 21
0.651018 0.413019 -0.636861 66.639603
15864 24 8 12
-0.508193 0.466513 0.723951 63.601219
17160 24 8 13
-0.580007 0.506693 0.637851 75.310921
18456 24 8 14
-0.680635 0.541017 0.494000 82.924850
19752 24 8 15
-0.777717 0.564431 0.276718 86.367180
21048 24 8 16
-0.694717 0.719195 -0.011259 87.052162
26232 24 8 20
0.818520 0.144961 -0.555888 81.054878
27528 24 8 21
0.675227 0.094531 -0.731527 71.292358
15900 24 9 12
-0.528812 0.383877 0.756965 71.031822
17196 24 9 13
-0.614517 0.424291 0.665091 81.742317
26268 24 9 20
0.733127 -0.255471 -0.630285 80.322525
27564 24 9 21
0.591569 -0.232299 -0.772064 70.053436
26304 24 10 20
0.544163 -0.488402 -0.682166 75.446457
27600 24 10 21
0.458513 -0.447911 -0.767556 64.040329
15972 24 11 12
-0.654115 0.296935 0.695675 81.916466
17268 24 11 13
-0.705969 0.308450 0.637547 90.188599
25044 24 11 19
0.487875 -0.549921 -0.677912 77.106728
26340 24 11 20
0.394532 -0.579040 -0.713483 67.567993
14712 24 12 11
-0.748760 0.226359 0.622993 75.263817
16008 24 12 12
-0.812171 0.137171 0.567065 85.266235
17304 24 12 13
-0.878947 -0.007398 0.476861 91.800140
18600 24 12 14
-0.931611 -0.285801 0.224541 94.679276
19896 24 12 15
-0.317292 -0.719473 -0.617806 94.260704
21192 24 12 16
0.365983 -0.532691 -0.763083 91.204292
22488 24 12 17
0.459632 -0.517941 -0.721440 86.030937
23784 24 12 18
0.418852 -0.575277 -0.702581 78.801727
25080 24 12 19
0.353754 -0.615677 -0.704131 69.252914
13452 24 13 10
-0.767929 0.126375 0.627945 66.711296
14748 24 13 11
-0.864484 0.040387 0.501035 77.863136
16044 24 13 12
-0.924678 -0.123698 0.360097 85.404457
17340 24 13 13
-0.905478 -0.376742 0.195386 89.464806
18636 24 13 14
-0.723891 -0.689465 -0.024877 90.544891
19932 24 13 15
-0.332198 -0.897477 -0.290137 89.051720
21228 24 13 16
0.041145 -0.874176 -0.483863 85.111740
22524 24 13 17
0.220654 -0.780174 -0.585355 78.652435
23820 24 13 18
0.271093 -0.715700 -0.643647 69.649223
25116 24 13 19
0.269632 -0.678885 -0.682945 58.414360
13488 24 14 10
-0.817400 -0.080454 0.570425 67.270164
14784 24 14 11
-0.913094 -0.198534 0.356150 76.394638
16080 24 14 12
-0.917118 -0.370980 0.145838 81.058517
17376 24 14 13
-0.818443 -0.574295 -0.018340 82.122444
18672 24 14 14
-0.624832 -0.768038 -0.140368 80.784027
19968 24 14 15
-0.367439 -0.895637 -0.250643 77.724426
21264 24 14 16
-0.116758 -0.922275 -0.368477 72.904060
22560 24 14 17
0.063301 -0.872063 -0.485282 65.956421
23856 24 14 18
0.162830 -0.795477 -0.583697 56.772724
12228 24 15 9
-0.661549 -0.230515 0.713594 51.792091
13524 24 15 10
-0.809905 -0.322085 0.490220 63.370628
14820 24 15 11
-0.876342 -0.431767 0.213548 70.196434
16116 24 15 12
-0.838071 -0.545419 -0.012434 72.047432
12264 24 16 9
-0.614679 -0.446299 0.650375 45.652702
13560 24 16 10
-0.742552 -0.543785 0.391044 55.134331
14856 24 16 11
-0.785219 -0.610846 0.101481 59.754581
16152 24 16 12
-0.747440 -0.655456 -0.108218 59.480614
12300 24 17 9
-0.553066 -0.616783 0.560086 36.686859
13596 24 17 10
-0.654701 -0.693080 0.301672 43.899963
14892 24 17 11
-0.695881 -0.717231 0.036460 46.838757
16188 24 17 12
-0.685189 -0.712425 -0.151544 45.585415
17700 24 23 13
-0.873475 0.221251 0.433692 26.095892
18996 24 23 14
-0.931191 0.327840 0.159388 29.106428
17736 24 24 13
-0.834378 0.180603 0.520765 28.133345
19032 24 24 14
-0.918440 0.299807 0.258039 32.309402
20328 24 24 15
-0.913999 0.403544 -0.041933 33.417679
21624 24 24 16
-0.843599 0.448334 -0.295530 31.675224
19068 24 25 14
-0.896669 0.271132 0.349960 35.381306
20364 24 25 15
-0.919927 0.390742 0.032471 37.484982
21660 24 25 16
-0.834466 0.459340 -0.304424 36.141239
20472 24 28 15
-0.884810 -0.430849 0.177426 40.655895
21768 24 28 16
-0.815743 -0.483699 -0.317174 40.204494
23064 24 28 17
-0.530480 -0.421458 -0.735502 35.833805
20508 24 29 15
-0.645490 -0.747732 0.155693 34.550087
21804 24 29 16
-0.552066 -0.804663 -0.218494 34.312016
23100 24 29 17
-0.371984 -0.741162 -0.558845 30.606558
24396 24 29 18
-0.207336 -0.613807 -0.761744 24.491856
22237 25 5 17
-0.116237 0.975956 0.184385 61.693005
20977 25 6 16
-0.416922 0.796450 0.438000 70.986763
22273 25 6 17
-0.218636 0.926381 0.306623 76.010605
23569 25 6 18
0.046650 0.995204 0.085982 78.425430
24865 25 6 19
0.232782 0.959470 -0.158838 77.914024
19717 25 7 15
-0.675585 0.544321 0.497291 73.422234
21013 25 7 16
-0.651853 0.560441 0.510875 79.473801
22309 25 7 17
-0.476162 0.685355 0.550961 83.911087
26197 25 7 20
0.452651 0.697751 -0.555204 84.452629
27493 25 7 21
0.421887 0.497705 -0.757826 76.028091
28789 25 7 22
0.388972 0.360626 -0.847732 62.583488
17161 25 8 13
-0.668463 0.465664 0.579926 64.722809
18457 25 8 14
-0.742285 0.465090 0.482394 73.574699
19753 25 8 15
-0.811934 0.417392 0.408103 79.378593
21049 25 8 16
-0.846040 0.307599 0.435429 83.154953
26233 25 8 20
0.521800 0.036070 -0.852305 88.005417
27529 25 8 21
0.405021 0.014808 -0.914187 79.747887
28825 25 8 22
0.364236 -0.001846 -0.931305 65.841850
17197 25 9 13
-0.696873 0.397994 0.596631 72.126602
18493 25 9 14
-0.779272 0.444699 0.441563 79.773270
26269 25 9 20
0.194675 -0.617575 -0.762039 85.583817
27565 25 9 21
0.248729 -0.422751 -0.871444 76.845924
17233 25 10 13
-0.717478 0.309609 0.623993 77.747093
26305 25 10 20
0.027230 -0.695950 -0.717574 79.346024
27601 25 10 21
0.118823 -0.596567 -0.793718 69.154610
17269 25 11 13
-0.771742 0.121963 0.624130 81.094345
18565 25 11 14
-0.842610 0.171882 0.510358 88.216141
19861 25 11 15
-0.911153 0.343813 0.227142 91.337265
25045 25 11 19
-0.075427 -0.649600 -0.756525 79.631569
26341 25 11 20
0.002317 -0.670038 -0.742323 70.778038
17305 25 12 13
-0.834497 -0.161106 0.526934 80.826935
18601 25 12 14
-0.842505 -0.305909 0.443401 87.495537
19897 25 12 15
-0.836585 -0.502558 0.218085 90.787292
21193 25 12 16
-0.605235 -0.718990 -0.341680 90.669418
22489 25 12 17
-0.186695 -0.679467 -0.709556 87.381111
23785 25 12 18
-0.032588 -0.650495 -0.758811 81.134521
25081 25 12 19
0.010769 -0.657844 -0.753077 72.049507
26377 25 12 20
0.035532 -0.659382 -0.750968 60.445278
17341 25 13 13
-0.846826 -0.407156 0.342212 75.901665
18637 25 13 14
-0.743871 -0.615392 0.260668 81.005592
19933 25 13 15
-0.571221 -0.814859 0.098545 83.697609
21229 25 13 16
-0.324728 -0.929328 -0.175786 83.343872
22525 25 13 17
-0.094136 -0.886641 -0.452776 79.453537
23821 25 13 18
0.028675 -0.785510 -0.618184 71.960953
25117 25 13 19
0.073720 -0.712684 -0.697600 61.395119
19969 25 14 15
-0.483717 -0.875011 0.019339 70.384033
21265 25 14 16
-0.273027 -0.952848 -0.132428 69.513359
22561 25 14 17
-0.081903 -0.940791 -0.328943 65.667007
23857 25 14 18
0.050917 -0.859769 -0.508138 58.522202
12229 25 15 9
-0.811235 -0.168291 0.559979 38.341625
13525 25 15 10
-0.900136 -0.246063 0.359454 46.699394
12265 25 16 9
-0.777541 -0.363963 0.512797 34.007912
13561 25 16 10
-0.858278 -0.431358 0.278009 40.534958
14857 25 16 11
-0.866509 -0.494833 0.065597 43.538498
12301 25 17 9
-0.707477 -0.544608 0.450421 27.335720
13597 25 17 10
-0.778266 -0.591204 0.211612 32.114906
14893 25 17 11
-0.791361 -0.611348 -0.000824 33.690472
21661 25 25 16
-0.896002 0.422553 -0.136486 27.719790
22957 25 25 17
-0.790318 0.463889 -0.400256 25.206415
22993 25 26 17
-0.838948 0.337775 -0.426702 28.922365
24289 25 26 18
-0.655510 0.310739 -0.688294 23.981760
23029 25 27 17
-0.889471 0.068773 -0.451788 30.847315
24325 25 27 18
-0.667511 0.062862 -0.741942 25.650795
25621 25 27 19
-0.467800 0.045666 -0.882654 18.927881
23065 25 28 17
-0.847527 -0.306425 -0.433362 29.833008
24361 25 28 18
-0.634226 -0.271706 -0.723832 24.799210
25657 25 28 19
-0.439348 -0.221585 -0.870559 18.260784
21805 25 29 16
-0.796349 -0.602909 -0.048254 27.520582
23101 25 29 17
-0.698665 -0.617309 -0.361659 25.591692
24397 25 29 18
-0.540653 -0.562926 -0.625147 21.230715
25693 25 29 19
-0.391119 -0.475375 -0.788064 15.585068
23534 26 5 18
-0.277101 0.951339 0.134795 61.165638
24830 26 5 19
-0.164375 0.984754 -0.056922 61.865276
22274 26 6 17
-0.555066 0.705344 0.440898 70.456955
23570 26 6 18
-0.454479 0.847943 0.272840 75.610550
24866 26 6 19
-0.304213 0.952602 -0.002012 77.486801
26162 26 6 20
-0.146045 0.939127 -0.310984 75.292152
27458 26 6 21
-0.018178 0.826347 -0.562868 68.451347
28754 26 6 22
0.069652 0.682799 -0.727279 57.279099
30050 26 6 23
0.124300 0.554570 -0.822801 43.406067
21014 26 7 16
-0.754068 0.378592 0.536702 70.580177
22310 26 7 17
-0.755004 0.361651 0.546970 77.743271
23606 26 7 18
-0.753713 0.446489 0.482249 83.285065
24902 26 7 19
-0.721402 0.673834 0.159772 86.220238
26198 26 7 20
-0.441734 0.755163 -0.484356 85.053474
27494 26 7 21
-0.120423 0.549796 -0.826573 78.485779
28790 26 7 22
0.039411 0.384001 -0.922491 66.495346
30086 26 7 23
0.116793 0.283210 -0.951920 50.889320
26234 26 8 20
-0.814162 -0.238204 -0.529527 87.061035
27530 26 8 21
-0.293021 -0.143768 -0.945235 80.832504
28826 26 8 22
-0.036464 -0.089356 -0.995332 68.785118
30122 26 8 23
0.077565 -0.065462 -0.994836 52.785645
17198 26 9 13
-0.743122 0.372967 0.555577 59.410355
26270 26 9 20
-0.660432 -0.623816 -0.417951 83.082664
27566 26 9 21
-0.339617 -0.563140 -0.753348 76.348724
28862 26 9 22
-0.111420 -0.449092 -0.886511 64.362549
30158 26 9 23
0.019691 -0.360386 -0.932596 48.968067
17234 26 10 13
-0.763979 0.254906 0.592756 65.278770
18530 26 10 14
-0.820576 0.335505 0.462701 74.233398
26306 26 10 20
-0.558891 -0.645926 -0.520019 75.989540
27602 26 10 21
-0.323446 -0.654273 -0.683601 67.558075
28898 26 10 22
-0.149283 -0.600042 -0.785916 55.345917
30194 26 10 23
-0.029566 -0.532692 -0.845793 41.099827
17270 26 11 13
-0.787296 0.044685 0.614954 68.117203
18566 26 11 14
-0.845333 0.088443 0.526868 77.667969
19862 26 11 15
-0.916503 0.192074 0.350900 83.487709
21158 26 11 16
-0.957619 0.282978 0.053746 85.593376
26342 26 11 20
-0.423229 -0.610867 -0.669117 67.695343
27638 26 11 21
-0.269686 -0.650324 -0.710175 56.974781
28934 26 11 22
-0.149195 -0.641362 -0.752592 44.425346
18602 26 12 14
-0.805409 -0.287416 0.518371 76.135666
19898 26 12 15
-0.848103 -0.353615 0.394560 82.654633
21194 26 12 16
-0.899873 -0.431232 0.065325 85.269112
22490 26 12 17
-0.747868 -0.482116 -0.456353 83.761024
23786 26 12 18
-0.489943 -0.503290 -0.711797 78.405464
25082 26 12 19
-0.339217 -0.549871 -0.763265 69.786247
26378 26 12 20
-0.246979 -0.595576 -0.764389 58.718151
27674 26 12 21
-0.173779 -0.623482 -0.762280 46.287178
21230 26 13 16
-0.516877 -0.852412 0.078939 77.993263
22526 26 13 17
-0.345347 -0.886345 -0.308428 76.719330
23822 26 13 18
-0.181156 -0.769325 -0.612635 70.887054
25118 26 13 19
-0.096031 -0.660600 -0.744571 61.203754
23571 27 6 18
-0.696371 0.636357 0.331840 66.865929
24867 27 6 19
-0.657969 0.745015 0.109684 70.376442
28755 27 6 22
-0.267921 0.683633 -0.678870 55.634346
30051 27 6 23
-0.149467 0.570269 -0.807746 43.261467
22311 27 7 17
-0.825659 0.252352 0.504585 66.684212
23607 27 7 18
-0.876220 0.244585 0.415231 73.547630
24903 27 7 19
-0.932414 0.297245 0.205545 77.761147
27495 27 7 21
-0.690110 0.396498 -0.605424 73.530563
28791 27 7 22
-0.410670 0.335116 -0.847967 63.805965
30087 27 7 23
-0.214206 0.266129 -0.939836 50.192055
22347 27 8 17
-0.900169 0.067923 0.430211 68.824921
28827 27 8 22
-0.503067 -0.177408 -0.845843 64.875587
30123 27 8 23
-0.272423 -0.126375 -0.953842 51.284092
28863 27 9 22
-0.490225 -0.498027 -0.715296 59.451649
30159 27 9 23
-0.296977 -0.426305 -0.854440 46.680565
17235 27 10 13
-0.785014 0.229548 0.575379 50.835960
18531 27 10 14
-0.830951 0.301428 0.467613 60.433788
27603 27 10 21
-0.627136 -0.592674 -0.505409 59.769428
28899 27 10 22
-0.451737 -0.610655 -0.650411 50.110504
30195 27 10 23
-0.297342 -0.576608 -0.760994 38.396473
17271 27 11 13
-0.786795 0.023892 0.616752 53.327858
18567 27 11 14
-0.837575 0.080242 0.540397 63.990894
19863 27 11 15
-0.901063 0.178165 0.395402 71.641197
21159 27 11 16
-0.951391 0.267395 0.152826 75.479134
27639 27 11 21
-0.536956 -0.570672 -0.621298 50.251461
19899 27 12 15
-0.842302 -0.235032 0.485065 71.400688
21195 27 12 16
-0.950301 -0.204061 0.235134 76.263741
22491 27 12 17
-0.953249 -0.171734 -0.248644 76.380096
23787 27 12 18
-0.754755 -0.204721 -0.623245 71.878647
21231 27 13 16
-0.635517 -0.712352 0.297778 70.641289
22527 27 13 17
-0.594092 -0.788432 -0.159467 71.787827
23823 27 13 18
-0.407111 -0.636366 -0.655209 67.589561
25119 27 13 19
-0.260793 -0.479777 -0.837735 58.808964
22312 28 7 17
-0.854241 0.207895 0.476500 52.990616
23608 28 7 18
-0.911313 0.169761 0.375086 60.019722
24904 28 7 19
-0.965532 0.164751 0.201506 64.600601
30088 28 7 23
-0.524353 0.210327 -0.825116 44.503811
22348 28 8 17
-0.915766 0.072147 0.395180 55.027313
23644 28 8 18
-0.949888 -0.070403 0.304560 60.544964
30124 28 8 23
-0.573640 -0.172380 -0.800763 44.734604
31420 28 8 24
-0.402911 -0.127214 -0.906355 32.336166
30160 28 9 23
-0.555033 -0.443382 -0.703812 39.874134
31456 28 9 24
-0.408033 -0.382905 -0.828790 28.757668
30196 28 10 23
-0.516526 -0.571199 -0.637912 32.084473
18568 28 11 14
-0.827195 0.106672 0.551697 49.338982
19864 28 11 15
-0.883327 0.206890 0.420630 57.706001
21160 28 11 16
-0.932302 0.300059 0.201937 62.648270
19900 28 12 15
-0.835566 -0.107079 0.538854 58.693855
21196 28 12 16
-0.947416 -0.002930 0.319991 65.042259
22492 28 12 17
-0.988788 0.105704 -0.105476 66.506737
21232 28 13 16
-0.744400 -0.474613 0.469692 62.107147
22528 28 13 17
-0.885907 -0.463248 0.023870 65.180107
23824 28 13 18
-0.719130 -0.269642 -0.640426 62.455612
25120 28 13 19
-0.465138 -0.139491 -0.874179 54.606659
22564 28 14 17
-0.381011 -0.894131 0.235290 58.726578
23860 28 14 18
-0.273997 -0.836532 -0.474489 58.072746
25156 28 14 19
-0.107587 -0.429726 -0.896527 51.795471
22313 29 7 17
-0.870898 0.184146 0.455662 39.025558
23609 29 7 18
-0.928292 0.133348 0.347120 45.343838
24905 29 7 19
-0.976581 0.103199 0.188783 49.578793
28793 29 7 22
-0.867219 0.130090 -0.480632 43.689369
30089 29 7 23
-0.726655 0.141133 -0.672349 35.431629
31385 29 7 24
-0.581745 0.141774 -0.800920 25.738853
22349 29 8 17
-0.924924 0.077076 0.372256 40.820911
23645 29 8 18
-0.961174 -0.060488 0.269232 45.693802
24941 29 8 19
-0.976675 -0.168098 0.133602 48.832703
30125 29 8 23
-0.751388 -0.193931 -0.630719 34.994534
31421 29 8 24
-0.611771 -0.150348 -0.776616 25.664268
31457 29 9 24
-0.596763 -0.382842 -0.705199 22.379139
19865 29 11 15
-0.869647 0.244027 0.429145 43.474415
21161 29 11 16
-0.915067 0.333064 0.227423 48.731365
19901 29 12 15
-0.834399 0.012883 0.551010 45.654819
21197 29 12 16
-0.928276 0.143629 0.343038 52.484642
22493 29 12 17
-0.962877 0.269448 -0.016326 54.827347
21233 29 13 16
-0.827779 -0.203899 0.522692 52.223713
22529 29 13 17
-0.988784 -0.054014 0.139243 56.413803
23825 29 13 18
-0.892627 0.124388 -0.433296 54.893307
22565 29 14 17
-0.738680 -0.548397 0.391935 53.565178
23861 29 14 18
-0.849859 -0.395476 -0.348336 54.198627
25157 29 14 19
-0.528043 -0.075759 -0.845832 48.962238
25193 29 15 19
-0.299484 -0.579739 -0.757767 46.454601
26489 29 15 20
-0.162988 -0.233236 -0.958664 38.600986
25229 29 16 19
-0.056805 -0.911309 -0.407786 40.326347
26525 29 16 20
-0.022365 -0.589395 -0.807535 34.654690
26561 29 17 20
0.045279 -0.822483 -0.566984 27.895180
24906 30 7 19
-0.982945 0.068748 0.170568 34.993309
26202 30 7 20
-0.998829 0.048331 -0.001977 36.200134
27498 30 7 21
-0.981097 0.049566 -0.187059 34.885437
28794 30 7 22
-0.925122 0.064865 -0.374088 31.065269
23646 30 8 18
-0.969253 -0.049430 0.241050 31.809687
24942 30 8 19
-0.981734 -0.154763 0.110665 34.215939
22494 30 12 17
-0.944232 0.327992 0.029098 41.951931
22530 30 13 17
-0.978971 0.132866 0.154801 45.204201
23826 30 13 18
-0.929087 0.263695 -0.259349 44.529888
22566 30 14 17
-0.915479 -0.202113 0.347919 44.921177
23862 30 14 18
-0.987917 -0.025448 -0.152884 46.140900
22602 30 15 17
-0.699917 -0.521723 0.487771 40.758636
23898 30 15 18
-0.879614 -0.473441 0.046181 43.828369
25194 30 15 19
-0.807182 -0.264173 -0.527892 41.537636
26490 30 15 20
-0.583976 -0.080180 -0.807802 34.649071
22638 30 16 17
-0.477557 -0.706539 0.522246 33.557686
23934 30 16 18
-0.603366 -0.773672 0.193341 37.698387
25230 30 16 19
-0.642118 -0.689806 -0.334442 37.136944
26526 30 16 20
-0.519115 -0.457618 -0.721877 32.013691
27822 30 16 21
-0.386732 -0.278150 -0.879245 24.082773
23970 30 17 18
-0.393895 -0.887214 0.240202 29.031460
25266 30 17 19
-0.432925 -0.888006 -0.154986 29.565033
26562 30 17 20
-0.399109 -0.744523 -0.535162 26.211542
27858 30 17 21
-0.326901 -0.558817 -0.762142 20.172564
22531 31 13 17
-0.972662 0.185488 0.139727 32.580173
22567 31 14 17
-0.962505 -0.047692 0.267037 33.541615
22603 31 15 17
-0.872439 -0.309001 0.378639 31.358644
23899 31 15 18
-0.974038 -0.222538 0.041564 33.946587
23935 31 16 18
-0.849322 -0.508020 0.143419 29.793453
25231 31 16 19
-0.875543 -0.426509 -0.226969 29.371929
