2.000000
24 24 24
14.386646 8.386855 7.096003
-9.613354 -15.613145 -16.903997
41.802567 1697.439391 732.267978
5381 5 8 9
0.881759 0.252914 0.398164 22.019167
5957 5 8 10
0.948332 0.259660 0.182326 25.253857
6533 5 8 11
0.966625 0.250779 -0.052404 26.005392
7109 5 8 12
0.935674 0.229254 -0.268249 24.087242
7685 5 8 13
0.874240 0.202687 -0.441161 20.071163
5405 5 9 9
0.915746 0.053547 0.398174 23.682161
5981 5 9 10
0.982375 0.054507 0.178795 27.092278
6557 5 9 11
0.996958 0.052277 -0.057802 27.830997
7133 5 9 12
0.960846 0.048421 -0.272818 25.730251
7709 5 9 13
0.895183 0.045101 -0.443411 21.422768
5429 5 10 9
0.915342 -0.120317 0.384282 23.259295
6005 5 10 10
0.977274 -0.123188 0.172511 26.620462
6581 5 10 11
0.991511 -0.118397 -0.053733 27.363018
5358 6 7 9
0.701874 0.535771 0.469386 26.539478
5934 6 7 10
0.787004 0.566399 0.244575 30.818090
6510 6 7 11
0.829454 0.558271 -0.018444 32.224895
7086 6 7 12
0.816374 0.511150 -0.268811 30.385883
7662 6 7 13
0.764509 0.444520 -0.466828 25.829521
8238 6 7 14
0.699226 0.378424 -0.606529 19.755804
4806 6 8 8
0.673681 0.297293 0.676588 24.714499
5382 6 8 9
0.795721 0.334943 0.504620 31.781116
5958 6 8 10
0.898361 0.356617 0.256460 36.680408
6534 6 8 11
0.936865 0.347778 -0.036544 38.130077
7110 6 8 12
0.900295 0.311309 -0.304229 35.767345
7686 6 8 13
0.822662 0.265483 -0.502738 30.281424
8262 6 8 14
0.739133 0.224452 -0.635062 23.106215
4830 6 9 8
0.719974 0.093067 0.687733 26.964132
5406 6 9 9
0.852521 0.105501 0.511936 34.577198
5982 6 9 10
0.960343 0.111950 0.255359 39.786255
6558 6 9 11
0.993083 0.108313 -0.045335 41.238323
7134 6 9 12
0.944411 0.097111 -0.314097 38.594067
7710 6 9 13
0.856469 0.085106 -0.509135 32.637177
8286 6 9 14
0.766653 0.076547 -0.637482 24.917734
4854 6 10 8
0.739602 -0.088024 0.667263 26.948151
5430 6 10 9
0.865297 -0.098689 0.491448 34.559429
6006 6 10 10
0.964345 -0.104871 0.242985 39.759968
6582 6 10 11
0.993931 -0.101466 -0.042494 41.211628
7158 6 10 12
0.950212 -0.088259 -0.298844 38.595367
7734 6 10 13
0.869380 -0.069644 -0.489212 32.700787
8310 6 10 14
0.784685 -0.049568 -0.617910 25.058578
4878 6 11 8
0.744522 -0.222080 0.629577 24.991938
5454 6 11 9
0.854148 -0.246394 0.457953 32.122524
6030 6 11 10
0.938632 -0.259179 0.227590 37.038769
6606 6 11 11
0.967254 -0.251874 -0.031283 38.491825
7182 6 11 12
0.936622 -0.225216 -0.268359 36.175785
7758 6 11 13
0.871543 -0.188048 -0.452825 30.803949
8334 6 11 14
0.798044 -0.148775 -0.583945 23.768370
5478 6 12 9
0.838646 -0.342872 0.423216 28.091148
6054 6 12 10
0.908538 -0.358819 0.214029 32.511127
6630 6 12 11
0.936096 -0.351371 -0.016238 33.942356
7206 6 12 12
0.918261 -0.321006 -0.231846 32.091343
7782 6 12 13
0.869870 -0.276361 -0.408596 27.539942
8358 6 12 14
0.809116 -0.227102 -0.541992 21.460470
6078 6 13 10
0.881392 -0.426866 0.202323 27.078196
6654 6 13 11
0.906720 -0.421733 -0.000778 28.432459
5911 7 6 10
0.494412 0.819956 0.288493 30.135042
6487 7 6 11
0.552045 0.832962 0.037685 32.169979
7063 7 6 12
0.575636 0.787134 -0.221503 31.021412
7639 7 6 13
0.563722 0.698293 -0.441140 26.999048
8215 7 6 14
0.530670 0.597488 -0.601164 21.155094
4783 7 7 8
0.420757 0.554323 0.718115 26.123011
5359 7 7 9
0.521638 0.638345 0.566047 34.006111
5935 7 7 10
0.627524 0.705642 0.329064 39.836960
6511 7 7 11
0.698197 0.715682 0.017931 42.132126
7087 7 7 12
0.700736 0.651939 -0.289733 40.288239
7663 7 7 13
0.652335 0.550887 -0.520560 34.821480
8239 7 7 14
0.589356 0.453987 -0.668248 27.149750
8815 7 7 15
0.531528 0.377181 -0.758428 19.031502
4231 7 8 7
0.391380 0.307808 0.867223 21.978926
4807 7 8 8
0.496071 0.369331 0.785817 31.750282
5383 7 8 9
0.634514 0.440977 0.634769 41.059437
5959 7 8 10
0.782697 0.501634 0.368441 47.777950
6535 7 8 11
0.862776 0.505582 -0.002126 50.208054
7111 7 8 12
0.827161 0.441698 -0.347430 47.742970
7687 7 8 13
0.734309 0.358435 -0.576467 41.091629
8263 7 8 14
0.643260 0.289975 -0.708611 31.968792
8839 7 8 15
0.571103 0.241838 -0.784446 22.421276
4255 7 9 7
0.438594 0.126053 0.889801 24.396027
4831 7 9 8
0.560416 0.154052 0.813758 35.138161
5407 7 9 9
0.724609 0.187031 0.663296 45.285202
5983 7 9 10
0.898873 0.214653 0.382035 52.504177
6559 7 9 11
0.976663 0.214239 -0.015209 54.985939
7135 7 9 12
0.910739 0.184324 -0.369566 52.145813
7711 7 9 13
0.791970 0.150658 -0.591680 44.821323
8287 7 9 14
0.686875 0.126778 -0.715633 34.894768
8863 7 9 15
0.608048 0.113263 -0.785779 24.557241
4279 7 10 7
0.478978 -0.036512 0.877067 24.887133
4855 7 10 8
0.604296 -0.043808 0.795555 35.833569
5431 7 10 9
0.767204 -0.053351 0.639180 46.147179
6007 7 10 10
0.930644 -0.061741 0.360679 53.455235
6583 7 10 11
0.997994 -0.061296 -0.015839 55.944839
7159 7 10 12
0.935059 -0.049668 -0.350996 53.061203
7735 7 10 13
0.822196 -0.032913 -0.568252 45.677025
8311 7 10 14
0.719763 -0.015397 -0.694049 35.687141
8887 7 10 15
0.641513 0.001739 -0.767110 25.270340
4879 7 11 8
0.633458 -0.192142 0.749541 34.117081
5455 7 11 9
0.776910 -0.227736 0.586981 43.981373
6031 7 11 10
0.910785 -0.254440 0.325164 51.003189
6607 7 11 11
0.967546 -0.252596 -0.007103 53.464493
7183 7 11 12
0.925072 -0.219615 -0.309857 50.841434
7759 7 11 13
0.835004 -0.173652 -0.522124 43.948963
8335 7 11 14
0.744853 -0.128967 -0.654646 34.550808
8911 7 11 15
0.671187 -0.090130 -0.735788 24.676573
4903 7 12 8
0.656613 -0.293318 0.694855 30.694860
5479 7 12 9
0.776141 -0.340267 0.530871 39.632496
6055 7 12 10
0.880806 -0.372751 0.291956 46.060303
6631 7 12 11
0.928355 -0.371657 0.005293 48.436523
7207 7 12 12
0.904944 -0.334544 -0.262976 46.272972
7783 7 12 13
0.839070 -0.278474 -0.467347 40.257710
8359 7 12 14
0.763805 -0.220442 -0.606636 31.916826
8935 7 12 15
0.695913 -0.168779 -0.698010 23.032225
5503 7 13 9
0.772117 -0.418127 0.478544 33.987610
6079 7 13 10
0.852369 -0.451595 0.263683 39.592319
6655 7 13 11
0.891413 -0.452851 0.017550 41.800098
7231 7 13 12
0.881060 -0.419842 -0.217869 40.169647
7807 7 13 13
0.835359 -0.364992 -0.411043 35.227356
8383 7 13 14
0.774533 -0.303640 -0.554889 28.203609
8959 7 13 15
0.712679 -0.246198 -0.656868 20.577795
5527 7 14 9
0.762175 -0.484146 0.429758 27.727718
6103 7 14 10
0.822370 -0.516645 0.238296 32.362518
6679 7 14 11
0.853277 -0.520734 0.027478 34.306347
7255 7 14 12
0.850553 -0.495085 -0.177344 33.178898
7831 7 14 13
0.820114 -0.447682 -0.356362 29.344128
8407 7 14 14
0.772335 -0.390091 -0.501326 23.727057
8983 7 14 15
0.717055 -0.332418 -0.612642 17.490007
6127 7 15 10
0.786659 -0.579068 0.214122 24.965431
6703 7 15 11
0.809940 -0.585530 0.033923 26.562653
7279 7 15 12
0.810578 -0.567925 -0.142914 25.843685
7855 7 15 13
0.790418 -0.530923 -0.305550 23.035366
8431 7 15 14
0.753498 -0.481814 -0.447322 18.787088
9007 7 15 15
0.705408 -0.428382 -0.564701 13.961750
5336 8 6 9
0.195802 0.816434 0.543228 29.169483
5912 8 6 10
0.256774 0.902092 0.346838 34.900593
6488 8 6 11
0.317992 0.944410 0.083486 37.751274
7064 8 6 12
0.359986 0.909571 -0.207581 36.953453
7640 8 6 13
0.371901 0.806936 -0.458851 32.705650
8216 8 6 14
0.361527 0.681991 -0.635757 26.103502
8792 8 6 15
0.341993 0.569520 -0.747454 18.711859
4784 8 7 8
0.194688 0.604872 0.772157 29.854794
5360 8 7 9
0.268616 0.718367 0.641712 39.205517
5936 8 7 10
0.363819 0.833600 0.415628 46.419907
6512 8 7 11
0.452933 0.888438 0.074365 49.718426
7088 8 7 12
0.487813 0.821874 -0.294215 48.244602
7664 8 7 13
0.467032 0.681041 -0.563972 42.401970
8240 8 7 14
0.427334 0.545963 -0.720631 33.689804
8816 8 7 15
0.390307 0.444220 -0.806430 24.119099
4232 8 8 7
0.188432 0.353804 0.916142 25.267717
4808 8 8 8
0.260554 0.435585 0.861613 36.730934
5384 8 8 9
0.372456 0.547758 0.749158 47.887745
5960 8 8 10
0.530527 0.680575 0.505330 56.290237
6536 8 8 11
0.666311 0.742776 0.065670 59.881538
7112 8 8 12
0.661781 0.642312 -0.386628 57.771961
7688 8 8 13
0.577734 0.492374 -0.650993 50.569855
8264 8 8 14
0.500361 0.380275 -0.777837 40.117149
8840 8 8 15
0.445522 0.308627 -0.840393 28.773417
9416 8 8 16
0.409021 0.265147 -0.873155 18.598272
4256 8 9 7
0.242370 0.180427 0.953259 28.559698
4832 8 9 8
0.335751 0.227852 0.913977 41.362358
5408 8 9 9
0.488924 0.297756 0.819936 53.704582
5984 8 9 10
0.721059 0.389642 0.572933 62.863205
6560 8 9 11
0.900911 0.430251 0.056947 66.618103
7136 8 9 12
0.826142 0.350824 -0.440922 64.086845
7712 8 9 13
0.677962 0.260638 -0.687340 56.030476
8288 8 9 14
0.570883 0.204580 -0.795135 44.506905
8864 8 9 15
0.502986 0.174221 -0.846553 32.071690
9440 8 9 16
0.460891 0.159999 -0.872914 20.916929
4280 8 10 7
0.300523 0.021059 0.953542 29.841888
4856 8 10 8
0.408213 0.025402 0.912533 43.157543
5432 8 10 9
0.581301 0.030975 0.813099 55.940025
6008 8 10 10
0.830138 0.037644 0.556286 65.368401
6584 8 10 11
0.997935 0.040803 0.049612 69.184402
7160 8 10 12
0.905092 0.038254 -0.423491 66.536583
7736 8 10 13
0.746035 0.038184 -0.664811 58.252823
8312 8 10 14
0.630649 0.043037 -0.774874 46.447834
8888 8 10 15
0.556958 0.051649 -0.828933 33.702633
9464 8 10 16
0.511159 0.062726 -0.857194 22.216696
4304 8 11 7
0.359952 -0.104801 0.927066 29.238832
4880 8 11 8
0.471952 -0.135086 0.871213 42.267685
5456 8 11 9
0.637916 -0.176506 0.749606 54.765717
6032 8 11 10
0.845785 -0.221245 0.485489 63.990997
6608 8 11 11
0.971277 -0.233173 0.047444 67.767830
7184 8 11 12
0.911169 -0.192818 -0.364132 65.291115
7760 8 11 13
0.783070 -0.138091 -0.606409 57.363647
8336 8 11 14
0.676555 -0.091589 -0.730675 46.001839
8912 8 11 15
0.602644 -0.054821 -0.796125 33.657711
9488 8 11 16
0.553932 -0.025630 -0.832168 22.433523
4904 8 12 8
0.526417 -0.251765 0.812096 39.287182
5480 8 12 9
0.671441 -0.315573 0.670507 50.893070
6056 8 12 10
0.829449 -0.374489 0.414456 59.500874
6632 8 12 11
0.919993 -0.388822 0.049294 63.122231
7208 8 12 12
0.890524 -0.342194 -0.299784 61.013489
7784 8 12 13
0.799181 -0.270293 -0.536891 53.877357
8360 8 12 14
0.708182 -0.203524 -0.676060 43.508343
8936 8 12 15
0.636688 -0.150006 -0.756391 32.111984
9512 8 12 16
0.584825 -0.109377 -0.803752 21.618305
4928 8 13 8
0.569523 -0.343705 0.746666 34.853065
5504 8 13 9
0.689554 -0.414897 0.593612 45.113106
6080 8 13 10
0.805930 -0.473105 0.355877 52.771984
6656 8 13 11
0.871499 -0.487634 0.051985 56.107182
7232 8 13 12
0.860329 -0.448071 -0.243037 54.453316
7808 8 13 13
0.798592 -0.378449 -0.468004 48.367886
8384 8 13 14
0.724008 -0.306174 -0.618118 39.346252
8960 8 13 15
0.656277 -0.244440 -0.713828 29.274261
9536 8 13 16
0.601236 -0.196678 -0.774489 19.860693
4952 8 14 8
0.596878 -0.428852 0.678102 29.452072
5528 8 14 9
0.691932 -0.499081 0.521678 38.068050
6104 8 14 10
0.775625 -0.551601 0.306825 44.542103
6680 8 14 11
0.822613 -0.566096 0.053324 47.462154
7256 8 14 12
0.820666 -0.536906 -0.195548 46.257111
7832 8 14 13
0.780228 -0.478172 -0.403232 41.327763
8408 8 14 14
0.721057 -0.409894 -0.558627 33.843544
8984 8 14 15
0.658713 -0.346200 -0.668014 25.339455
9560 8 14 16
0.601931 -0.293801 -0.742536 17.270880
4976 8 15 8
0.605509 -0.513614 0.607914 23.494547
5552 8 15 9
0.677936 -0.577562 0.454781 30.322058
6128 8 15 10
0.736751 -0.622423 0.264172 35.482479
6704 8 15 11
0.769518 -0.636480 0.052296 37.883156
7280 8 15 12
0.770838 -0.617340 -0.157164 37.058979
7856 8 15 13
0.744122 -0.572545 -0.344202 33.271755
8432 8 15 14
0.698104 -0.514226 -0.498220 27.382643
9008 8 15 15
0.642879 -0.453801 -0.617067 20.579361
9584 8 15 16
0.587271 -0.399261 -0.704062 14.043070
5000 8 16 8
0.596842 -0.594391 0.538960 17.463976
5576 8 16 9
0.650705 -0.649092 0.394034 22.518883
6152 8 16 10
0.691511 -0.685833 0.226817 26.357613
6728 8 16 11
0.713560 -0.698888 0.048864 28.185181
7304 8 16 12
0.714581 -0.687804 -0.127669 27.646740
7880 8 16 13
0.695335 -0.656267 -0.292955 24.900208
8456 8 16 14
0.659115 -0.610310 -0.439419 20.545626
9032 8 16 15
0.611684 -0.557141 -0.561638 15.452547
9608 8 16 16
0.560225 -0.503821 -0.657505 10.521132
6465 9 5 11
0.004559 0.991750 0.128110 27.396940
7041 9 5 12
0.040075 0.993406 -0.107418 27.544355
7617 9 5 13
0.074144 0.936778 -0.341978 25.013374
8193 9 5 14
0.100760 0.837146 -0.537619 20.449356
8769 9 5 15
0.118179 0.724873 -0.678670 14.978754
5337 9 6 9
-0.036284 0.825695 0.562948 30.151123
5913 9 6 10
-0.006495 0.924221 0.381804 36.536949
6489 9 6 11
0.034502 0.991130 0.128338 40.071732
7065 9 6 12
0.080276 0.982019 -0.170862 39.815586
7641 9 6 13
0.118650 0.888193 -0.443886 35.810108
8217 9 6 14
0.143261 0.755681 -0.639079 29.079006
8793 9 6 15
0.156800 0.631365 -0.759468 21.235203
9369 9 6 16
0.164382 0.533641 -0.829582 13.878637
4785 9 7 8
-0.030171 0.625312 0.779791 30.879240
5361 9 7 9
-0.002627 0.746910 0.664920 41.001823
5937 9 7 10
0.042417 0.885317 0.463049 49.146416
6513 9 7 11
0.105203 0.985148 0.135706 53.357182
7089 9 7 12
0.165179 0.951975 -0.257797 52.554768
7665 9 7 13
0.198681 0.801990 -0.563328 46.957321
8241 9 7 14
0.210571 0.642116 -0.737121 37.995628
8817 9 7 15
0.214129 0.520792 -0.826392 27.760239
9393 9 7 16
0.216439 0.438748 -0.872155 18.246037
4233 9 8 7
-0.009006 0.389901 0.920813 26.329540
4809 9 8 8
0.017298 0.480737 0.876694 38.632507
5385 9 8 9
0.064024 0.612483 0.787886 50.902149
5961 9 8 10
0.146584 0.796170 0.587049 60.552155
6537 9 8 11
0.262580 0.951866 0.158126 65.286903
7113 9 8 12
0.329324 0.867098 -0.373746 63.947170
7689 9 8 13
0.323123 0.654193 -0.683829 56.940865
8265 9 8 14
0.302944 0.493937 -0.815016 46.059982
8841 9 8 15
0.289148 0.395970 -0.871551 33.784836
9417 9 8 16
0.283204 0.338879 -0.897194 22.414585
4257 9 9 7
0.045467 0.235882 0.970718 30.430126
4833 9 9 8
0.089151 0.300114 0.949728 44.448750
5409 9 9 9
0.170380 0.405103 0.898255 58.288925
5985 9 9 10
0.333020 0.588565 0.736674 69.020447
6561 9 9 11
0.579059 0.790188 0.200731 74.122032
7137 9 9 12
0.588204 0.641532 -0.492394 72.406563
7713 9 9 13
0.477948 0.431985 -0.764824 64.436951
8289 9 9 14
0.409761 0.319325 -0.854475 52.254841
8865 9 9 15
0.374426 0.262233 -0.889404 38.584305
9441 9 9 16
0.358117 0.234349 -0.903788 25.902924
4281 9 10 7
0.113652 0.089991 0.989437 32.680641
4857 9 10 8
0.178076 0.113196 0.977484 47.610992
5433 9 10 9
0.299131 0.152999 0.941866 62.269749
6009 9 10 10
0.551174 0.229359 0.802248 73.557922
6585 9 10 11
0.921738 0.319945 0.219167 78.862686
7161 9 10 12
0.819337 0.247455 -0.517158 77.009537
7737 9 10 13
0.617851 0.171844 -0.767287 68.647987
8313 9 10 14
0.511525 0.139152 -0.847926 55.921425
8889 9 10 15
0.457411 0.127817 -0.880022 41.629082
9465 9 10 16
0.430422 0.127142 -0.893629 28.295797
4305 9 11 7
0.188922 -0.032176 0.981465 33.064537
4881 9 11 8
0.271028 -0.049313 0.961308 48.069088
5457 9 11 9
0.416754 -0.076239 0.905817 62.757130
6033 9 11 10
0.680720 -0.117846 0.723002 74.045967
6609 9 11 11
0.972203 -0.148697 0.180859 79.368469
7185 9 11 12
0.893078 -0.110208 -0.436194 77.596451
7761 9 11 13
0.707600 -0.060971 -0.703978 69.387329
8337 9 11 14
0.591347 -0.025955 -0.806000 56.835796
8913 9 11 15
0.525739 -0.000095 -0.850646 42.658768
9489 9 11 16
0.489108 0.020027 -0.871993 29.316092
4329 9 12 7
0.264111 -0.133069 0.955269 31.857885
4905 9 12 8
0.356858 -0.181420 0.916373 46.189266
5481 9 12 9
0.505255 -0.251125 0.825623 60.186157
6057 9 12 10
0.723601 -0.340257 0.600523 70.948959
6633 9 12 11
0.909093 -0.391016 0.143727 76.081406
7209 9 12 12
0.878551 -0.333789 -0.341662 74.532608
7785 9 12 13
0.748630 -0.242289 -0.617130 66.899109
8361 9 12 14
0.642428 -0.170757 -0.747080 55.100353
8937 9 12 15
0.572009 -0.120826 -0.811300 41.645912
9513 9 12 16
0.527110 -0.086622 -0.845371 28.847166
4353 9 13 7
0.332083 -0.226988 0.915531 29.354008
4929 9 13 8
0.427402 -0.296498 0.854059 42.403179
5505 9 13 9
0.562093 -0.385939 0.731508 55.112865
6081 9 13 10
0.725341 -0.480136 0.493305 64.896484
6657 9 13 11
0.843168 -0.524430 0.118499 69.627808
7233 9 13 12
0.836937 -0.477729 -0.267041 68.361290
7809 9 13 13
0.753365 -0.386952 -0.531705 61.586601
8385 9 13 14
0.664471 -0.303049 -0.683110 50.961014
8961 9 13 15
0.593936 -0.239688 -0.767978 38.701416
9537 9 13 16
0.542477 -0.195553 -0.816993 26.910955
4377 9 14 7
0.386156 -0.326100 0.862868 25.759064
4953 9 14 8
0.476330 -0.407139 0.779325 37.060429
5529 9 14 9
0.588254 -0.499880 0.635671 48.032383
6105 9 14 10
0.703631 -0.583287 0.405806 56.485447
6681 9 14 11
0.779162 -0.618893 0.099386 60.627060
7257 9 14 12
0.782052 -0.586383 -0.211068 59.640045
7833 9 14 13
0.729682 -0.511213 -0.454120 53.889935
8409 9 14 14
0.659020 -0.429719 -0.617280 44.730583
8985 9 14 15
0.592268 -0.360671 -0.720510 34.037945
9561 9 14 16
0.537092 -0.308743 -0.784990 23.659019
10137 9 14 17
0.494459 -0.272678 -0.825322 14.951208
4401 9 15 7
0.421764 -0.431088 0.797670 21.299778
4977 9 15 8
0.500823 -0.514140 0.696302 30.542934
5553 9 15 9
0.587567 -0.599129 0.543883 39.489708
6129 9 15 10
0.666109 -0.666919 0.333943 46.384937
6705 9 15 11
0.714188 -0.695010 0.083049 49.795452
7281 9 15 12
0.718462 -0.674662 -0.169243 49.048710
7857 9 15 13
0.684787 -0.618473 -0.385432 44.396160
8433 9 15 14
0.630164 -0.547967 -0.550115 36.889019
9009 9 15 15
0.570417 -0.479916 -0.666562 28.044397
9585 9 15 16
0.515456 -0.422821 -0.745337 19.410795
10161 9 15 17
0.469809 -0.379053 -0.797244 12.162040
5001 9 16 8
0.503714 -0.610050 0.611647 23.436646
5577 9 16 9
0.568043 -0.681691 0.461112 30.261282
6153 9 16 10
0.620629 -0.734199 0.275265 35.519508
6729 9 16 11
0.650723 -0.756229 0.068391 38.129513
7305 9 16 12
0.652866 -0.744661 -0.138728 37.570671
7881 9 16 13
0.628928 -0.705319 -0.327069 34.007839
8457 9 16 14
0.586402 -0.649114 -0.484545 28.220016
9033 9 16 15
0.535113 -0.587542 -0.607000 21.371771
9609 9 16 16
0.483939 -0.529504 -0.696728 14.682755
5601 9 17 9
0.539117 -0.746112 0.390730 21.342916
6177 9 17 10
0.574486 -0.786062 0.228192 25.048485
6753 9 17 11
0.592887 -0.803390 0.055227 26.879568
7329 9 17 12
0.591965 -0.797370 -0.117381 26.462713
7905 9 17 13
0.572479 -0.770563 -0.280179 23.906553
8481 9 17 14
0.538084 -0.727783 -0.425202 19.762060
9057 9 17 15
0.494762 -0.675554 -0.546661 14.868506
7042 10 5 12
-0.190365 0.979185 -0.070413 26.633156
7618 10 5 13
-0.157303 0.940498 -0.301198 24.536856
8194 10 5 14
-0.117499 0.856518 -0.502564 20.356232
8770 10 5 15
-0.078180 0.753439 -0.652853 15.137489
9346 10 5 16
-0.043649 0.655839 -0.753638 10.035878
5914 10 6 10
-0.229031 0.893390 0.386521 34.823238
6490 10 6 11
-0.217463 0.963209 0.157921 38.725475
7066 10 6 12
-0.186764 0.975133 -0.119309 39.032887
7642 10 6 13
-0.139048 0.910578 -0.389246 35.634251
8218 10 6 14
-0.086530 0.797930 -0.596507 29.396809
8794 10 6 15
-0.039638 0.681685 -0.730571 21.836369
9370 10 6 16
-0.000988 0.586371 -0.810042 14.543834
5362 10 7 9
-0.218504 0.735468 0.641361 39.270920
5938 10 7 10
-0.220752 0.860367 0.459387 47.706806
6514 10 7 11
-0.203551 0.963333 0.174803 52.524452
7090 10 7 12
-0.155092 0.970772 -0.183162 52.506027
7666 10 7 13
-0.086909 0.863933 -0.496050 47.666218
8242 10 7 14
-0.023731 0.719670 -0.693911 39.248802
8818 10 7 15
0.025645 0.598498 -0.800713 29.244738
9394 10 7 16
0.064204 0.513364 -0.855766 19.662270
4810 10 8 8
-0.175108 0.507238 0.843828 37.367363
5386 10 8 9
-0.181954 0.631575 0.753662 49.863926
5962 10 8 10
-0.179775 0.800058 0.572354 60.116974
6538 10 8 11
-0.147626 0.965256 0.215610 65.751411
7114 10 8 12
-0.068076 0.959970 -0.271705 65.409172
7690 10 8 13
0.017498 0.783218 -0.621501 59.251320
8266 10 8 14
0.077138 0.612571 -0.786642 48.869617
8842 10 8 15
0.117941 0.499160 -0.858446 36.661514
9418 10 8 16
0.149705 0.430961 -0.889866 24.976856
4258 10 9 7
-0.114855 0.287981 0.950724 29.886410
4834 10 9 8
-0.113442 0.360883 0.925686 44.156490
5410 10 9 9
-0.104917 0.477059 0.872586 58.620014
5986 10 9 10
-0.076248 0.676489 0.732495 70.340034
6562 10 9 11
0.009184 0.951764 0.306694 76.646088
7138 10 9 12
0.133911 0.906283 -0.400898 76.094292
7714 10 9 13
0.189684 0.634691 -0.749124 68.973503
8290 10 9 14
0.212513 0.466277 -0.858734 57.134163
8866 10 9 15
0.229719 0.377976 -0.896863 43.253986
9442 10 9 16
0.247064 0.332039 -0.910335 29.910515
10018 10 9 17
0.265140 0.309042 -0.913342 18.872229
4282 10 10 7
-0.046266 0.160944 0.985878 33.114895
4858 10 10 8
-0.026652 0.202519 0.978916 48.743618
5434 10 10 9
0.014924 0.275983 0.961047 64.486198
6010 10 10 10
0.117807 0.432629 0.893842 77.160339
6586 10 10 11
0.406309 0.780906 0.474447 83.931633
7162 10 10 12
0.518325 0.659352 -0.544605 83.323158
7738 10 10 13
0.407824 0.389204 -0.825954 75.704880
8314 10 10 14
0.360188 0.281454 -0.889409 63.061069
8890 10 10 15
0.343741 0.234849 -0.909224 48.197983
9466 10 10 16
0.341642 0.213951 -0.915153 33.796959
10042 10 10 17
0.346210 0.204951 -0.915497 21.718081
4306 10 11 7
0.031807 0.047245 0.998377 34.663025
4882 10 11 8
0.073466 0.050756 0.996005 50.835686
5458 10 11 9
0.155990 0.059494 0.985965 67.053177
6034 10 11 10
0.351126 0.083910 0.932561 80.067650
6610 10 11 11
0.849649 0.147672 0.506250 87.025948
7186 10 11 12
0.841560 0.126289 -0.525192 86.470352
7762 10 11 13
0.590290 0.088437 -0.802332 78.795959
8338 10 11 14
0.485005 0.078601 -0.870972 65.990303
8914 10 11 15
0.438367 0.078452 -0.895366 50.842934
9490 10 11 16
0.417028 0.081269 -0.905253 36.029373
10066 10 11 17
0.407361 0.084045 -0.909392 23.445026
4330 10 12 7
0.110989 -0.056413 0.992219 34.588554
4906 10 12 8
0.172702 -0.089417 0.980907 50.499783
5482 10 12 9
0.285986 -0.141576 0.947717 66.382812
6058 10 12 10
0.512058 -0.230641 0.827406 79.097595
6634 10 12 11
0.870166 -0.341778 0.354964 85.913048
7210 10 12 12
0.874869 -0.288162 -0.389315 85.442123
7786 10 12 13
0.681023 -0.181298 -0.709464 78.055595
8362 10 12 14
0.562984 -0.117338 -0.818096 65.631119
8938 10 12 15
0.498703 -0.079921 -0.863081 50.822445
9514 10 12 16
0.462271 -0.057579 -0.884867 36.213646
10090 10 12 17
0.440244 -0.044960 -0.896752 23.687578
4354 10 13 7
0.184241 -0.162263 0.969395 32.978676
4930 10 13 8
0.259699 -0.225892 0.938898 47.896324
5506 10 13 9
0.383551 -0.319753 0.866399 62.707840
6082 10 13 10
0.579834 -0.450910 0.678581 74.527382
6658 10 13 11
0.790346 -0.560361 0.247687 80.865524
7234 10 13 12
0.808846 -0.513803 -0.285961 80.453094
7810 10 13 13
0.694417 -0.391143 -0.603980 73.603279
8386 10 13 14
0.591710 -0.295346 -0.750100 62.001308
8962 10 13 15
0.521848 -0.233532 -0.820450 48.076790
9538 10 13 16
0.475667 -0.195538 -0.857617 34.253536
10114 10 13 17
0.444416 -0.173382 -0.878882 22.351221
4378 10 14 7
0.245945 -0.279115 0.928227 29.890377
4954 10 14 8
0.326244 -0.364264 0.872282 43.185463
5530 10 14 9
0.441150 -0.476242 0.760645 56.308475
6106 10 14 10
0.586617 -0.602539 0.541135 66.736031
6682 10 14 11
0.707959 -0.683014 0.179682 72.307175
7258 10 14 12
0.725537 -0.652109 -0.219888 71.909889
7834 10 14 13
0.660653 -0.551967 -0.508793 65.787460
8410 10 14 14
0.580614 -0.453024 -0.676503 55.384911
8986 10 14 15
0.513576 -0.378538 -0.770031 42.844898
9562 10 14 16
0.463035 -0.327811 -0.823492 30.364538
10138 10 14 17
0.426183 -0.295255 -0.855098 19.634186
4402 10 15 7
0.291895 -0.403496 0.867173 25.482639
4978 10 15 8
0.367836 -0.497882 0.785373 36.668339
5554 10 15 9
0.461908 -0.606861 0.646808 47.648331
6130 10 15 10
0.560419 -0.709389 0.427433 56.327961
6706 10 15 11
0.630266 -0.764998 0.132449 60.924797
7282 10 15 12
0.641928 -0.746217 -0.176322 60.512981
7858 10 15 13
0.603102 -0.673285 -0.427732 55.273357
8434 10 15 14
0.543303 -0.586188 -0.601003 46.394432
9010 10 15 15
0.483983 -0.509195 -0.711674 35.687904
9586 10 15 16
0.433972 -0.449646 -0.780697 25.054153
10162 10 15 17
0.395106 -0.406871 -0.823619 15.973701
4426 10 16 7
0.320610 -0.522311 0.790191 20.175945
5002 10 16 8
0.385875 -0.613727 0.688795 28.971729
5578 10 16 9
0.456736 -0.707134 0.539772 37.568096
6154 10 16 10
0.520717 -0.783932 0.338088 44.323627
6730 10 16 11
0.560818 -0.822131 0.097896 47.848888
7306 10 16 12
0.566029 -0.811198 -0.146867 47.419941
7882 10 16 13
0.539521 -0.760498 -0.361330 43.173851
8458 10 16 14
0.494449 -0.690382 -0.528104 36.048820
9034 10 16 15
0.444407 -0.618812 -0.647746 27.499105
9610 10 16 16
0.398341 -0.556024 -0.729494 19.066326
5026 10 17 8
0.386814 -0.704246 0.595326 21.041136
5602 10 17 9
0.438075 -0.778965 0.448669 27.269768
6178 10 17 10
0.479317 -0.835062 0.270050 32.132607
6754 10 17 11
0.502077 -0.861819 0.072015 34.615170
7330 10 17 12
0.502077 -0.855449 -0.126986 34.193424
7906 10 17 13
0.481100 -0.820317 -0.309230 30.978235
8482 10 17 14
0.445709 -0.766224 -0.462866 25.676342
9058 10 17 15
0.404169 -0.704317 -0.583597 19.380886
8195 11 5 14
-0.299630 0.844606 -0.443691 18.312023
8771 11 5 15
-0.249381 0.762539 -0.596945 13.796832
6491 11 6 11
-0.385576 0.906822 0.170307 34.357388
7067 11 6 12
-0.371516 0.925697 -0.071139 35.090656
7643 11 6 13
-0.330928 0.889261 -0.315756 32.471924
8219 11 6 14
-0.271554 0.810019 -0.519738 27.175480
8795 11 6 15
-0.207193 0.718247 -0.664223 20.509418
9371 11 6 16
-0.146913 0.637352 -0.756439 13.912795
5939 11 7 10
-0.378537 0.818499 0.432168 42.930344
6515 11 7 11
-0.385943 0.902690 0.190258 47.927551
7091 11 7 12
-0.358511 0.927181 -0.108653 48.601936
7667 11 7 13
-0.293672 0.871044 -0.393750 44.799343
8243 11 7 14
-0.212857 0.769384 -0.602279 37.513641
8819 11 7 15
-0.136615 0.669291 -0.730333 28.495420
9395 11 7 16
-0.071468 0.592126 -0.802670 19.599472
5387 11 8 9
-0.328295 0.638249 0.696319 45.615547
5963 11 8 10
-0.357796 0.772983 0.523907 55.785278
6539 11 8 11
-0.364891 0.901392 0.233125 61.918224
7115 11 8 12
-0.315690 0.936295 -0.153922 62.565552
7691 11 8 13
-0.217352 0.843865 -0.490561 57.653980
8267 11 8 14
-0.117604 0.711634 -0.692637 48.482689
8843 11 8 15
-0.037648 0.604586 -0.795650 37.200680
9419 11 8 16
0.024620 0.532566 -0.846030 26.028923
4835 11 9 8
-0.244240 0.412697 0.877512 41.148941
5411 11 9 9
-0.271131 0.524654 0.806986 55.398365
5987 11 9 10
-0.300038 0.692497 0.656068 67.445541
6563 11 9 11
-0.303552 0.897885 0.318841 74.630814
7139 11 9 12
-0.217731 0.951389 -0.217835 75.344093
7715 11 9 13
-0.082722 0.784365 -0.614759 69.583946
8291 11 9 14
0.017729 0.615702 -0.787779 58.889286
8867 11 9 15
0.084792 0.507975 -0.857188 45.709747
9443 11 9 16
0.133229 0.444267 -0.885933 32.543159
10019 11 9 17
0.170473 0.406323 -0.897686 21.232861
4859 11 10 8
-0.168775 0.281314 0.944657 46.992310
5435 11 10 9
-0.178078 0.372052 0.910970 63.014343
6011 11 10 10
-0.182749 0.542108 0.820196 76.491173
6587 11 10 11
-0.149306 0.859409 0.489003 84.513924
7163 11 10 12
0.009101 0.943995 -0.329834 85.367615
7739 11 10 13
0.131273 0.636739 -0.759823 79.096512
8315 11 10 14
0.184189 0.455519 -0.870963 67.383705
8891 11 10 15
0.216222 0.365759 -0.905245 52.855667
9467 11 10 16
0.240285 0.317639 -0.917262 38.181965
10043 11 10 17
0.258852 0.288977 -0.921677 25.367016
4883 11 11 8
-0.080292 0.144335 0.986266 50.691391
5459 11 11 9
-0.058131 0.187411 0.980560 67.711632
6035 11 11 10
0.001852 0.285809 0.958285 81.978073
6611 11 11 11
0.228031 0.595200 0.770545 90.475876
7187 11 11 12
0.533010 0.674323 -0.511067 91.452606
7763 11 11 13
0.393252 0.330920 -0.857814 84.969940
8339 11 11 14
0.345995 0.224131 -0.911072 72.755417
8915 11 11 15
0.330951 0.179436 -0.926431 57.491318
9491 11 11 16
0.326877 0.155750 -0.932145 41.920486
10067 11 11 17
0.325606 0.140085 -0.935071 28.148491
10643 11 11 18
0.322893 0.127256 -0.937841 17.331011
4907 11 12 8
0.009496 0.003829 0.999948 51.998222
5483 11 12 9
0.066986 -0.015528 0.997633 69.142151
6059 11 12 10
0.203138 -0.049362 0.977905 83.449814
6635 11 12 11
0.634436 -0.131715 0.761671 91.951553
7211 11 12 12
0.878778 -0.144144 -0.454942 92.932152
7787 11 12 13
0.569421 -0.070318 -0.819033 86.450996
8363 11 12 14
0.454085 -0.041542 -0.889990 74.194458
8939 11 12 15
0.403646 -0.028656 -0.914466 58.798656
9515 11 12 16
0.377165 -0.023726 -0.925842 42.996231
10091 11 12 17
0.360160 -0.023820 -0.932586 28.932558
10667 11 12 18
0.346018 -0.027031 -0.937838 17.829758
4355 11 13 7
0.045471 -0.096119 0.994331 34.661449
4931 11 13 8
0.091588 -0.145660 0.985086 50.797115
5507 11 13 9
0.175179 -0.224786 0.958532 67.192650
6083 11 13 10
0.341707 -0.364333 0.866313 80.787033
6659 11 13 11
0.648831 -0.583439 0.488485 88.795837
7235 11 13 12
0.757629 -0.581153 -0.297085 89.615219
7811 11 13 13
0.599822 -0.398308 -0.693948 83.295303
8387 11 13 14
0.489342 -0.287758 -0.823249 71.416771
8963 11 13 15
0.426386 -0.229301 -0.874995 56.486584
9539 11 13 16
0.387872 -0.198201 -0.900151 41.149654
10115 11 13 17
0.361713 -0.182266 -0.914299 27.519312
10691 11 13 18
0.341526 -0.174679 -0.923497 16.811728
4379 11 14 7
0.102749 -0.225057 0.968913 32.314384
4955 11 14 8
0.159972 -0.305803 0.938559 47.060680
5531 11 14 9
0.252056 -0.425143 0.869322 61.920708
6107 11 14 10
0.396821 -0.595248 0.698722 74.134064
6683 11 14 11
0.567389 -0.762470 0.310980 81.216019
7259 11 14 12
0.620445 -0.753644 -0.216955 81.739899
7835 11 14 13
0.550023 -0.611449 -0.568863 75.751556
8411 11 14 14
0.469658 -0.485984 -0.737049 64.681412
8987 11 14 15
0.410183 -0.403389 -0.817941 50.833740
9563 11 14 16
0.368633 -0.352318 -0.860222 36.678524
10139 11 14 17
0.339142 -0.321480 -0.884100 24.205015
4403 11 15 7
0.150300 -0.364659 0.918931 28.288450
4979 11 15 8
0.210257 -0.464788 0.860096 40.992710
5555 11 15 9
0.293653 -0.595089 0.748089 53.689400
6131 11 15 10
0.397064 -0.742718 0.539176 64.014832
6707 11 15 11
0.487591 -0.848612 0.205214 69.864914
7283 11 15 12
0.513744 -0.839941 -0.174832 70.041061
7859 11 15 13
0.478194 -0.742809 -0.468578 64.597237
8435 11 15 14
0.423311 -0.632776 -0.648384 54.783680
9011 11 15 15
0.373355 -0.544227 -0.751281 42.631187
9587 11 15 16
0.334134 -0.480824 -0.810656 30.333883
10163 11 15 17
0.304955 -0.437594 -0.845881 19.650156
4427 11 16 7
0.186090 -0.499652 0.846001 22.984150
5003 11 16 8
0.241009 -0.603420 0.760130 33.207317
5579 11 16 9
0.306797 -0.720932 0.621396 43.349236
6155 11 16 10
0.373722 -0.831095 0.411841 51.500370
6731 11 16 11
0.421666 -0.896158 0.138197 55.980415
7307 11 16 12
0.432951 -0.888903 -0.149684 55.848373
7883 11 16 13
0.410514 -0.823226 -0.392145 51.177605
8459 11 16 14
0.371773 -0.735647 -0.566223 43.017654
9035 11 16 15
0.331491 -0.652638 -0.681306 33.062473
9611 11 16 16
0.296760 -0.584620 -0.755084 23.133770
5027 11 17 8
0.255106 -0.710249 0.656101 24.729582
5603 11 17 9
0.302943 -0.805464 0.509366 32.225449
6179 11 17 10
0.344653 -0.883422 0.317459 38.174728
6755 11 17 11
0.369939 -0.924314 0.093749 41.323681
7331 11 17 12
0.372701 -0.918321 -0.133343 40.990654
7907 11 17 13
0.355313 -0.872748 -0.334760 37.269794
8483 11 17 14
0.326070 -0.805374 -0.495026 30.997139
9059 11 17 15
0.293587 -0.733170 -0.613407 23.489553
9635 11 17 16
0.263628 -0.666841 -0.697010 16.136463
5627 11 18 9
0.291145 -0.860000 0.419088 21.809702
6203 11 18 10
0.316915 -0.915154 0.249113 25.780928
6779 11 18 11
0.329831 -0.941920 0.063231 27.790064
7355 11 18 12
0.327813 -0.936806 -0.122202 27.387344
7931 11 18 13
0.312768 -0.903871 -0.291878 24.676441
8507 11 18 14
0.289340 -0.852144 -0.436043 20.278534
6516 12 7 11
-0.467403 0.862382 0.194505 41.070908
7092 12 7 12
-0.451452 0.890720 -0.053003 42.224380
7668 12 7 13
-0.400471 0.866420 -0.298227 39.497082
8244 12 7 14
-0.326112 0.803741 -0.497646 33.622890
8820 12 7 15
-0.246114 0.730963 -0.636491 26.034546
5388 12 8 9
-0.399058 0.652543 0.644159 39.549911
5964 12 8 10
-0.433438 0.762194 0.480824 49.071751
6540 12 8 11
-0.448038 0.861891 0.237499 55.271683
7116 12 8 12
-0.418350 0.905681 -0.068744 56.720470
7692 12 8 13
-0.340875 0.868130 -0.360770 53.161102
8268 12 8 14
-0.243986 0.783070 -0.572077 45.569683
8844 12 8 15
-0.153852 0.696480 -0.700889 35.748680
4836 12 9 8
-0.315416 0.460317 0.829832 36.529736
5412 12 9 9
-0.353010 0.565164 0.745637 49.918114
5988 12 9 10
-0.392825 0.704202 0.591429 61.691990
6564 12 9 11
-0.412044 0.855377 0.313927 69.337616
7140 12 9 12
-0.365186 0.927043 -0.085033 71.183983
7716 12 9 13
-0.252162 0.857413 -0.448618 66.971794
8292 12 9 14
-0.135309 0.732405 -0.667289 57.874920
8868 12 9 15
-0.044768 0.626596 -0.778058 45.999901
9444 12 9 16
0.021200 0.551633 -0.833817 33.634842
4860 12 10 8
-0.253825 0.346643 0.903001 43.277763
5436 12 10 9
-0.284753 0.442697 0.850256 58.892498
6012 12 10 10
-0.323175 0.597158 0.734139 72.576035
6588 12 10 11
-0.349045 0.823257 0.447678 81.479584
7164 12 10 12
-0.278041 0.953990 -0.112233 83.741241
7740 12 10 13
-0.117571 0.801457 -0.586381 79.089371
8316 12 10 14
0.002216 0.616797 -0.787119 68.830772
8892 12 10 15
0.074755 0.496963 -0.864546 55.285767
9468 12 10 16
0.120348 0.422141 -0.898506 40.984268
10044 12 10 17
0.149237 0.371613 -0.916314 27.983904
10620 12 10 18
0.165880 0.333393 -0.928080 17.519316
4884 12 11 8
-0.185095 0.219436 0.957908 48.273003
5460 12 11 9
-0.199600 0.282810 0.938178 65.401207
6036 12 11 10
-0.217780 0.407443 0.886883 80.358742
6612 12 11 11
-0.228816 0.693253 0.683405 90.094498
7188 12 11 12
-0.095769 0.976392 -0.193616 92.633194
7764 12 11 13
0.090633 0.602297 -0.793111 87.690804
8340 12 11 14
0.156575 0.389666 -0.907549 76.643341
8916 12 11 15
0.186969 0.290550 -0.938415 61.934334
9492 12 11 16
0.203532 0.234511 -0.950568 46.252209
10068 12 11 17
0.211230 0.196907 -0.957397 31.833429
10644 12 11 18
0.211643 0.168092 -0.962784 20.084705
11220 12 11 19
0.205967 0.144146 -0.967884 11.526208
4908 12 12 8
-0.117877 0.079903 0.989808 50.981594
5484 12 12 9
-0.109458 0.088831 0.990014 68.705376
6060 12 12 10
-0.084518 0.113781 0.989904 84.093628
6636 12 12 11
0.019785 0.210783 0.977333 94.049774
7212 12 12 12
0.655786 0.490504 -0.573890 96.583115
7788 12 12 13
0.328183 0.108671 -0.938343 91.412766
8364 12 12 14
0.279030 0.052056 -0.958870 79.933540
8940 12 12 15
0.262118 0.027659 -0.964639 64.632835
9516 12 12 16
0.252470 0.011102 -0.967541 48.276791
10092 12 12 17
0.243451 -0.002794 -0.969909 33.202560
10668 12 12 18
0.232664 -0.015039 -0.972441 20.907888
11244 12 12 19
0.219521 -0.025401 -0.975277 11.961005
4356 12 13 7
-0.073327 -0.040807 0.996473 34.418045
4932 12 13 8
-0.057370 -0.075370 0.995504 51.053535
5508 12 13 9
-0.026583 -0.131537 0.990955 68.378746
6084 12 13 10
0.042581 -0.240966 0.969599 83.282631
6660 12 13 11
0.250243 -0.527179 0.812072 92.783287
7236 12 13 12
0.562725 -0.772135 -0.295208 94.980461
7812 12 13 13
0.398998 -0.421705 -0.814227 89.624077
8388 12 13 14
0.320020 -0.286486 -0.903057 78.089668
8964 12 13 15
0.282843 -0.230392 -0.931085 62.834919
9540 12 13 16
0.260515 -0.204541 -0.943555 46.615776
10116 12 13 17
0.243793 -0.192605 -0.950509 31.771807
10692 12 13 18
0.228864 -0.187041 -0.955320 19.785486
11268 12 13 19
0.214105 -0.183628 -0.959395 11.176589
4380 12 14 7
-0.031308 -0.175378 0.984003 32.814331
4956 12 14 8
-0.004974 -0.246843 0.969043 48.320885
5532 12 14 9
0.040545 -0.359807 0.932145 64.301926
6108 12 14 10
0.124921 -0.549993 0.825774 77.875885
6684 12 14 11
0.272597 -0.831032 0.484848 86.320160
7260 12 14 12
0.378174 -0.905884 -0.190678 87.923973
7836 12 14 13
0.344810 -0.696954 -0.628778 82.498680
8412 12 14 14
0.296101 -0.531535 -0.793596 71.366058
8988 12 14 15
0.262242 -0.435994 -0.860894 56.872898
9564 12 14 16
0.238996 -0.381167 -0.893081 41.655815
10140 12 14 17
0.221791 -0.348877 -0.910546 27.935553
10716 12 14 18
0.207777 -0.328816 -0.921254 17.065855
4404 12 15 7
0.006758 -0.323003 0.946374 29.324669
4980 12 15 8
0.038819 -0.422506 0.905529 42.916561
5556 12 15 9
0.087564 -0.563734 0.821301 56.769386
6132 12 15 10
0.158682 -0.750880 0.641092 68.354683
6708 12 15 11
0.240764 -0.925289 0.293040 75.323502
7284 12 15 12
0.285608 -0.945134 -0.158585 76.232605
7860 12 15 13
0.277056 -0.821595 -0.498218 70.977783
8436 12 15 14
0.250123 -0.685191 -0.684070 60.788010
9012 12 15 15
0.224925 -0.583379 -0.780434 47.804489
9588 12 15 16
0.205290 -0.514346 -0.832649 34.414410
10164 12 15 17
0.190530 -0.468507 -0.862670 22.587532
4428 12 16 7
0.040393 -0.469376 0.882074 24.310009
5004 12 16 8
0.072778 -0.580460 0.811030 35.422806
5580 12 16 9
0.115196 -0.717197 0.687283 46.627613
6156 12 16 10
0.164544 -0.861246 0.480812 55.836811
6732 12 16 11
0.207916 -0.960748 0.183667 61.147358
7308 12 16 12
0.228049 -0.963045 -0.143310 61.428604
7884 12 16 13
0.223285 -0.883810 -0.411125 56.666695
8460 12 16 14
0.206336 -0.779836 -0.591001 47.952831
9036 12 16 15
0.187739 -0.686481 -0.702494 37.125839
9612 12 16 16
0.171875 -0.613472 -0.770786 26.197113
4452 12 17 7
0.067751 -0.598058 0.798584 18.486273
5028 12 17 8
0.096194 -0.704320 0.703335 26.876431
5604 12 17 9
0.128370 -0.818201 0.560419 35.254906
6180 12 17 10
0.159474 -0.918792 0.361095 42.015438
6756 12 17 11
0.181929 -0.976303 0.117193 45.722706
7332 12 17 12
0.190056 -0.972653 -0.133511 45.562866
7908 12 17 13
0.184868 -0.918226 -0.350263 41.596874
8484 12 17 14
0.172177 -0.839729 -0.514985 34.734627
9060 12 17 15
0.157622 -0.759448 -0.631185 26.439255
9636 12 17 16
0.144506 -0.688792 -0.710411 18.262896
5052 12 18 8
0.110095 -0.792112 0.600364 18.536713
5628 12 18 9
0.132546 -0.880298 0.455529 24.267889
6204 12 18 10
0.151185 -0.949229 0.275876 28.806482
6780 12 18 11
0.162288 -0.983914 0.074671 31.155029
7356 12 18 12
0.164185 -0.978338 -0.126089 30.781168
7932 12 18 13
0.158216 -0.938847 -0.305833 27.788172
8508 12 18 14
0.147582 -0.878957 -0.453491 22.875858
9084 12 18 15
0.135526 -0.811987 -0.567723 17.107103
6228 12 19 10
0.142292 -0.966067 0.215562 17.801435
6804 12 19 11
0.147148 -0.988024 0.046425 19.138426
7380 12 19 12
0.145819 -0.982003 -0.120027 18.741140
7956 12 19 13
0.139499 -0.952017 -0.272403 16.718719
6517 13 7 11
-0.490426 0.849334 0.195229 33.545834
7093 13 7 12
-0.478421 0.878026 -0.013527 34.949524
7669 13 7 13
-0.438259 0.870826 -0.222691 33.168564
8245 13 7 14
-0.376314 0.833807 -0.403922 28.701435
8821 13 7 15
-0.304957 0.782788 -0.542443 22.649349
5389 13 8 9
-0.426689 0.674811 0.602135 32.961094
5965 13 8 10
-0.457601 0.767884 0.448281 41.477406
6541 13 8 11
-0.470579 0.849405 0.238885 47.390408
7117 13 8 12
-0.450139 0.892881 -0.011747 49.372971
7693 13 8 13
-0.392655 0.882276 -0.259637 47.045017
8269 13 8 14
-0.313344 0.830449 -0.460620 41.076385
8845 13 8 15
-0.232197 0.764379 -0.601506 32.895977
4837 13 9 8
-0.352527 0.503158 0.789023 31.295088
5413 13 9 9
-0.391688 0.601085 0.696618 43.406345
5989 13 9 10
-0.430114 0.719273 0.545571 54.441353
6565 13 9 11
-0.450003 0.837756 0.309294 62.123764
7141 13 9 12
-0.423543 0.905867 -0.004084 64.814774
7717 13 9 13
-0.344463 0.884517 -0.314603 62.055969
8293 13 9 14
-0.245274 0.802977 -0.543202 54.661461
8869 13 9 15
-0.156956 0.711863 -0.684555 44.353622
9445 13 9 16
-0.089006 0.633854 -0.768314 33.147415
4861 13 10 8
-0.307262 0.397538 0.864612 38.480858
5437 13 10 9
-0.347395 0.492721 0.797836 53.150585
6013 13 10 10
-0.395100 0.628032 0.670426 66.483299
6589 13 10 11
-0.433141 0.797208 0.420533 75.796669
7165 13 10 12
-0.408388 0.912775 0.007754 79.179527
7741 13 10 13
-0.295932 0.861370 -0.412876 76.096527
8317 13 10 14
-0.171008 0.722402 -0.669994 67.469948
8893 13 10 15
-0.079996 0.598032 -0.797470 55.259289
9469 13 10 16
-0.021023 0.505910 -0.862330 41.782318
10045 13 10 17
0.015295 0.437225 -0.899222 29.081095
10621 13 10 18
0.035929 0.382904 -0.923089 18.530088
4885 13 11 8
-0.261166 0.272889 0.925918 44.272797
5461 13 11 9
-0.297706 0.344383 0.890377 60.866192
6037 13 11 10
-0.351923 0.466405 0.811552 75.889206
6613 13 11 11
-0.426025 0.679894 0.596865 86.370590
7189 13 11 12
-0.434365 0.900540 0.018852 90.209480
7765 13 11 13
-0.245861 0.752455 -0.611035 86.819077
8341 13 11 14
-0.088193 0.525166 -0.846418 77.201576
8917 13 11 15
-0.005956 0.386697 -0.922187 63.493454
9493 13 11 16
0.036943 0.301751 -0.952671 48.246403
10069 13 11 17
0.058531 0.243816 -0.968054 33.752968
10645 13 11 18
0.067245 0.200553 -0.977372 21.608856
11221 13 11 19
0.067980 0.166404 -0.983712 12.554426
4909 13 12 8
-0.220191 0.131422 0.966563 47.910290
5485 13 12 9
-0.248879 0.156196 0.955857 65.488586
6061 13 12 10
-0.300180 0.207005 0.931150 81.288773
6637 13 12 11
-0.420216 0.341036 0.840900 92.209511
7213 13 12 12
-0.681741 0.731593 0.000490 96.079002
7789 13 12 13
-0.169959 0.312246 -0.934675 92.309029
8365 13 12 14
-0.007449 0.143973 -0.989554 81.966492
8941 13 12 15
0.048652 0.078049 -0.995762 67.306931
9517 13 12 16
0.072806 0.040445 -0.996526 51.034805
10093 13 12 17
0.082042 0.014440 -0.996524 35.595436
10669 13 12 18
0.082724 -0.004960 -0.996560 22.696562
11245 13 12 19
0.078334 -0.019437 -0.996738 13.121925
4357 13 13 7
-0.175104 -0.003341 0.984544 32.489967
4933 13 13 8
-0.186786 -0.027139 0.982026 48.873699
5509 13 13 9
-0.205507 -0.065167 0.976483 66.347282
6085 13 13 10
-0.240602 -0.137894 0.960779 81.872734
6661 13 13 11
-0.328264 -0.335532 0.882984 92.396866
7237 13 13 12
-0.429349 -0.895120 -0.120085 95.813911
7813 13 13 13
-0.056702 -0.443126 -0.894664 91.596939
8389 13 13 14
0.034798 -0.290376 -0.956280 80.866135
8965 13 13 15
0.066656 -0.236330 -0.969384 65.930573
9541 13 13 16
0.079633 -0.213070 -0.973786 49.546387
10117 13 13 17
0.083466 -0.202236 -0.975774 34.184994
10693 13 13 18
0.081896 -0.196331 -0.977112 21.527653
11269 13 13 19
0.077000 -0.191605 -0.978447 12.279837
4381 13 14 7
-0.152984 -0.139305 0.978361 31.449085
4957 13 14 8
-0.158972 -0.201710 0.966458 46.921539
5533 13 14 9
-0.167685 -0.301540 0.938592 63.219975
6109 13 14 10
-0.179802 -0.476811 0.860420 77.472748
6685 13 14 11
-0.184181 -0.785919 0.590262 86.847656
7261 13 14 12
-0.115778 -0.986512 -0.115716 89.436684
7837 13 14 13
-0.015818 -0.766802 -0.641689 84.831146
8413 13 14 14
0.033170 -0.574679 -0.817706 74.181183
8989 13 14 15
0.055176 -0.468274 -0.881859 59.761524
9565 13 14 16
0.065360 -0.408291 -0.910509 44.249863
10141 13 14 17
0.069331 -0.372331 -0.925507 29.995195
10717 13 14 18
0.069470 -0.348768 -0.934631 18.513845
4405 13 15 7
-0.131461 -0.287915 0.948590 28.477247
4981 13 15 8
-0.132828 -0.382359 0.914417 42.170219
5557 13 15 9
-0.133195 -0.520528 0.843392 56.396873
6133 13 15 10
-0.128739 -0.716161 0.685959 68.597267
6709 13 15 11
-0.107886 -0.928496 0.355324 76.303932
7285 13 15 12
-0.061972 -0.990765 -0.120597 77.909920
7861 13 15 13
-0.014717 -0.870540 -0.491877 73.158791
8437 13 15 14
0.015803 -0.724834 -0.688742 63.185543
9013 13 15 15
0.033261 -0.616358 -0.786763 50.117409
9589 13 15 16
0.043273 -0.543153 -0.838518 36.401325
10165 13 15 17
0.048951 -0.494092 -0.868031 24.113342
4429 13 16 7
-0.108220 -0.438114 0.892382 23.906561
5005 13 16 8
-0.106200 -0.549456 0.828746 35.187538
5581 13 16 9
-0.101555 -0.691757 0.714953 46.744560
6157 13 16 10
-0.091418 -0.851038 0.517085 56.439137
6733 13 16 11
-0.072293 -0.973344 0.217657 62.263332
7309 13 16 12
-0.045788 -0.991232 -0.123944 62.968243
7885 13 16 13
-0.020117 -0.914162 -0.404849 58.450829
8461 13 16 14
-0.000612 -0.807256 -0.590201 49.767181
9037 13 16 15
0.012929 -0.711231 -0.702839 38.776775
9613 13 16 16
0.022333 -0.636452 -0.770993 27.551598
4453 13 17 7
-0.083896 -0.574324 0.814318 18.410187
5029 13 17 8
-0.080182 -0.684889 0.724222 26.984283
5605 13 17 9
-0.074244 -0.807407 0.585305 35.652073
6181 13 17 10
-0.065109 -0.920350 0.385638 42.754349
6757 13 17 11
-0.052455 -0.989419 0.135271 46.776012
7333 13 17 12
-0.037733 -0.991501 -0.124506 46.829086
7909 13 17 13
-0.023476 -0.937350 -0.347597 42.933010
8485 13 17 14
-0.011325 -0.857318 -0.514663 35.998123
9061 13 17 15
-0.001505 -0.775866 -0.630896 27.521679
9637 13 17 16
0.006442 -0.704720 -0.709456 19.106430
5053 13 18 8
-0.057239 -0.783003 0.619379 18.809410
5629 13 18 9
-0.052419 -0.878841 0.474227 24.753807
6205 13 18 10
-0.046375 -0.955610 0.290962 29.510059
6781 13 18 11
-0.039238 -0.995717 0.083709 32.027325
7357 13 18 12
-0.031497 -0.991918 -0.122906 31.733255
7933 13 18 13
-0.023777 -0.951675 -0.306185 28.718868
8509 13 18 14
-0.016508 -0.890399 -0.454881 23.699780
9085 13 18 15
-0.009832 -0.822523 -0.568646 17.772017
6229 13 19 10
-0.032925 -0.974009 0.224103 18.359367
6805 13 19 11
-0.029576 -0.998297 0.050290 19.775141
7381 13 19 12
-0.025936 -0.992434 -0.120008 19.391005
7957 13 19 13
-0.022012 -0.961325 -0.274534 17.317631
5966 14 8 10
-0.465311 0.777327 0.423377 33.991108
6542 14 8 11
-0.476046 0.846236 0.239300 39.374683
7118 14 8 12
-0.461526 0.886714 0.027042 41.619949
7694 14 8 13
-0.419544 0.888368 -0.186506 40.277756
8270 14 8 14
-0.358891 0.855845 -0.372461 35.757603
5414 14 9 9
-0.419830 0.626856 0.656349 36.624363
5990 14 9 10
-0.456305 0.728413 0.511077 46.583817
6566 14 9 11
-0.476864 0.824585 0.304402 53.918682
7142 14 9 12
-0.464103 0.884624 0.045267 57.091995
7718 14 9 13
-0.412143 0.883926 -0.220935 55.514339
8294 14 9 14
-0.337411 0.831202 -0.441880 49.687302
8870 14 9 15
-0.262988 0.756032 -0.599377 40.967278
9446 14 9 16
-0.201767 0.680235 -0.704677 31.086088
4862 14 10 8
-0.354837 0.432050 0.829110 33.137650
5438 14 10 9
-0.401380 0.522178 0.752479 46.432915
6014 14 10 10
-0.454359 0.638431 0.621260 58.899883
6590 14 10 11
-0.499362 0.768990 0.399115 68.100273
7166 14 10 12
-0.501656 0.862185 0.070561 72.165634
7742 14 10 13
-0.435987 0.853153 -0.286435 70.375618
8318 14 10 14
-0.335208 0.760136 -0.556623 63.312649
8894 14 10 15
-0.244835 0.649140 -0.720189 52.580441
9470 14 10 16
-0.179477 0.552336 -0.814072 40.255344
10046 14 10 17
-0.136393 0.473662 -0.870081 28.307095
10622 14 10 18
-0.109421 0.409385 -0.905776 18.173111
4886 14 11 8
-0.332040 0.305024 0.892586 39.148861
5462 14 11 9
-0.385348 0.376089 0.842653 54.593632
6038 14 11 10
-0.460548 0.483312 0.744517 69.005638
6614 14 11 11
-0.556732 0.637452 0.532639 79.597946
7190 14 11 12
-0.615280 0.781509 0.103320 84.254585
7766 14 11 13
-0.519062 0.743368 -0.421876 82.170311
8342 14 11 14
-0.354744 0.579175 -0.733971 74.010406
8918 14 11 15
-0.235829 0.438252 -0.867364 61.591419
9494 14 11 16
-0.164163 0.339781 -0.926067 47.276058
10070 14 11 17
-0.122437 0.269961 -0.955055 33.332935
10646 14 11 18
-0.098561 0.218090 -0.970939 21.450289
11222 14 11 19
-0.085073 0.178159 -0.980317 12.493879
4910 14 12 8
-0.315699 0.159011 0.935441 43.156151
5486 14 12 9
-0.373517 0.188592 0.908250 59.819538
6062 14 12 10
-0.470282 0.239595 0.849370 75.232300
6638 14 12 11
-0.646481 0.334219 0.685828 86.416359
7214 14 12 12
-0.877387 0.460943 0.133130 91.142502
7790 14 12 13
-0.665385 0.352053 -0.658271 88.598694
8366 14 12 14
-0.371264 0.191936 -0.908473 79.546387
8942 14 12 15
-0.225962 0.106452 -0.968302 65.972458
9518 14 12 16
-0.152556 0.056732 -0.986665 50.440441
10094 14 12 17
-0.113118 0.024024 -0.993291 35.400723
10670 14 12 18
-0.091451 0.001119 -0.995809 22.660774
11246 14 12 19
-0.079504 -0.015079 -0.996720 13.122417
4934 14 13 8
-0.306473 -0.002540 0.951876 44.540661
5510 14 13 9
-0.365126 -0.030962 0.930443 61.283913
6086 14 13 10
-0.468642 -0.081748 0.879597 76.562119
6662 14 13 11
-0.671655 -0.189905 0.716111 87.397285
7238 14 13 12
-0.919930 -0.385705 0.070432 91.608391
7814 14 13 13
-0.611168 -0.365585 -0.702012 88.467041
8390 14 13 14
-0.336142 -0.281077 -0.898890 78.839157
8966 14 13 15
-0.208884 -0.239241 -0.948225 64.819427
9542 14 13 16
-0.144060 -0.218790 -0.965079 49.056240
10118 14 13 17
-0.108342 -0.207741 -0.972165 34.030113
10694 14 13 18
-0.088014 -0.200409 -0.975751 21.506056
11270 14 13 19
-0.076343 -0.193920 -0.978042 12.287588
4382 14 14 7
-0.265770 -0.119854 0.956557 28.451380
4958 14 14 8
-0.300959 -0.175702 0.937311 43.049114
5534 14 14 9
-0.355181 -0.262179 0.897278 58.735828
6110 14 14 10
-0.440828 -0.404144 0.801460 72.790001
6686 14 14 11
-0.558268 -0.628286 0.541842 82.427055
7262 14 14 12
-0.588219 -0.808311 -0.025132 85.670441
7838 14 14 13
-0.430557 -0.722174 -0.541374 81.951653
8414 14 14 14
-0.282206 -0.578521 -0.765293 72.224739
8990 14 14 15
-0.192943 -0.482446 -0.854411 58.597111
9566 14 14 16
-0.140252 -0.423262 -0.895086 43.654892
10142 14 14 17
-0.108165 -0.385254 -0.916449 29.741011
10718 14 14 18
-0.088246 -0.358721 -0.929264 18.425335
4406 14 15 7
-0.260863 -0.264662 0.928388 25.892178
4982 14 15 8
-0.293041 -0.351922 0.888976 38.834576
5558 14 15 9
-0.337220 -0.476285 0.812056 52.522335
6134 14 15 10
-0.391825 -0.646013 0.655089 64.513069
6710 14 15 11
-0.433472 -0.828952 0.353469 72.378273
7286 14 15 12
-0.411190 -0.908734 -0.071594 74.465477
7862 14 15 13
-0.328850 -0.839526 -0.432496 70.406319
8438 14 15 14
-0.245119 -0.724219 -0.644533 61.192844
9014 14 15 15
-0.183106 -0.627297 -0.756949 48.820469
9590 14 15 16
-0.140441 -0.557206 -0.818412 35.649578
10166 14 15 17
-0.111302 -0.507702 -0.854313 23.728798
4430 14 16 7
-0.250600 -0.411309 0.876370 21.826376
5006 14 16 8
-0.277674 -0.516284 0.810153 32.481052
5582 14 16 9
-0.309104 -0.648413 0.695712 43.561035
6158 14 16 10
-0.337639 -0.794618 0.504562 53.022522
6734 14 16 11
-0.346740 -0.910702 0.224486 58.898510
7310 14 16 12
-0.322382 -0.941821 -0.095092 59.921535
7886 14 16 13
-0.273635 -0.888778 -0.367692 55.918846
8462 14 16 14
-0.221263 -0.800864 -0.556471 47.845078
9038 14 16 15
-0.176664 -0.715502 -0.675904 37.453571
9614 14 16 16
-0.141869 -0.645620 -0.750365 26.732878
10190 14 16 17
-0.115527 -0.591919 -0.797675 17.324335
4454 14 17 7
-0.233355 -0.547301 0.803746 16.876228
5030 14 17 8
-0.254275 -0.653599 0.712849 24.957869
5606 14 17 9
-0.274597 -0.770547 0.575199 33.224361
6182 14 17 10
-0.288082 -0.878428 0.381278 40.093060
6758 14 17 11
-0.287037 -0.947396 0.141597 44.092686
7334 14 17 12
-0.268481 -0.957313 -0.107095 44.337490
7910 14 17 13
-0.237604 -0.915714 -0.324057 40.807373
8486 14 17 14
-0.202848 -0.847502 -0.490502 34.340736
9062 14 17 15
-0.170151 -0.774563 -0.609180 26.349436
9638 14 17 16
-0.141979 -0.708645 -0.691133 18.361103
5054 14 18 8
-0.226367 -0.756978 0.612978 17.430807
5630 14 18 9
-0.239359 -0.850198 0.468904 23.066936
6206 14 18 10
-0.246038 -0.925112 0.289194 27.621599
6782 14 18 11
-0.243155 -0.966000 0.087866 30.085585
7358 14 18 12
-0.230253 -0.966616 -0.112415 29.899162
7934 14 18 13
-0.209949 -0.933329 -0.291238 27.131948
8510 14 18 14
-0.186097 -0.879417 -0.438171 22.448631
9086 14 18 15
-0.161947 -0.817776 -0.552282 16.879539
5654 14 19 9
-0.207314 -0.900089 0.383223 14.421022
6230 14 19 10
-0.211471 -0.951679 0.222684 17.156332
6806 14 19 11
-0.209252 -0.976453 0.052463 18.519411
7382 14 19 12
-0.200604 -0.973045 -0.113758 18.192886
7958 14 19 13
-0.186875 -0.945975 -0.264968 16.275707
5415 15 9 9
-0.457879 0.636791 0.620358 29.878496
5991 15 9 10
-0.494585 0.723421 0.481713 38.509010
6567 15 9 11
-0.518178 0.801980 0.297186 45.155468
7143 15 9 12
-0.517039 0.852715 0.074486 48.434002
7719 15 9 13
-0.485962 0.859467 -0.158613 47.695404
8295 15 9 14
-0.432904 0.823371 -0.366952 43.200844
8871 15 9 15
-0.373477 0.761041 -0.530406 35.992031
4863 15 10 8
-0.412659 0.448620 0.792750 27.475756
5439 15 10 9
-0.465455 0.530064 0.708791 39.030174
6015 15 10 10
-0.523636 0.626881 0.576911 50.153744
6591 15 10 11
-0.575095 0.726686 0.375756 58.709816
7167 15 10 12
-0.595373 0.797101 0.100801 62.957352
7743 15 10 13
-0.563436 0.800819 -0.203047 62.084354
8319 15 10 14
-0.490830 0.738696 -0.461968 56.410904
8895 15 10 15
-0.410185 0.647327 -0.642429 47.223961
9471 15 10 16
-0.342396 0.556600 -0.756942 36.345737
10047 15 10 17
-0.292011 0.477533 -0.828669 25.610020
10623 15 10 18
-0.256209 0.411211 -0.874793 16.419638
4887 15 11 8
-0.411366 0.317530 0.854373 33.151142
5463 15 11 9
-0.478413 0.381841 0.790771 46.860027
6039 15 11 10
-0.566509 0.468315 0.678048 59.972790
6615 15 11 11
-0.669313 0.573454 0.472410 69.981216
7191 15 11 12
-0.741815 0.658056 0.129123 74.868767
7767 15 11 13
-0.707114 0.646804 -0.285716 73.720215
8343 15 11 14
-0.584105 0.545846 -0.600727 66.938560
8919 15 11 15
-0.460049 0.432200 -0.775602 56.040184
9495 15 11 16
-0.368533 0.340248 -0.865110 43.155895
10071 15 11 17
-0.306555 0.270935 -0.912479 30.433414
10647 15 11 18
-0.264884 0.218606 -0.939174 19.527292
11223 15 11 19
-0.236017 0.178470 -0.955220 11.309814
4911 15 12 8
-0.414867 0.166809 0.894461 37.012047
5487 15 12 9
-0.494164 0.193499 0.847561 51.991177
6063 15 12 10
-0.612326 0.231966 0.755810 66.169640
6639 15 12 11
-0.780987 0.282917 0.556791 76.819382
7215 15 12 12
-0.937518 0.318542 0.139969 81.790031
7791 15 12 13
-0.875527 0.270442 -0.400391 80.158669
8367 15 12 14
-0.661406 0.176743 -0.728906 72.442558
8943 15 12 15
-0.489367 0.104517 -0.865792 60.353043
9519 15 12 16
-0.379764 0.056704 -0.923344 46.238068
10095 15 12 17
-0.310799 0.024512 -0.950160 32.428009
10671 15 12 18
-0.265981 0.002259 -0.963976 20.686203
11247 15 12 19
-0.235442 -0.013198 -0.971799 11.908878
4935 15 13 8
-0.422472 0.003362 0.906370 38.409863
5511 15 13 9
-0.507752 -0.021603 0.861233 53.537262
6087 15 13 10
-0.637847 -0.062559 0.767618 67.640266
6663 15 13 11
-0.823843 -0.131582 0.551334 77.966301
7239 15 13 12
-0.970575 -0.222276 0.092620 82.405312
7815 15 13 13
-0.857552 -0.263694 -0.441668 80.132462
8391 15 13 14
-0.633532 -0.250643 -0.731994 71.797035
8967 15 13 15
-0.470146 -0.231096 -0.851797 59.240734
9543 15 13 16
-0.367307 -0.216831 -0.904472 44.899914
10119 15 13 17
-0.301870 -0.206725 -0.930666 31.120663
10695 15 13 18
-0.258656 -0.198601 -0.945333 19.605288
11271 15 13 19
-0.228835 -0.190971 -0.954549 11.142698
4959 15 14 8
-0.430701 -0.165636 0.887165 37.121502
5535 15 14 9
-0.512595 -0.240198 0.824349 51.273483
6111 15 14 10
-0.625505 -0.348975 0.697825 64.205719
6687 15 14 11
-0.751875 -0.490515 0.440545 73.342300
7263 15 14 12
-0.798798 -0.601323 0.018253 76.780891
7839 15 14 13
-0.695915 -0.598711 -0.396545 73.879036
8415 15 14 14
-0.545566 -0.532259 -0.647347 65.402344
8991 15 14 15
-0.426075 -0.467501 -0.774534 53.221050
9567 15 14 16
-0.343230 -0.419006 -0.840611 39.703304
10143 15 14 17
-0.286601 -0.383797 -0.877815 27.037106
10719 15 14 18
-0.247246 -0.357093 -0.900752 16.712000
4983 15 15 8
-0.433759 -0.331962 0.837648 33.362438
5559 15 15 9
-0.503280 -0.437800 0.745010 45.628838
6135 15 15 10
-0.582269 -0.569537 0.580164 56.568142
6711 15 15 11
-0.642835 -0.700069 0.310914 63.948219
7287 15 15 12
-0.638837 -0.768550 -0.034899 66.197693
7863 15 15 13
-0.565489 -0.747489 -0.348545 62.896004
8439 15 15 14
-0.469689 -0.679821 -0.563236 54.870552
9015 15 15 15
-0.385405 -0.609114 -0.693140 43.891605
9591 15 15 16
-0.320336 -0.550754 -0.770750 32.097313
10167 15 15 17
-0.271984 -0.505620 -0.818763 21.368891
5007 15 16 8
-0.426279 -0.485353 0.763360 27.744822
5583 15 16 9
-0.478803 -0.598216 0.642561 37.571815
6159 15 16 10
-0.526108 -0.716427 0.458195 46.095566
6735 15 16 11
-0.548841 -0.809361 0.209063 51.530220
7311 15 16 12
-0.531435 -0.844410 -0.067445 52.691422
7887 15 16 13
-0.480005 -0.819261 -0.313699 49.369362
8463 15 16 14
-0.415437 -0.760774 -0.498633 42.373707
9039 15 16 15
-0.353934 -0.695502 -0.625306 33.248631
9615 15 16 16
-0.301946 -0.636858 -0.709394 23.769772
10191 15 16 17
-0.260232 -0.588595 -0.765398 15.417068
4455 15 17 7
-0.368605 -0.520141 0.770444 14.184516
5031 15 17 8
-0.406623 -0.615859 0.674815 21.180807
5607 15 17 9
-0.443055 -0.717530 0.537450 28.421000
6183 15 17 10
-0.469075 -0.808963 0.354327 34.515888
6759 15 17 11
-0.475036 -0.869240 0.136975 38.151646
7335 15 17 12
-0.457074 -0.885188 -0.086751 38.518120
7911 15 17 13
-0.420359 -0.860688 -0.287253 35.566029
8487 15 17 14
-0.374703 -0.811445 -0.448503 30.008389
9063 15 17 15
-0.328493 -0.753568 -0.569410 23.074215
9639 15 17 16
-0.286474 -0.697652 -0.656669 16.106258
5055 15 18 8
-0.377638 -0.718261 0.584372 14.696750
5631 15 18 9
-0.402097 -0.801094 0.443358 19.567118
6207 15 18 10
-0.416330 -0.867138 0.273389 23.543127
6783 15 18 11
-0.416131 -0.905116 0.087182 25.740595
7359 15 18 12
-0.401040 -0.910850 -0.097567 25.659714
7935 15 18 13
-0.374340 -0.888515 -0.265352 23.344812
8511 15 18 14
-0.341023 -0.847215 -0.407345 19.358137
9087 15 18 15
-0.305733 -0.796698 -0.521344 14.584297
6231 15 19 10
-0.369622 -0.904483 0.212813 14.483295
6807 15 19 11
-0.367820 -0.928388 0.052948 15.674818
5992 16 9 10
-0.550852 0.700919 0.453073 30.402147
6568 16 9 11
-0.578656 0.763868 0.285768 36.069618
7144 16 9 12
-0.587315 0.804404 0.089420 39.107517
7720 16 9 13
-0.571944 0.811765 -0.117973 38.878643
8296 16 9 14
-0.535588 0.784690 -0.312102 35.484493
8872 16 9 15
-0.488106 0.732509 -0.474534 29.710928
9448 16 9 16
-0.439979 0.668395 -0.599722 22.762819
5440 16 10 9
-0.541742 0.517463 0.662380 31.173452
6016 16 10 10
-0.603598 0.594460 0.531307 40.543770
6592 16 10 11
-0.658808 0.667530 0.346951 47.975357
7168 16 10 12
-0.689209 0.716105 0.110383 51.932652
7744 16 10 13
-0.678377 0.719320 -0.149609 51.609238
8320 16 10 14
-0.628536 0.675319 -0.385857 47.151543
8896 16 10 15
-0.560070 0.603622 -0.567417 39.576389
9472 16 10 16
-0.492857 0.526035 -0.693094 30.434443
10048 16 10 17
-0.436246 0.454644 -0.776524 21.346220
4888 16 11 8
-0.499439 0.313373 0.807687 26.548489
5464 16 11 9
-0.575286 0.366708 0.731143 38.021591
6040 16 11 10
-0.667311 0.430562 0.607711 49.223137
6616 16 11 11
-0.764594 0.496440 0.411026 58.006027
7192 16 11 12
-0.832327 0.539569 0.126873 62.562763
7768 16 11 13
-0.824772 0.528659 -0.200674 61.982235
8344 16 11 14
-0.743365 0.465670 -0.480166 56.492012
8920 16 11 15
-0.637165 0.384876 -0.667751 47.335609
9496 16 11 16
-0.542348 0.311321 -0.780344 36.363544
10072 16 11 17
-0.468450 0.251921 -0.846812 25.491467
10648 16 11 18
-0.413027 0.205594 -0.887209 16.205589
4912 16 12 8
-0.516163 0.160341 0.841348 29.878599
5488 16 12 9
-0.606705 0.180059 0.774266 42.514507
6064 16 12 10
-0.725715 0.203068 0.657344 54.703758
6640 16 12 11
-0.864186 0.223506 0.450809 64.082008
7216 16 12 12
-0.966693 0.224616 0.122684 68.708305
7792 16 12 13
-0.946694 0.189927 -0.260187 67.667030
8368 16 12 14
-0.819937 0.134286 -0.556481 61.305077
8944 16 12 15
-0.677829 0.083379 -0.730476 51.060955
9520 16 12 16
-0.563672 0.045253 -0.824758 38.990707
10096 16 12 17
-0.480004 0.018238 -0.877077 27.170284
10672 16 12 18
-0.419288 -0.000664 -0.907853 17.170748
11248 16 12 19
-0.374240 -0.013778 -0.927230 9.768908
4936 16 13 8
-0.532237 -0.002173 0.846593 31.031702
5512 16 13 9
-0.628718 -0.026173 0.777193 43.800991
6088 16 13 10
-0.755073 -0.061862 0.652716 55.917961
6664 16 13 11
-0.896019 -0.112186 0.429610 64.988304
7240 16 13 12
-0.982093 -0.168598 0.084076 69.109856
7816 16 13 13
-0.933850 -0.206664 -0.291914 67.469666
8392 16 13 14
-0.795756 -0.217632 -0.565163 60.551849
8968 16 13 15
-0.656500 -0.214530 -0.723176 49.921444
9544 16 13 16
-0.547616 -0.207489 -0.810595 37.705914
10120 16 13 17
-0.467813 -0.199853 -0.860935 25.973976
10696 16 13 18
-0.409421 -0.192190 -0.891873 16.221056
4960 16 14 8
-0.544978 -0.164641 0.822127 29.834803
5536 16 14 9
-0.636024 -0.228242 0.737143 41.710258
6112 16 14 10
-0.744445 -0.310552 0.591066 52.744190
6688 16 14 11
-0.844759 -0.402371 0.352817 60.706131
7264 16 14 12
-0.880940 -0.472262 0.030209 63.896000
7840 16 14 13
-0.822016 -0.490417 -0.289449 61.684647
8416 16 14 14
-0.711189 -0.467898 -0.524672 54.673817
8992 16 14 15
-0.600997 -0.432382 -0.672197 44.450081
9568 16 14 16
-0.511151 -0.398531 -0.761510 33.056957
10144 16 14 17
-0.442302 -0.369875 -0.817044 22.391226
10720 16 14 18
-0.390092 -0.345847 -0.853357 13.737167
4984 16 15 8
-0.550558 -0.318959 0.771460 26.554783
5560 16 15 9
-0.627045 -0.406249 0.664663 36.730335
6136 16 15 10
-0.704709 -0.504981 0.498376 45.947803
6712 16 15 11
-0.759215 -0.595373 0.262912 52.297287
7288 16 15 12
-0.761719 -0.647731 -0.015134 54.395622
7864 16 15 13
-0.708943 -0.649111 -0.275781 51.830605
8440 16 15 14
-0.627647 -0.615693 -0.476425 45.264626
9016 16 15 15
-0.544882 -0.570574 -0.614451 36.182117
9592 16 15 16
-0.473184 -0.527106 -0.705873 26.394756
10168 16 15 17
-0.415017 -0.489651 -0.766814 17.499020
5008 16 16 8
-0.545317 -0.458385 0.701792 21.807903
5584 16 16 9
-0.603483 -0.550848 0.576519 29.832155
6160 16 16 10
-0.652381 -0.642054 0.402699 36.893444
6736 16 16 11
-0.676453 -0.712626 0.185945 41.491138
7312 16 16 12
-0.665123 -0.745237 -0.047260 42.603905
7888 16 16 13
-0.622162 -0.737865 -0.261667 40.019501
8464 16 16 14
-0.562062 -0.703527 -0.434897 34.384804
9040 16 16 15
-0.498927 -0.658256 -0.563712 26.971039
9616 16 16 16
-0.440961 -0.612912 -0.655661 19.250023
5032 16 17 8
-0.527868 -0.577756 0.622538 16.417870
5608 16 17 9
-0.569075 -0.662030 0.487719 22.220734
6184 16 17 10
-0.597553 -0.735693 0.318882 27.169395
6760 16 17 11
-0.605597 -0.785574 0.126987 30.184771
7336 16 17 12
-0.590600 -0.804041 -0.068635 30.585171
7912 16 17 13
-0.556488 -0.792841 -0.248444 28.306559
8488 16 17 14
-0.510981 -0.760763 -0.400173 23.910923
9064 16 17 15
-0.461735 -0.718314 -0.520409 18.387659
9640 16 17 16
-0.414185 -0.673880 -0.611831 12.823929
5056 16 18 8
-0.500041 -0.674601 0.543021 11.230962
5632 16 18 9
-0.528353 -0.744712 0.407733 15.056899
6208 16 18 10
-0.544548 -0.800253 0.251123 18.215258
6784 16 18 11
-0.545360 -0.834016 0.083663 19.998407
7360 16 18 12
-0.530826 -0.843488 -0.082167 19.997135
7936 16 18 13
-0.503829 -0.831024 -0.235700 18.232508
8512 16 18 14
-0.468657 -0.802145 -0.370033 15.139182
7145 17 9 12
-0.665267 0.740701 0.093710 29.577824
7721 17 9 13
-0.660536 0.745158 -0.091825 29.595104
8297 17 9 14
-0.635892 0.722902 -0.270285 27.112480
8873 17 9 15
-0.597112 0.679442 -0.426399 22.710342
5441 17 10 9
-0.621906 0.488705 0.611883 23.292442
6017 17 10 10
-0.684001 0.546778 0.482884 30.644566
6593 17 10 11
-0.738470 0.597112 0.313240 36.607166
7169 17 10 12
-0.771671 0.626947 0.107056 39.914593
7745 17 10 13
-0.771631 0.625437 -0.115818 39.852531
8321 17 10 14
-0.737449 0.591941 -0.325231 36.473469
8897 17 10 15
-0.680993 0.537220 -0.497638 30.562120
9473 17 10 16
-0.617808 0.475257 -0.626453 23.373549
10049 17 10 17
-0.558583 0.415827 -0.717686 16.239613
5465 17 11 9
-0.665881 0.337920 0.665140 28.745251
6041 17 11 10
-0.753166 0.381371 0.536000 37.623455
6617 17 11 11
-0.837075 0.419039 0.351728 44.718494
7193 17 11 12
-0.892432 0.436860 0.112776 48.522499
7769 17 11 13
-0.893676 0.422865 -0.150094 48.228043
8345 17 11 14
-0.840150 0.379994 -0.386979 43.963528
8921 17 11 15
-0.757354 0.324131 -0.566882 36.719563
9497 17 11 16
-0.671610 0.269633 -0.690100 28.015989
10073 17 11 17
-0.596238 0.222993 -0.771216 19.434637
10649 17 11 18
-0.534326 0.185240 -0.824731 12.184789
4913 17 12 8
-0.611084 0.145518 0.778075 22.400856
5489 17 12 9
-0.702196 0.157618 0.694318 32.288265
6065 17 12 10
-0.808708 0.168123 0.563673 41.982891
6641 17 12 11
-0.914449 0.171628 0.366507 49.567387
7217 17 12 12
-0.981791 0.160598 0.101463 53.415592
7793 17 12 13
-0.973366 0.132315 -0.187222 52.719475
8369 17 12 14
-0.896211 0.094800 -0.433380 47.719227
8945 17 12 15
-0.791853 0.059048 -0.607850 39.580650
9521 17 12 16
-0.692225 0.030399 -0.721041 29.998316
10097 17 12 17
-0.608844 0.009272 -0.793236 20.679268
10673 17 12 18
-0.542199 -0.005694 -0.840231 12.889044
4937 17 13 8
-0.628984 -0.012398 0.777319 23.213543
5513 17 13 9
-0.723616 -0.035432 0.689293 33.184261
6089 17 13 10
-0.832093 -0.066557 0.550628 42.792969
6665 17 13 11
-0.933662 -0.105260 0.342339 50.097370
7241 17 13 12
-0.986918 -0.145159 0.070157 53.508686
7817 17 13 13
-0.961168 -0.175577 -0.212908 52.314682
8393 17 13 14
-0.874952 -0.191446 -0.444755 46.879532
8969 17 13 15
-0.770536 -0.196040 -0.606500 38.474907
9545 17 13 16
-0.674494 -0.194366 -0.712236 28.842060
10121 17 13 17
-0.594850 -0.189584 -0.781161 19.661375
10697 17 13 18
-0.531023 -0.183223 -0.827311 12.118690
4961 17 14 8
-0.640070 -0.166433 0.750074 22.127844
5537 17 14 9
-0.727301 -0.219870 0.650147 31.320601
6113 17 14 10
-0.819171 -0.282570 0.499112 39.990620
6689 17 14 11
-0.893357 -0.345867 0.286860 46.342392
7265 17 14 12
-0.918752 -0.393683 0.030136 48.970089
7841 17 14 13
-0.882639 -0.413864 -0.222855 47.326897
8417 17 14 14
-0.805344 -0.409421 -0.428714 41.876911
8993 17 14 15
-0.716668 -0.391856 -0.576920 33.896488
9569 17 14 16
-0.634557 -0.370236 -0.678426 25.031754
10145 17 14 17
-0.564949 -0.348802 -0.747777 16.794468
4985 17 15 8
-0.642870 -0.308871 0.700940 19.424515
5561 17 15 9
-0.715069 -0.379979 0.586764 27.186865
6137 17 15 10
-0.781749 -0.454538 0.426922 34.322033
6713 17 15 11
-0.825191 -0.519294 0.222247 39.315765
7289 17 15 12
-0.829071 -0.559110 -0.006149 41.042908
7865 17 15 13
-0.792171 -0.567920 -0.223453 39.146400
8441 17 15 14
-0.729320 -0.552620 -0.403365 34.134998
9017 17 15 15
-0.658339 -0.525113 -0.539301 27.179483
9593 17 15 16
-0.590742 -0.494443 -0.637613 19.706423
5009 17 16 8
-0.635992 -0.435110 0.637333 15.672622
5585 17 16 9
-0.690753 -0.510151 0.512451 21.674789
6161 17 16 10
-0.733961 -0.580816 0.352071 27.032745
6737 17 16 11
-0.754982 -0.634984 0.163701 30.582434
7313 17 16 12
-0.747655 -0.663201 -0.034301 31.511066
7889 17 16 13
-0.714428 -0.664224 -0.220000 29.631458
8465 17 16 14
-0.664393 -0.644739 -0.378011 25.430721
9041 17 16 15
-0.607715 -0.614222 -0.503403 19.885069
9617 17 16 16
-0.551825 -0.580416 -0.598837 14.122331
5609 17 17 9
-0.658071 -0.612256 0.438275 15.806244
6185 17 17 10
-0.684033 -0.671564 0.284782 19.472601
6761 17 17 11
-0.691803 -0.712690 0.116109 21.750286
7337 17 17 12
-0.680070 -0.731111 -0.054603 22.110943
7913 17 17 13
-0.651557 -0.727635 -0.214524 20.489771
8489 17 17 14
-0.611510 -0.707302 -0.354653 17.298168
9065 17 17 15
-0.565694 -0.676869 -0.470999 13.272779
6018 18 10 10
-0.754719 0.492260 0.433681 21.324869
6594 18 10 11
-0.804542 0.524916 0.277805 25.689837
7170 18 10 12
-0.835527 0.540827 0.096958 28.163439
7746 18 10 13
-0.839567 0.534948 -0.094650 28.181902
8322 18 10 14
-0.815358 0.508000 -0.277719 25.760481
8898 18 10 15
-0.769672 0.466413 -0.435963 21.479355
9474 18 10 16
-0.713307 0.418672 -0.562056 16.283258
5466 18 11 9
-0.741921 0.303383 0.597923 19.962530
6042 18 11 10
-0.819113 0.331190 0.468367 26.410362
6618 18 11 11
-0.887449 0.350872 0.298870 31.632853
7194 18 11 12
-0.929952 0.355038 0.095587 34.474556
7770 18 11 13
-0.932850 0.339670 -0.120062 34.297573
8346 18 11 14
-0.896107 0.307913 -0.319659 31.182976
8922 18 11 15
-0.833263 0.268082 -0.483534 25.881615
9498 18 11 16
-0.761025 0.228142 -0.607282 19.550255
10074 18 11 17
-0.691124 0.192637 -0.696590 13.378033
5490 18 12 9
-0.776303 0.133587 0.616042 22.483805
6066 18 12 10
-0.865529 0.136180 0.481991 29.540655
6642 18 12 11
-0.944375 0.131810 0.301302 35.126480
7218 18 12 12
-0.989677 0.117516 0.082038 37.990559
7794 18 12 13
-0.984666 0.093935 -0.147001 37.496426
8370 18 12 14
-0.933963 0.065973 -0.351227 33.818985
8946 18 12 15
-0.858117 0.039339 -0.511945 27.851301
9522 18 12 16
-0.776894 0.017358 -0.629393 20.884773
10098 18 12 17
-0.701547 0.000800 -0.712623 14.196533
5514 18 13 9
-0.793440 -0.043940 0.607060 23.017345
6090 18 13 10
-0.881607 -0.070457 0.466695 29.985767
6666 18 13 11
-0.954930 -0.100828 0.279181 35.341499
7242 18 13 12
-0.989781 -0.130853 0.056667 37.866142
7818 18 13 13
-0.973395 -0.155166 -0.168599 37.002117
8394 18 13 14
-0.915678 -0.170848 -0.363792 33.023117
8970 18 13 15
-0.838411 -0.178473 -0.514989 26.900417
9546 18 13 16
-0.759207 -0.180164 -0.625416 19.949974
10122 18 13 17
-0.686959 -0.177926 -0.704578 13.413730
5538 18 14 9
-0.792475 -0.211630 0.572011 21.497885
6114 18 14 10
-0.866872 -0.260047 0.425333 27.723875
6690 18 14 11
-0.921760 -0.306054 0.238097 32.336998
7266 18 14 12
-0.939726 -0.340933 0.026069 34.269394
7842 18 14 13
-0.915472 -0.359061 -0.181624 33.096195
8418 18 14 14
-0.860116 -0.361546 -0.359841 29.164129
8994 18 14 15
-0.790903 -0.353662 -0.499396 23.433828
9570 18 14 16
-0.720856 -0.340494 -0.603681 17.128304
5562 18 15 9
-0.776915 -0.357007 0.518603 18.353546
6138 18 15 10
-0.831721 -0.414571 0.369285 23.396292
6714 18 15 11
-0.865710 -0.462997 0.190210 26.970711
7290 18 15 12
-0.869508 -0.493911 -0.002723 28.235634
7866 18 15 13
-0.842911 -0.504301 -0.187568 26.914925
8442 18 15 14
-0.794729 -0.497752 -0.347345 23.379929
9018 18 15 15
-0.736457 -0.480888 -0.475791 18.490788
5586 18 16 9
-0.751582 -0.475891 0.456784 14.318521
6162 18 16 10
-0.787893 -0.531918 0.310302 18.024353
6738 18 16 11
-0.805448 -0.574676 0.144916 20.516781
7314 18 16 12
-0.800658 -0.598542 -0.026360 21.201244
7890 18 16 13
-0.775183 -0.602824 -0.188933 19.931366
8466 18 16 14
-0.734813 -0.591483 -0.331960 17.051104
8323 19 10 14
-0.867848 0.434413 -0.241093 16.406567
6043 19 11 10
-0.866584 0.286362 0.408691 16.808205
6619 19 11 11
-0.920833 0.295566 0.254375 20.273531
7195 19 11 12
-0.952811 0.293045 0.079218 22.163662
7771 19 11 13
-0.955215 0.277858 -0.101779 22.031425
8347 19 11 14
-0.928610 0.252800 -0.271616 19.936222
8923 19 11 15
-0.880638 0.222861 -0.418102 16.406525
9499 19 11 16
-0.821506 0.192748 -0.536634 12.242833
6067 19 12 10
-0.903325 0.110600 0.414453 18.834957
6643 19 12 11
-0.962374 0.103254 0.251346 22.545853
7219 19 12 12
-0.993857 0.089041 0.065722 24.445940
7795 19 12 13
-0.989966 0.069174 -0.123217 24.089437
8371 19 12 14
-0.954156 0.046897 -0.295613 21.605824
8947 19 12 15
-0.897703 0.025723 -0.439850 17.627409
9523 19 12 16
-0.832588 0.007951 -0.553836 13.048606
6091 19 13 10
-0.913701 -0.071713 0.400009 19.035915
6667 19 13 11
-0.967851 -0.095785 0.232571 22.581478
7243 19 13 12
-0.991850 -0.119194 0.045005 24.248243
7819 19 13 13
-0.980090 -0.139000 -0.141785 23.647243
8395 19 13 14
-0.938768 -0.153399 -0.308518 20.977360
8971 19 13 15
-0.880300 -0.162145 -0.445849 16.922247
9547 19 13 16
-0.815980 -0.165949 -0.553749 12.386210
6115 19 14 10
-0.898476 -0.240241 0.367458 17.409529
6691 19 14 11
-0.940090 -0.274966 0.201555 20.437431
7267 19 14 12
-0.953223 -0.301535 0.021033 21.705275
7843 19 14 13
-0.935642 -0.317105 -0.154978 20.918398
8419 19 14 14
-0.894255 -0.322244 -0.310591 18.321665
8995 19 14 15
-0.839746 -0.319627 -0.438936 14.580303
6139 19 15 10
-0.865852 -0.381342 0.323849 14.438282
6715 19 15 11
-0.892917 -0.418803 0.165238 16.752253
7291 19 15 12
-0.896363 -0.443316 -0.001962 17.577866
7867 19 15 13
-0.876369 -0.453327 -0.162701 16.724419
8443 19 15 14
-0.838657 -0.451067 -0.305276 14.445144
7220 20 12 12
-0.996134 0.070516 0.052393 14.083529
7796 20 12 13
-0.992684 0.053609 -0.108185 13.838763
6668 20 13 11
-0.976232 -0.089590 0.197344 12.938509
7244 20 13 12
-0.993496 -0.108259 0.035290 13.914639
7820 20 13 13
-0.984369 -0.124700 -0.124366 13.527092
8396 20 13 14
-0.953157 -0.137723 -0.269303 11.910200
6692 20 14 11
-0.952886 -0.248780 0.173543 11.592724
7268 20 14 12
-0.962838 -0.269596 0.016127 12.331520
7844 20 14 13
-0.949350 -0.282876 -0.136802 11.847207
