2.000000
16 16 16
8.992230 5.096557 5.137822
-7.007770 -10.903442 -10.862178
27.170340 844.247345 362.999467
1875 3 5 7
0.935225 0.351548 0.042046 18.470776
2131 3 5 8
0.929484 0.334332 -0.155828 17.929459
1635 3 6 6
0.959539 0.134091 0.247599 19.425766
1891 3 6 7
0.990182 0.134159 0.039261 20.833094
2147 3 6 8
0.977810 0.125287 -0.167903 20.167875
1907 3 7 7
0.996017 -0.080745 0.037814 21.080576
2163 3 7 8
0.982587 -0.078084 -0.168600 20.384840
1604 4 4 6
0.714784 0.640077 0.281754 20.153830
1860 4 4 7
0.757076 0.648638 0.078138 21.936003
2116 4 4 8
0.768316 0.625694 -0.134903 21.641407
2372 4 4 9
0.747245 0.576690 -0.330233 19.297916
1364 4 5 5
0.750171 0.417683 0.512625 21.483284
1620 4 5 6
0.834254 0.450257 0.318258 25.701723
1876 4 5 7
0.885554 0.457310 0.081618 27.889257
2132 4 5 8
0.886284 0.433667 -0.162582 27.414803
2388 4 5 9
0.841945 0.388203 -0.374735 24.354214
2644 4 5 10
0.773874 0.335885 -0.536936 19.489595
1124 4 6 4
0.704651 0.146252 0.694318 18.485229
1380 4 6 5
0.817270 0.173693 0.549455 24.428255
1636 4 6 6
0.919526 0.193911 0.341862 29.228432
1892 4 6 7
0.976543 0.198653 0.083065 31.676268
2148 4 6 8
0.966010 0.185253 -0.180292 31.065447
2404 4 6 9
0.902399 0.160496 -0.399896 27.516502
2660 4 6 10
0.817329 0.133612 -0.560466 21.952454
1140 4 7 4
0.714073 -0.080964 0.695374 18.753412
1396 4 7 5
0.831052 -0.077235 0.550807 24.898405
1652 4 7 6
0.936751 -0.073843 0.342119 29.872768
1908 4 7 7
0.994147 -0.070400 0.081955 32.402908
2164 4 7 8
0.981219 -0.066650 -0.181017 31.754799
2420 4 7 9
0.914993 -0.062962 -0.398528 28.072514
2676 4 7 10
0.828452 -0.059701 -0.556870 22.335716
1412 4 8 5
0.803969 -0.277862 0.525763 22.969696
1668 4 8 6
0.901276 -0.285588 0.325792 27.716072
1924 4 8 7
0.955926 -0.282358 0.080496 30.160652
2180 4 8 8
0.949138 -0.266240 -0.168089 29.585634
2436 4 8 9
0.893638 -0.242379 -0.377709 26.129688
1428 4 9 5
0.766377 -0.410560 0.494072 19.413542
1684 4 9 6
0.852697 -0.422963 0.306609 23.628521
1940 4 9 7
0.903706 -0.420477 0.080709 25.853491
2196 4 9 8
0.904036 -0.400319 -0.149877 25.422792
2452 4 9 9
0.861363 -0.368343 -0.349825 22.447483
1700 4 10 6
0.812598 -0.505039 0.290895 18.741121
1956 4 10 7
0.859291 -0.504829 0.082256 20.650925
2212 4 10 8
0.863823 -0.486150 -0.132164 20.374704
1589 5 3 6
0.431315 0.852657 0.294860 18.455395
1845 5 3 7
0.473321 0.874006 0.109911 20.413309
2101 5 3 8
0.500339 0.860891 -0.092346 20.505259
2357 5 3 9
0.505987 0.812663 -0.289060 18.633213
2613 5 3 10
0.491363 0.740342 -0.458755 15.245118
1093 5 4 4
0.402893 0.624930 0.668684 16.543186
1349 5 4 5
0.472595 0.698519 0.537331 22.003302
1605 5 4 6
0.545178 0.758769 0.356442 26.633539
1861 5 4 7
0.604970 0.786082 0.126833 29.335402
2117 5 4 8
0.632590 0.764297 -0.125215 29.341930
2373 5 4 9
0.621063 0.698121 -0.356241 26.560347
2629 5 4 10
0.581635 0.610965 -0.537049 21.665365
2885 5 4 11
0.530879 0.524795 -0.665400 15.849237
853 5 5 3
0.388149 0.368921 0.844534 14.500630
1109 5 5 4
0.472275 0.438657 0.764550 21.253748
1365 5 5 5
0.576144 0.514474 0.635118 28.253410
1621 5 5 6
0.688859 0.582325 0.431706 34.140587
1877 5 5 7
0.775737 0.613314 0.148587 37.504597
2133 5 5 8
0.795272 0.583803 -0.163452 37.393528
2389 5 5 9
0.748086 0.508915 -0.425880 33.738853
2645 5 5 10
0.671056 0.424272 -0.608011 27.442787
2901 5 5 11
0.592967 0.350711 -0.724840 20.034618
869 5 6 3
0.421478 0.148282 0.894633 16.514675
1125 5 6 4
0.526204 0.191930 0.828416 24.295977
1381 5 6 5
0.663248 0.242586 0.707993 32.370358
1637 5 6 6
0.819417 0.291337 0.493638 39.141617
1893 5 6 7
0.934415 0.314619 0.166982 42.965343
2149 5 6 8
0.936425 0.292885 -0.193201 42.758579
2405 5 6 9
0.847173 0.243292 -0.472342 38.484066
2661 5 6 10
0.736031 0.193289 -0.648766 31.220882
2917 5 6 11
0.637368 0.153457 -0.755124 22.740177
885 5 7 3
0.436012 -0.071664 0.897083 16.807947
1141 5 7 4
0.547714 -0.063884 0.834223 24.909410
1397 5 7 5
0.695176 -0.056102 0.716647 33.370003
1653 5 7 6
0.863742 -0.049327 0.501514 40.487453
1909 5 7 7
0.984703 -0.043944 0.168611 44.502876
2165 5 7 8
0.979747 -0.040049 -0.196196 44.271450
2421 5 7 9
0.879730 -0.037929 -0.473958 39.778526
2677 5 7 10
0.761203 -0.037166 -0.647448 32.191002
2933 5 7 11
0.658245 -0.036880 -0.751900 23.381065
1157 5 8 4
0.543851 -0.267051 0.795556 23.146109
1413 5 8 5
0.679747 -0.289559 0.673868 31.289097
1669 5 8 6
0.828871 -0.311718 0.464548 38.201828
1925 5 8 7
0.934865 -0.318288 0.157225 42.138210
2181 5 8 8
0.938156 -0.297516 -0.177052 41.960644
2437 5 8 9
0.858351 -0.260539 -0.441989 37.660820
2693 5 8 10
0.754982 -0.224333 -0.616179 30.395773
2949 5 8 11
0.660253 -0.195226 -0.725226 21.994799
1173 5 9 4
0.534548 -0.399273 0.744875 19.748720
1429 5 9 5
0.653638 -0.433968 0.620024 27.031340
1685 5 9 6
0.778102 -0.466330 0.420825 33.297920
1941 5 9 7
0.866318 -0.477942 0.145135 36.923752
2197 5 9 8
0.877181 -0.455079 -0.153159 36.839680
2453 5 9 9
0.819841 -0.408313 -0.401424 33.032417
2709 5 9 10
0.735406 -0.358029 -0.575321 26.570528
2965 5 9 11
0.652081 -0.314855 -0.689679 19.126753
1445 5 10 5
0.635242 -0.516491 0.574198 21.795677
1701 5 10 6
0.739383 -0.552224 0.385177 27.132032
1957 5 10 7
0.812282 -0.567311 0.135485 30.272430
2213 5 10 8
0.825213 -0.548884 -0.133228 30.267727
2469 5 10 9
0.782431 -0.504286 -0.365373 27.099644
2725 5 10 10
0.712533 -0.451851 -0.536775 21.699089
1717 5 11 6
0.710045 -0.607837 0.355487 20.815559
1973 5 11 7
0.769127 -0.626518 0.126169 23.359730
2229 5 11 8
0.780387 -0.613929 -0.118691 23.389431
2485 5 11 9
0.746240 -0.574774 -0.335798 20.888845
2741 5 11 10
0.687054 -0.524403 -0.502950 16.626202
1989 5 12 7
0.726086 -0.677891 0.115165 16.930487
2245 5 12 8
0.734177 -0.670252 -0.108384 16.954241
2501 5 12 9
0.706075 -0.636474 -0.310416 15.085487
1334 6 3 5
0.170402 0.852794 0.493665 17.582098
1590 6 3 6
0.213318 0.915395 0.341392 21.620890
1846 6 3 7
0.257584 0.954417 0.150792 24.243847
2102 6 3 8
0.294238 0.953343 -0.067541 24.712496
2358 6 3 9
0.314468 0.905229 -0.285781 22.795727
2614 6 3 10
0.316039 0.822059 -0.473645 18.929291
2870 6 3 11
0.303836 0.725922 -0.617026 14.072926
838 6 4 3
0.128771 0.580206 0.804226 12.886852
1094 6 4 4
0.169682 0.668575 0.724027 19.031567
1350 6 4 5
0.223890 0.763710 0.605491 25.576187
1606 6 4 6
0.290276 0.854535 0.430709 31.344576
1862 6 4 7
0.358418 0.914397 0.188187 35.013458
2118 6 4 8
0.406614 0.908150 -0.099646 35.555798
2374 6 4 9
0.418247 0.829366 -0.370433 32.690956
2630 6 4 10
0.399206 0.714106 -0.575053 27.082409
2886 6 4 11
0.366328 0.600730 -0.710582 20.111637
3142 6 4 12
0.331403 0.505808 -0.796448 13.317778
854 6 5 3
0.156744 0.400800 0.902658 16.635761
1110 6 5 4
0.214441 0.488884 0.845581 24.595327
1366 6 5 5
0.297718 0.597354 0.744669 33.050877
1622 6 5 6
0.410142 0.719122 0.560934 40.454906
1878 6 5 7
0.529314 0.810744 0.250042 45.092655
2134 6 5 8
0.589891 0.793997 -0.146962 45.669476
2390 6 5 9
0.563272 0.673425 -0.478773 41.877674
2646 6 5 10
0.497733 0.535848 -0.682004 34.615807
2902 6 5 11
0.432442 0.425584 -0.794904 25.669556
3158 6 5 12
0.377972 0.345205 -0.859052 16.992060
870 6 6 3
0.184895 0.177671 0.966565 19.096109
1126 6 6 4
0.260403 0.238069 0.935689 28.358864
1382 6 6 5
0.379320 0.320765 0.867886 38.219517
1638 6 6 6
0.562920 0.430731 0.705402 46.839951
1894 6 6 7
0.778675 0.531512 0.333407 52.196114
2150 6 6 8
0.837802 0.506931 -0.202752 52.790348
2406 6 6 9
0.719196 0.386039 -0.577694 48.309326
2662 6 6 10
0.587621 0.281630 -0.758542 39.845913
2918 6 6 11
0.489023 0.211527 -0.846235 29.492733
3174 6 6 12
0.417598 0.165232 -0.893482 19.498169
886 6 7 3
0.209710 -0.047133 0.976627 19.658298
1142 6 7 4
0.296203 -0.031187 0.954616 29.437061
1398 6 7 5
0.435196 -0.012463 0.900250 39.921890
1654 6 7 6
0.658857 0.008511 0.752220 49.120728
1910 6 7 7
0.930771 0.026912 0.364610 54.832874
2166 6 7 8
0.974977 0.027652 -0.220578 55.448872
2422 6 7 9
0.800043 0.014765 -0.599761 50.664577
2678 6 7 10
0.637661 0.002724 -0.770312 41.689823
2934 6 7 11
0.524473 -0.005732 -0.851408 30.774315
3190 6 7 12
0.445178 -0.011236 -0.895371 20.291845
902 6 8 3
0.232179 -0.228072 0.945556 18.354980
1158 6 8 4
0.320966 -0.246291 0.914506 27.831242
1414 6 8 5
0.456367 -0.278153 0.845198 38.113331
1670 6 8 6
0.656073 -0.328123 0.679635 47.206791
1926 6 8 7
0.872210 -0.374206 0.314991 52.882648
2182 6 8 8
0.915983 -0.353824 -0.189164 53.518318
2438 6 8 9
0.786663 -0.285877 -0.547208 48.829983
2694 6 8 10
0.645474 -0.228354 -0.728847 40.057167
2950 6 8 11
0.538380 -0.189782 -0.821054 29.447763
3206 6 8 12
0.460127 -0.163861 -0.872601 19.326729
918 6 9 3
0.256131 -0.350139 0.900999 15.763745
1174 6 9 4
0.342877 -0.385382 0.856689 24.299622
1430 6 9 5
0.465547 -0.438903 0.768525 33.703430
1686 6 9 6
0.627115 -0.509887 0.588848 42.107887
1942 6 9 7
0.781760 -0.566293 0.261082 47.391445
2198 6 9 8
0.821843 -0.548285 -0.154784 48.011917
2454 6 9 9
0.741057 -0.469260 -0.480239 43.719162
2710 6 9 10
0.631559 -0.389114 -0.670615 35.707726
2966 6 9 11
0.537922 -0.328518 -0.776348 26.089420
3222 6 9 12
0.464946 -0.285085 -0.838184 16.997355
1190 6 10 4
0.365996 -0.469278 0.803632 19.856991
1446 6 10 5
0.475160 -0.531033 0.701589 27.940262
1702 6 10 6
0.605532 -0.604957 0.517067 35.238899
1958 6 10 7
0.718675 -0.659111 0.221540 39.849266
2214 6 10 8
0.750149 -0.647943 -0.132087 40.391514
2470 6 10 9
0.695458 -0.578844 -0.425767 36.664772
2726 6 10 10
0.609598 -0.498323 -0.616494 29.762447
2982 6 10 11
0.528779 -0.430886 -0.731252 21.560947
1462 6 11 5
0.482281 -0.593947 0.643920 21.853687
1718 6 11 6
0.586570 -0.667374 0.458854 27.801577
1974 6 11 7
0.669496 -0.718209 0.189609 31.555637
2230 6 11 8
0.691445 -0.712627 -0.118599 31.961956
2486 6 11 9
0.650762 -0.655096 -0.383874 28.879910
2742 6 11 10
0.582000 -0.580277 -0.569697 23.258316
2998 6 11 11
0.512617 -0.511926 -0.689315 16.670002
1478 6 12 5
0.479856 -0.650940 0.588231 16.087090
1734 6 12 6
0.560471 -0.722023 0.405653 20.601391
1990 6 12 7
0.619433 -0.768476 0.160458 23.429993
2246 6 12 8
0.633243 -0.766085 -0.110078 23.680567
2502 6 12 9
0.602099 -0.718167 -0.348874 21.271818
2758 6 12 10
0.547609 -0.650130 -0.526740 16.974707
1750 6 13 6
0.523705 -0.774671 0.354428 14.178819
2006 6 13 7
0.563963 -0.814964 0.133336 16.130571
2262 6 13 8
0.571992 -0.813720 -0.103374 16.249321
2518 6 13 9
0.548672 -0.773712 -0.316747 14.500072
2774 6 13 10
0.506941 -0.712949 -0.484473 11.459257
2022 6 14 7
0.506170 -0.855475 0.109335 10.149023
2278 6 14 8
0.510688 -0.854286 -0.096918 10.183675
2343 7 2 9
0.050279 0.977391 -0.205374 15.339171
1335 7 3 5
-0.055673 0.854485 0.516485 18.099092
1591 7 3 6
-0.026668 0.927037 0.374021 22.589142
1847 7 3 7
0.008966 0.981962 0.188868 25.728552
2103 7 3 8
0.046772 0.998344 -0.033483 26.641649
2359 7 3 9
0.079646 0.960961 -0.264973 24.952309
2615 7 3 10
0.101937 0.877786 -0.468081 21.018988
2871 7 3 11
0.113073 0.774590 -0.622274 15.834673
839 7 4 3
-0.092039 0.580504 0.809039 13.007786
1095 7 4 4
-0.077708 0.670312 0.737999 19.438990
1351 7 4 5
-0.052661 0.771770 0.633718 26.484819
1607 7 4 6
-0.014631 0.879142 0.476335 32.956337
1863 7 4 7
0.035881 0.969019 0.244365 37.412071
2119 7 4 8
0.090151 0.994408 -0.054997 38.616009
2375 7 4 9
0.131610 0.925423 -0.355347 36.072296
2631 7 4 10
0.151515 0.797073 -0.584566 30.334814
2887 7 4 11
0.154980 0.664463 -0.731075 22.841908
3143 7 4 12
0.150147 0.553610 -0.819129 15.319983
855 7 5 3
-0.086882 0.409553 0.908140 16.910803
1111 7 5 4
-0.069974 0.501362 0.862404 25.313314
1367 7 5 5
-0.038286 0.620494 0.783276 34.504009
1623 7 5 6
0.015728 0.772950 0.634272 42.904247
1879 7 5 7
0.097643 0.932269 0.348340 48.625973
2135 7 5 8
0.184984 0.978393 -0.092346 50.085548
2391 7 5 9
0.226849 0.837845 -0.496544 46.688507
2647 7 5 10
0.225052 0.647802 -0.727807 39.197777
2903 7 5 11
0.208365 0.499447 -0.840914 29.490185
3159 7 5 12
0.189867 0.396397 -0.898231 19.781963
871 7 6 3
-0.069571 0.199143 0.977498 19.600567
1127 7 6 4
-0.046621 0.267919 0.962313 29.493330
1383 7 6 5
-0.002845 0.368455 0.929641 40.346031
1639 7 6 6
0.082310 0.530633 0.843596 50.259354
1895 7 6 7
0.251203 0.790763 0.558202 56.973961
2151 7 6 8
0.426919 0.888134 -0.170169 58.626926
2407 7 6 9
0.389427 0.605834 -0.693766 54.560947
2663 7 6 10
0.316974 0.395710 -0.861940 45.724831
2919 7 6 11
0.266234 0.279776 -0.922412 34.348053
3175 7 6 12
0.230591 0.211420 -0.949805 23.018471
3431 7 6 13
0.204011 0.167889 -0.964465 13.695988
887 7 7 3
-0.038527 -0.013163 0.999171 20.450842
1143 7 7 4
-0.005597 0.013962 0.999887 31.057978
1399 7 7 5
0.055558 0.050381 0.997184 42.781975
1655 7 7 6
0.184003 0.107377 0.977043 53.527630
1911 7 7 7
0.532739 0.228902 0.814735 60.796730
2167 7 7 8
0.911040 0.293970 -0.289115 62.555538
2423 7 7 9
0.557990 0.134160 -0.818931 58.128105
2679 7 7 10
0.396196 0.069430 -0.915537 48.598217
2935 7 7 11
0.315542 0.038864 -0.948115 36.407299
3191 7 7 12
0.266026 0.021727 -0.963721 24.333759
903 7 8 3
0.003174 -0.186513 0.982447 19.451063
1159 7 8 4
0.046830 -0.196460 0.979393 29.936125
1415 7 8 5
0.122694 -0.223475 0.966957 41.655979
1671 7 8 6
0.270629 -0.291231 0.917575 52.463566
1927 7 8 7
0.592410 -0.449674 0.668463 59.778950
2183 7 8 8
0.833266 -0.508624 -0.216724 61.524563
2439 7 8 9
0.595147 -0.321771 -0.736386 57.054623
2695 7 8 10
0.435623 -0.222705 -0.872144 47.528210
2951 7 8 11
0.347388 -0.174794 -0.921286 35.442165
3207 7 8 12
0.291750 -0.147726 -0.945018 23.568624
919 7 9 3
0.050702 -0.306960 0.950371 17.115295
1175 7 9 4
0.102547 -0.340265 0.934721 26.787119
1431 7 9 5
0.185387 -0.403153 0.896158 37.740601
1687 7 9 6
0.325307 -0.519756 0.789955 47.908501
1943 7 9 7
0.541249 -0.694050 0.474704 54.783855
2199 7 9 8
0.663313 -0.732977 -0.150863 56.372787
2455 7 9 9
0.560901 -0.564606 -0.605483 52.108364
2711 7 9 10
0.443156 -0.423363 -0.790175 43.168644
2967 7 9 11
0.362226 -0.337941 -0.868670 31.962616
3223 7 9 12
0.306738 -0.284769 -0.908195 21.082355
1191 7 10 4
0.155294 -0.435083 0.886897 22.526600
1447 7 10 5
0.237972 -0.516203 0.822742 32.155975
1703 7 10 6
0.359504 -0.641943 0.677249 41.137310
1959 7 10 7
0.506210 -0.784134 0.359006 47.175198
2215 7 10 8
0.575514 -0.808242 -0.124609 48.474369
2471 7 10 9
0.519599 -0.685626 -0.509837 44.585567
2727 7 10 10
0.433772 -0.552853 -0.711474 36.650791
2983 7 10 11
0.363902 -0.457216 -0.811498 26.869911
3239 7 10 12
0.311883 -0.391877 -0.865541 17.522329
1463 7 11 5
0.275512 -0.600128 0.750959 25.862049
1719 7 11 6
0.374551 -0.722104 0.581616 33.292988
1975 7 11 7
0.473818 -0.834918 0.280016 38.228966
2231 7 11 8
0.513716 -0.850344 -0.114069 39.162861
2487 7 11 9
0.477188 -0.759056 -0.442861 35.780384
2743 7 11 10
0.413531 -0.643810 -0.643817 29.127295
2999 7 11 11
0.355155 -0.548945 -0.756653 21.094957
1479 7 12 5
0.293990 -0.675420 0.676297 19.531399
1735 7 12 6
0.369169 -0.786582 0.494978 25.244699
1991 7 12 7
0.433962 -0.873979 0.218720 28.973875
2247 7 12 8
0.456389 -0.883133 -0.108562 29.550192
2503 7 12 9
0.431335 -0.813250 -0.390607 26.784853
2759 7 12 10
0.384852 -0.715387 -0.583190 21.566708
3015 7 12 11
0.338009 -0.625522 -0.703187 15.408541
1495 7 13 5
0.293802 -0.745390 0.598393 13.678800
1751 7 13 6
0.347197 -0.840427 0.416097 17.714497
2007 7 13 7
0.388035 -0.905848 0.169909 20.294155
2263 7 13 8
0.400562 -0.910404 -0.103512 20.589249
2519 7 13 9
0.383713 -0.856268 -0.345787 18.506516
2775 7 13 10
0.350910 -0.774599 -0.526173 14.734266
3031 7 13 11
0.314991 -0.692287 -0.649245 10.381864
1767 7 14 6
0.316447 -0.882638 0.347580 11.333494
2023 7 14 7
0.341960 -0.930380 0.132124 12.951197
2279 7 14 8
0.349216 -0.931943 -0.097624 13.068192
2535 7 14 9
0.338202 -0.889865 -0.306203 11.650082
2791 7 14 10
0.315692 -0.822888 -0.472434 9.175098
2344 8 2 9
-0.146083 0.973171 -0.177757 14.921522
1592 8 3 6
-0.247284 0.888112 0.387438 21.098263
1848 8 3 7
-0.227731 0.949472 0.215967 24.449818
2104 8 3 8
-0.199382 0.979916 0.003224 25.737440
2360 8 3 9
-0.163437 0.959943 -0.227589 24.472319
2616 8 3 10
-0.125206 0.890197 -0.438033 20.895561
2872 8 3 11
-0.090966 0.793394 -0.601873 15.931080
1096 8 4 4
-0.293143 0.635662 0.714144 17.675272
1352 8 4 5
-0.294394 0.727145 0.620155 24.498226
1608 8 4 6
-0.288352 0.827806 0.481238 31.035173
1864 8 4 7
-0.270806 0.922458 0.275201 35.865902
2120 8 4 8
-0.235444 0.971884 -0.002759 37.657013
2376 8 4 9
-0.182834 0.935126 -0.303497 35.734291
2632 8 4 10
-0.127072 0.825715 -0.549588 30.478573
2888 8 4 11
-0.081819 0.696906 -0.712480 23.239239
3144 8 4 12
-0.049988 0.583273 -0.810737 15.759216
856 8 5 3
-0.298080 0.397234 0.867959 15.271496
1112 8 5 4
-0.312428 0.478803 0.820449 23.234724
1368 8 5 5
-0.324339 0.582427 0.745375 32.236580
1624 8 5 6
-0.332679 0.714918 0.614994 40.831295
1880 8 5 7
-0.328720 0.866178 0.376402 47.135555
2136 8 5 8
-0.287852 0.957610 -0.011165 49.412083
2392 8 5 9
-0.202046 0.880882 -0.428047 46.815582
2648 8 5 10
-0.117270 0.705925 -0.698511 39.883839
2904 8 5 11
-0.060770 0.548905 -0.833673 30.397652
3160 8 5 12
-0.027266 0.435311 -0.899867 20.624426
3416 8 5 13
-0.007525 0.355794 -0.934534 12.398061
872 8 6 3
-0.290936 0.210122 0.933384 17.908049
1128 8 6 4
-0.309463 0.275774 0.910045 27.410160
1384 8 6 5
-0.331246 0.367093 0.869206 38.189640
1640 8 6 6
-0.361798 0.505896 0.783053 48.481575
1896 8 6 7
-0.401935 0.726820 0.556939 55.998844
2152 8 6 8
-0.379624 0.924738 -0.027308 58.663582
2408 8 6 9
-0.209308 0.736487 -0.643255 55.504253
2664 8 6 10
-0.083769 0.487463 -0.869116 47.212055
2920 8 6 11
-0.024537 0.340346 -0.939980 35.934994
3176 8 6 12
0.004081 0.254318 -0.967112 24.361969
3432 8 6 13
0.018718 0.200290 -0.979558 14.643611
888 8 7 3
-0.260579 0.023598 0.965164 18.979334
1144 8 7 4
-0.275688 0.059116 0.959428 29.342098
1400 8 7 5
-0.296581 0.106573 0.949042 41.183865
1656 8 7 6
-0.336321 0.180938 0.924202 52.519695
1912 8 7 7
-0.442923 0.346361 0.826954 60.777424
2168 8 7 8
-0.643603 0.760021 -0.090241 63.654202
2424 8 7 9
-0.154221 0.323335 -0.933633 60.122730
2680 8 7 10
-0.019028 0.156639 -0.987473 51.009708
2936 8 7 11
0.023379 0.092393 -0.995448 38.714100
3192 8 7 12
0.040134 0.059428 -0.997425 26.172874
3448 8 7 13
0.046992 0.040014 -0.998094 15.693655
904 8 8 3
-0.211360 -0.132009 0.968453 18.428484
1160 8 8 4
-0.216635 -0.128133 0.967808 28.885580
1416 8 8 5
-0.224039 -0.134891 0.965200 40.951981
1672 8 8 6
-0.240685 -0.169319 0.955721 52.543682
1928 8 8 7
-0.296371 -0.305003 0.905062 60.955120
2184 8 8 8
-0.402835 -0.898422 -0.174821 63.804867
2440 8 8 9
-0.001375 -0.313083 -0.949725 60.095966
2696 8 8 10
0.057047 -0.187702 -0.980568 50.767540
2952 8 8 11
0.071440 -0.144338 -0.986946 38.331341
3208 8 8 12
0.074447 -0.122828 -0.989632 25.770742
3464 8 8 13
0.073302 -0.109679 -0.991260 15.366668
920 8 9 3
-0.152285 -0.246357 0.957140 16.641653
1176 8 9 4
-0.146366 -0.268618 0.952062 26.516071
1432 8 9 5
-0.136858 -0.319356 0.937700 38.025715
1688 8 9 6
-0.120126 -0.433646 0.893040 49.107487
1944 8 9 7
-0.078772 -0.704099 0.705719 57.083511
2200 8 9 8
0.041829 -0.994229 -0.098788 59.648426
2456 8 9 9
0.110789 -0.657929 -0.744886 55.921173
2712 8 9 10
0.114715 -0.437278 -0.891980 46.924568
2968 8 9 11
0.108866 -0.332736 -0.936715 35.144405
3224 8 9 12
0.101559 -0.274993 -0.956067 23.418867
3480 8 9 13
0.094301 -0.238627 -0.966522 13.835198
1192 8 10 4
-0.077422 -0.374335 0.924056 22.937302
1448 8 10 5
-0.055090 -0.456705 0.887911 33.259415
1704 8 10 6
-0.017266 -0.608337 0.793491 43.189579
1960 8 10 7
0.051673 -0.854358 0.517109 50.233952
2216 8 10 8
0.136332 -0.986360 -0.092236 52.305878
2472 8 10 9
0.158696 -0.790697 -0.591281 48.704445
2728 8 10 10
0.146680 -0.592945 -0.791771 40.490597
2984 8 10 11
0.131866 -0.471002 -0.872220 29.991070
3240 8 10 12
0.119079 -0.395337 -0.910785 19.740124
1208 8 11 4
-0.018421 -0.466386 0.884390 18.749119
1464 8 11 5
0.010223 -0.570196 0.821445 27.431921
1720 8 11 6
0.053645 -0.729189 0.682206 35.747467
1976 8 11 7
0.113931 -0.918150 0.379500 41.524544
2232 8 11 8
0.164136 -0.981793 -0.095615 43.006458
2488 8 11 9
0.172225 -0.853435 -0.491921 39.698399
2744 8 11 10
0.158173 -0.693672 -0.702709 32.629513
3000 8 11 11
0.141629 -0.574176 -0.806389 23.844168
3256 8 11 12
0.127264 -0.491472 -0.861544 15.458587
1480 8 12 5
0.054523 -0.671175 0.739291 21.176716
1736 8 12 6
0.092875 -0.816565 0.569733 27.632700
1992 8 12 7
0.135681 -0.950841 0.278373 32.004910
2248 8 12 8
0.164383 -0.981489 -0.098269 32.928837
2504 8 12 9
0.167477 -0.891726 -0.420447 30.099892
2760 8 12 10
0.155923 -0.765384 -0.624400 24.432568
3016 8 12 11
0.141324 -0.655797 -0.741591 17.591471
3272 8 12 12
0.127890 -0.571881 -0.810306 11.215155
1496 8 13 5
0.078941 -0.757675 0.647840 15.097572
1752 8 13 6
0.108142 -0.877825 0.466613 19.694174
2008 8 13 7
0.135952 -0.969274 0.204998 22.722698
2264 8 13 8
0.152619 -0.983456 -0.097578 23.214333
2520 8 13 9
0.154170 -0.918611 -0.363848 21.009598
2776 8 13 10
0.146013 -0.819568 -0.554066 16.840218
3032 8 13 11
0.134638 -0.722923 -0.677684 11.944445
1512 8 14 5
0.088716 -0.825246 0.557762 9.789982
1768 8 14 6
0.109394 -0.918350 0.380351 12.756485
2024 8 14 7
0.127162 -0.979996 0.153095 14.658883
2280 8 14 8
0.137345 -0.986057 -0.093957 14.874308
2536 8 14 9
0.138485 -0.938196 -0.317190 13.334828
2792 8 14 10
0.133154 -0.860885 -0.491067 10.561172
2040 8 15 7
0.116014 -0.986344 0.116905 8.483394
2296 8 15 8
0.122662 -0.988481 -0.088653 8.555083
2552 8 15 9
0.123667 -0.952442 -0.278498 7.603664
1849 9 3 7
-0.418730 0.878507 0.229981 20.829538
2105 9 3 8
-0.404040 0.914074 0.034931 22.296186
2361 9 3 9
-0.374354 0.909115 -0.182673 21.512075
2617 9 3 10
-0.331396 0.859236 -0.389731 18.598478
2873 9 3 11
-0.283166 0.779590 -0.558621 14.329651
1353 9 4 5
-0.471822 0.659878 0.584761 20.283451
1609 9 4 6
-0.485998 0.742664 0.460712 26.220631
1865 9 4 7
-0.493333 0.823047 0.281452 30.886486
2121 9 4 8
-0.482159 0.875177 0.039851 32.995205
2377 9 4 9
-0.441053 0.866401 -0.234142 31.789148
2633 9 4 10
-0.375542 0.793479 -0.478915 27.467983
2889 9 4 11
-0.305537 0.690076 -0.656081 21.174318
3145 9 4 12
-0.245347 0.589007 -0.769984 14.491367
1113 9 5 4
-0.485152 0.441723 0.754658 19.065046
1369 9 5 5
-0.516428 0.522976 0.678084 27.011761
1625 9 5 6
-0.552080 0.620957 0.556435 34.930061
1881 9 5 7
-0.585542 0.728484 0.355600 41.120445
2137 9 5 8
-0.589522 0.806289 0.048602 43.878769
2393 9 5 9
-0.529096 0.789682 -0.310579 42.225971
2649 9 5 10
-0.422507 0.682819 -0.596025 36.457096
2905 9 5 11
-0.320750 0.557117 -0.765990 28.100254
3161 9 5 12
-0.244212 0.452856 -0.857486 19.245892
3417 9 5 13
-0.190319 0.374678 -0.907411 11.660812
873 9 6 3
-0.455584 0.213874 0.864119 14.599911
1129 9 6 4
-0.492106 0.271068 0.827257 22.819216
1385 9 6 5
-0.538979 0.343847 0.768941 32.481926
1641 9 6 6
-0.604098 0.440103 0.664361 42.111332
1897 9 6 7
-0.687921 0.564151 0.456616 49.611198
2153 9 6 8
-0.738054 0.671856 0.062341 52.909527
2409 9 6 9
-0.640614 0.638885 -0.425958 50.851341
2665 9 6 10
-0.459959 0.496653 -0.736053 43.838989
2921 9 6 11
-0.319979 0.370275 -0.872072 33.747013
3177 9 6 12
-0.230735 0.283740 -0.930727 23.095469
3433 9 6 13
-0.173906 0.225766 -0.958534 13.991863
1145 9 7 4
-0.469322 0.095193 0.877881 24.880104
1401 9 7 5
-0.525610 0.142084 0.838777 35.680519
1657 9 7 6
-0.616359 0.204405 0.760474 46.457798
1913 9 7 7
-0.766929 0.294275 0.570282 54.814548
2169 9 7 8
-0.917792 0.389420 0.077521 58.420868
2425 9 7 9
-0.743122 0.336050 -0.578654 56.030888
2681 9 7 10
-0.460429 0.215187 -0.861220 48.165367
2937 9 7 11
-0.295224 0.138976 -0.945266 36.961163
3193 9 7 12
-0.204270 0.094836 -0.974310 25.218773
3449 9 7 13
-0.150360 0.067720 -0.986309 15.237593
1161 9 8 4
-0.420938 -0.061164 0.905025 25.050716
1417 9 8 5
-0.477006 -0.050938 0.877423 36.262955
1673 9 8 6
-0.574843 -0.050502 0.816704 47.457253
1929 9 8 7
-0.760683 -0.070849 0.645245 56.068588
2185 9 8 8
-0.989520 -0.124639 0.072906 59.659763
2441 9 8 9
-0.718810 -0.135090 -0.681956 57.005054
2697 9 8 10
-0.402655 -0.112224 -0.908447 48.754456
2953 9 8 11
-0.248886 -0.098514 -0.963510 37.197407
3209 9 8 12
-0.169241 -0.090528 -0.981408 25.227407
3465 9 8 13
-0.123191 -0.085039 -0.988733 15.152175
1177 9 9 4
-0.358655 -0.189498 0.914033 23.597279
1433 9 9 5
-0.407585 -0.218145 0.886729 34.493309
1689 9 9 6
-0.492929 -0.285280 0.821971 45.347980
1945 9 9 7
-0.646512 -0.430741 0.629670 53.581688
2201 9 9 8
-0.779071 -0.626234 0.029651 56.816433
2457 9 9 9
-0.539995 -0.537647 -0.647565 53.958939
2713 9 9 10
-0.310926 -0.386543 -0.868280 45.787666
2969 9 9 11
-0.195099 -0.301298 -0.933357 34.622093
3225 9 9 12
-0.133214 -0.252162 -0.958472 23.257559
3481 9 9 13
-0.096841 -0.220716 -0.970519 13.833068
1193 9 10 4
-0.294053 -0.299494 0.907654 20.968828
1449 9 10 5
-0.332971 -0.364629 0.869584 30.909241
1705 9 10 6
-0.395590 -0.485697 0.779492 40.751812
1961 9 10 7
-0.484072 -0.691089 0.536722 48.060883
2217 9 10 8
-0.505687 -0.862489 -0.019812 50.674332
2473 9 10 9
-0.360698 -0.747135 -0.558289 47.715431
2729 9 10 10
-0.225738 -0.571634 -0.788845 40.060162
2985 9 10 11
-0.147502 -0.455959 -0.877693 29.926567
3241 9 10 12
-0.102356 -0.383273 -0.917946 19.842590
3497 9 10 13
-0.074718 -0.334823 -0.939314 11.642336
1465 9 11 5
-0.263231 -0.500932 0.824486 26.058716
1721 9 11 6
-0.301911 -0.650123 0.697273 34.377193
1977 9 11 7
-0.338131 -0.843622 0.417096 40.386410
2233 9 11 8
-0.321038 -0.945497 -0.054500 42.262455
2489 9 11 9
-0.239971 -0.845190 -0.477564 39.379555
2745 9 11 10
-0.162756 -0.690622 -0.704664 32.641647
3001 9 11 11
-0.111476 -0.571121 -0.813261 24.032633
3257 9 11 12
-0.079107 -0.488075 -0.869210 15.684032
1481 9 12 5
-0.203436 -0.626839 0.752122 20.483833
1737 9 12 6
-0.223128 -0.774512 0.591899 26.986738
1993 9 12 7
-0.232075 -0.922429 0.308651 31.538742
2249 9 12 8
-0.211144 -0.974632 -0.074232 32.722149
2505 9 12 9
-0.165261 -0.896059 -0.412027 30.144217
2761 9 12 10
-0.119981 -0.770595 -0.625929 24.644133
3017 9 12 11
-0.086216 -0.659368 -0.746861 17.860006
3273 9 12 12
-0.062892 -0.573946 -0.816474 11.453884
1497 9 13 5
-0.155530 -0.732895 0.662325 14.809416
1753 9 13 6
-0.163458 -0.858639 0.485819 19.463720
2009 9 13 7
-0.162086 -0.960672 0.225469 22.617632
2265 9 13 8
-0.145769 -0.985840 -0.082889 23.264183
2521 9 13 9
-0.118813 -0.926134 -0.357993 21.190161
2777 9 13 10
-0.091294 -0.827219 -0.554413 17.087685
3033 9 13 11
-0.068750 -0.729094 -0.680952 12.188500
1513 9 14 5
-0.119152 -0.812753 0.570294 9.705240
1769 9 14 6
-0.121119 -0.910809 0.394662 12.721872
2025 9 14 7
-0.116990 -0.979065 0.166570 14.703761
2281 9 14 8
-0.105429 -0.990827 -0.084534 15.003022
2537 9 14 9
-0.088852 -0.945611 -0.312930 13.522073
2793 9 14 10
-0.071511 -0.868369 -0.490736 10.764053
3049 9 14 11
-0.056248 -0.784615 -0.617426 7.562259
1785 9 15 6
-0.091684 -0.941995 0.322861 7.442247
2041 9 15 7
-0.087358 -0.988173 0.126030 8.561824
2297 9 15 8
-0.079218 -0.993453 -0.082318 8.674478
2553 9 15 9
-0.068532 -0.958883 -0.275404 7.744391
2106 10 3 8
-0.555001 0.829821 0.058063 17.313026
2362 10 3 9
-0.534735 0.833312 -0.140176 16.935305
2618 10 3 10
-0.495879 0.801078 -0.335229 14.806295
2874 10 3 11
-0.444733 0.741425 -0.502495 11.510602
1610 10 4 6
-0.615886 0.658602 0.432353 19.888641
1866 10 4 7
-0.635689 0.721373 0.274811 23.895000
2122 10 4 8
-0.640097 0.765328 0.067445 25.964754
2378 10 4 9
-0.615279 0.769516 -0.171103 25.373695
2634 10 4 10
-0.559260 0.726894 -0.398564 22.179844
2890 10 4 11
-0.486639 0.653792 -0.579429 17.256912
3146 10 4 12
-0.414639 0.573432 -0.706577 11.896991
1370 10 5 5
-0.635808 0.468235 0.613599 20.325266
1626 10 5 6
-0.677981 0.539416 0.499371 26.878178
1882 10 5 7
-0.719943 0.612636 0.326129 32.283928
2138 10 5 8
-0.740681 0.667074 0.080020 35.051987
2394 10 5 9
-0.710726 0.670853 -0.211719 34.223660
2650 10 5 10
-0.627600 0.615673 -0.476513 29.898548
2906 10 5 11
-0.524644 0.531344 -0.665148 23.263052
3162 10 5 12
-0.431329 0.448745 -0.782677 16.051115
1130 10 6 4
-0.609463 0.263058 0.747900 17.046118
1386 10 6 5
-0.660226 0.319825 0.679569 24.853115
1642 10 6 6
-0.725563 0.386461 0.569391 32.950909
1898 10 6 7
-0.800438 0.459587 0.384811 39.605015
2154 10 6 8
-0.850656 0.517189 0.094342 42.973415
2410 10 6 9
-0.814499 0.516511 -0.264212 41.901203
2666 10 6 10
-0.690321 0.451137 -0.565625 36.549187
2922 10 6 11
-0.549726 0.366911 -0.750452 28.399408
3178 10 6 12
-0.435678 0.295127 -0.850344 19.578093
3434 10 6 13
-0.351948 0.240998 -0.904462 11.927529
1146 10 7 4
-0.595812 0.121219 0.793923 18.961187
1402 10 7 5
-0.658658 0.161961 0.734805 27.841343
1658 10 7 6
-0.746495 0.208383 0.631920 37.048748
1914 10 7 7
-0.859184 0.259298 0.441097 44.567005
2170 10 7 8
-0.948879 0.297737 0.104789 48.295540
2426 10 7 9
-0.901381 0.284996 -0.326020 46.967381
2682 10 7 10
-0.725256 0.225415 -0.650532 40.833218
2938 10 7 11
-0.550650 0.165073 -0.818251 31.617819
3194 10 7 12
-0.423834 0.120850 -0.897641 21.724606
3450 10 7 13
-0.336844 0.090490 -0.937202 13.196485
1418 10 8 5
-0.632858 0.009472 0.774210 28.924482
1674 10 8 6
-0.736353 0.020701 0.676281 38.628418
1930 10 8 7
-0.877478 0.023050 0.479064 46.462048
2186 10 8 8
-0.994852 0.010361 0.100807 50.204105
2442 10 8 9
-0.923711 -0.015966 -0.382758 48.591984
2698 10 8 10
-0.708342 -0.038243 -0.704832 41.998997
2954 10 8 11
-0.522006 -0.050469 -0.851448 32.313824
3210 10 8 12
-0.396452 -0.056517 -0.916314 22.059277
3466 10 8 13
-0.313385 -0.059311 -0.947772 13.315175
1434 10 9 5
-0.591104 -0.133114 0.795535 28.147995
1690 10 9 6
-0.699886 -0.165920 0.694716 37.674301
1946 10 9 7
-0.845842 -0.226349 0.483029 45.222805
2202 10 9 8
-0.951177 -0.299602 0.074163 48.610466
2458 10 9 9
-0.852153 -0.320633 -0.413556 46.699768
2714 10 9 10
-0.640249 -0.286741 -0.712644 40.006039
2970 10 9 11
-0.471236 -0.247868 -0.846462 30.482908
3226 10 9 12
-0.359484 -0.218253 -0.907269 20.600464
3482 10 9 13
-0.285599 -0.196559 -0.937975 12.308794
1450 10 10 5
-0.541303 -0.272312 0.795511 25.771629
1706 10 10 6
-0.643659 -0.349037 0.681085 34.492165
1962 10 10 7
-0.766875 -0.461604 0.445896 41.223309
2218 10 10 8
-0.826565 -0.561993 0.030871 43.972511
2474 10 10 9
-0.720552 -0.557077 -0.412880 41.819141
2730 10 10 10
-0.548783 -0.481728 -0.683210 35.404667
2986 10 10 11
-0.412962 -0.408808 -0.813842 26.630810
3242 10 10 12
-0.320550 -0.354384 -0.878442 17.754322
3498 10 10 13
-0.257815 -0.314814 -0.913468 10.461225
1466 10 11 5
-0.487050 -0.414105 0.768960 22.128326
1722 10 11 6
-0.571760 -0.522932 0.632165 29.547808
1978 10 11 7
-0.655484 -0.654868 0.376150 35.092121
2234 10 11 8
-0.672034 -0.740417 -0.012380 37.078186
2490 10 11 9
-0.583376 -0.711734 -0.391289 34.841671
2746 10 11 10
-0.459891 -0.621118 -0.634596 29.090233
3002 10 11 11
-0.358090 -0.533440 -0.766299 21.548664
3258 10 11 12
-0.284799 -0.465221 -0.838128 14.133217
1482 10 12 5
-0.429449 -0.552810 0.714125 17.643042
1738 10 12 6
-0.490239 -0.672024 0.555022 23.468512
1994 10 12 7
-0.536654 -0.790304 0.295674 27.668652
2250 10 12 8
-0.531515 -0.845907 -0.043965 28.935474
2506 10 12 9
-0.467845 -0.807219 -0.359887 26.845348
2762 10 12 10
-0.384215 -0.719168 -0.578944 22.084148
3018 10 12 11
-0.310657 -0.629899 -0.711842 16.090755
3274 10 12 12
-0.253912 -0.555991 -0.791456 10.365932
1498 10 13 5
-0.371094 -0.674110 0.638643 12.888406
1754 10 13 6
-0.409597 -0.783326 0.467579 17.069645
2010 10 13 7
-0.431630 -0.873754 0.224163 19.977463
2266 10 13 8
-0.420688 -0.905068 -0.062232 20.683493
2522 10 13 9
-0.378068 -0.866651 -0.325546 18.951767
2778 10 13 10
-0.322737 -0.789152 -0.522570 15.364013
3034 10 13 11
-0.270618 -0.705702 -0.654790 11.010320
1514 10 14 5
-0.316426 -0.768082 0.556709 8.508891
1770 10 14 6
-0.338916 -0.857666 0.386710 11.224334
2026 10 14 7
-0.348252 -0.922014 0.169147 13.049865
2282 10 14 8
-0.337896 -0.938539 -0.070511 13.388552
2538 10 14 9
-0.309884 -0.904771 -0.292167 12.127484
2794 10 14 10
-0.273336 -0.839809 -0.469050 9.697561
3050 10 14 11
-0.236742 -0.765663 -0.598092 6.840415
2042 10 15 7
-0.284905 -0.949766 0.129515 7.625843
2298 10 15 8
-0.276608 -0.958234 -0.072637 7.762315
2554 10 15 9
-0.258006 -0.930009 -0.261757 6.959549
2123 11 4 8
-0.737503 0.670216 0.083059 18.321299
2379 11 4 9
-0.724689 0.678005 -0.123026 18.137442
2635 11 4 10
-0.682491 0.653690 -0.326950 16.014076
2891 11 4 11
-0.619118 0.604540 -0.501222 12.553979
1883 11 5 7
-0.794300 0.528649 0.299363 22.781441
2139 11 5 8
-0.818981 0.565960 0.094650 25.143780
2395 11 5 9
-0.806449 0.573336 -0.144657 24.872318
2651 11 5 10
-0.749612 0.544357 -0.376508 21.949451
2907 11 5 11
-0.664882 0.490641 -0.563209 17.207733
3163 11 5 12
-0.575584 0.430121 -0.695484 11.937787
1643 11 6 6
-0.792811 0.347896 0.500418 23.205305
1899 11 6 7
-0.855033 0.394607 0.336457 28.443958
2155 11 6 8
-0.897462 0.428306 0.105428 31.365133
2411 11 6 9
-0.885838 0.431386 -0.170873 30.977861
2667 11 6 10
-0.809813 0.398474 -0.430606 27.290184
2923 11 6 11
-0.699987 0.345673 -0.624922 21.362164
3179 11 6 12
-0.591638 0.291969 -0.751478 14.804266
1659 11 7 6
-0.814617 0.206046 0.542166 26.597691
1915 11 7 7
-0.899077 0.236791 0.368227 32.597897
2171 11 7 8
-0.960487 0.255315 0.110813 35.871365
2427 11 7 9
-0.947498 0.248130 -0.201690 35.314079
2683 11 7 10
-0.848719 0.215005 -0.483165 30.992960
2939 11 7 11
-0.714947 0.172889 -0.677466 24.167076
3195 11 7 12
-0.592064 0.135422 -0.794431 16.687227
3451 11 7 13
-0.493994 0.106258 -0.862948 10.168749
1675 11 8 6
-0.818114 0.058962 0.572026 28.277256
1931 11 8 7
-0.919995 0.061863 0.387017 34.595848
2187 11 8 8
-0.993056 0.053206 0.104921 37.910931
2443 11 8 9
-0.971483 0.032298 -0.234901 37.108604
2699 11 8 10
-0.851340 0.007181 -0.524566 32.354458
2955 11 8 11
-0.703010 -0.013293 -0.711056 25.055105
3211 11 8 12
-0.575059 -0.027147 -0.817662 17.181620
3467 11 8 13
-0.476728 -0.035885 -0.878318 10.400529
1691 11 9 6
-0.805812 -0.091553 0.585052 28.085094
1947 11 9 7
-0.914197 -0.123302 0.386058 34.217735
2203 11 9 8
-0.983115 -0.162555 0.084028 37.239361
2459 11 9 9
-0.944941 -0.191429 -0.265408 36.136219
2715 11 9 10
-0.813470 -0.198642 -0.546633 31.200768
2971 11 9 11
-0.665950 -0.191820 -0.720913 23.913980
3227 11 9 12
-0.543741 -0.180729 -0.819562 16.227909
3483 11 9 13
-0.451285 -0.169623 -0.876110 9.721122
1707 11 10 6
-0.778418 -0.247791 0.576771 26.111935
1963 11 10 7
-0.878677 -0.311312 0.361956 31.601843
2219 11 10 8
-0.927517 -0.370352 0.050523 34.068863
2475 11 10 9
-0.873213 -0.393814 -0.287069 32.684910
2731 11 10 10
-0.746198 -0.378398 -0.547726 27.864998
2987 11 10 11
-0.613314 -0.346836 -0.709613 21.071159
3243 11 10 12
-0.504549 -0.315043 -0.803852 14.100948
1467 11 11 5
-0.643556 -0.334197 0.688584 16.751049
1723 11 11 6
-0.733235 -0.407400 0.544419 22.633423
1979 11 11 7
-0.812397 -0.489129 0.317435 27.160400
2235 11 11 8
-0.835703 -0.549029 0.012936 28.955029
2491 11 11 9
-0.775760 -0.557291 -0.296011 27.413702
2747 11 11 10
-0.666405 -0.522716 -0.531669 23.028976
3003 11 11 11
-0.555505 -0.473897 -0.683254 17.140390
3259 11 11 12
-0.463476 -0.427696 -0.776058 11.281218
1483 11 12 5
-0.597565 -0.472014 0.648166 13.495760
1739 11 12 6
-0.669380 -0.557629 0.490898 18.124056
1995 11 12 7
-0.722653 -0.639549 0.262201 21.550638
2251 11 12 8
-0.726832 -0.686540 -0.019463 22.706606
2507 11 12 9
-0.672723 -0.679696 -0.292329 21.202003
2763 11 12 10
-0.586630 -0.634095 -0.503775 17.534981
3019 11 12 11
-0.499020 -0.576210 -0.647272 12.830693
3275 11 12 12
-0.423909 -0.521505 -0.740496 8.292295
1499 11 13 5
-0.541882 -0.598749 0.589800 9.927742
1755 11 13 6
-0.593331 -0.682838 0.426251 13.251820
2011 11 13 7
-0.624866 -0.752482 0.208117 15.619531
2267 11 13 8
-0.619799 -0.783633 -0.042051 16.273657
2523 11 13 9
-0.577003 -0.767545 -0.279183 14.992823
2779 11 13 10
-0.513168 -0.718858 -0.468937 12.210612
3035 11 13 11
-0.446567 -0.658675 -0.605579 8.783249
1771 11 14 6
-0.515941 -0.776262 0.362246 8.741971
2027 11 14 7
-0.533208 -0.830197 0.162673 10.225007
2283 11 14 8
-0.525593 -0.848946 -0.055153 10.546679
2539 11 14 9
-0.494101 -0.829402 -0.260686 9.597845
2795 11 14 10
-0.448325 -0.782942 -0.431286 7.704990
2043 11 15 7
-0.454620 -0.881488 0.127670 5.981991
2299 11 15 8
-0.447372 -0.892246 -0.061289 6.117251
2555 11 15 9
-0.424870 -0.872782 -0.240286 5.506493
2140 12 5 8
-0.863897 0.493596 0.100223 16.149649
2396 12 5 9
-0.860095 0.500035 -0.100998 16.159582
2652 12 5 10
-0.821831 0.483332 -0.301634 14.380576
2908 12 5 11
-0.756714 0.448416 -0.475717 11.339373
1900 12 6 7
-0.886885 0.350578 0.300883 18.325653
2156 12 6 8
-0.922234 0.371322 0.107722 20.506441
2412 12 6 9
-0.920405 0.373355 -0.116024 20.480339
2668 12 6 10
-0.872857 0.353977 -0.335887 18.189304
2924 12 6 11
-0.792521 0.319701 -0.519328 14.317312
1916 12 7 7
-0.921665 0.219642 0.319830 21.379608
2172 12 7 8
-0.967330 0.228543 0.109732 23.853901
2428 12 7 9
-0.965663 0.222095 -0.134791 23.731558
2684 12 7 10
-0.907198 0.200412 -0.369902 20.987419
2940 12 7 11
-0.812135 0.170711 -0.557937 16.449909
3196 12 7 12
-0.709248 0.140968 -0.690721 11.393188
1932 12 8 7
-0.941309 0.078660 0.328252 23.062977
2188 12 8 8
-0.992259 0.069964 0.102606 25.592869
2444 12 8 9
-0.986118 0.052730 -0.157454 25.293755
2700 12 8 10
-0.915992 0.031151 -0.399985 22.208647
2956 12 8 11
-0.809983 0.010832 -0.586354 17.279696
3212 12 8 12
-0.700718 -0.005239 -0.713419 11.881796
1948 12 9 7
-0.943947 -0.069758 0.322642 23.122770
2204 12 9 8
-0.991685 -0.097056 0.084509 25.446127
2460 12 9 9
-0.975575 -0.122488 -0.182349 24.906361
2716 12 9 10
-0.895717 -0.139171 -0.422281 21.641781
2972 12 9 11
-0.785627 -0.146155 -0.601189 16.658871
3228 12 9 12
-0.676986 -0.146595 -0.721248 11.332281
1708 12 10 6
-0.851678 -0.181651 0.491577 17.615170
1964 12 10 7
-0.926798 -0.223256 0.301998 21.570724
2220 12 10 8
-0.962956 -0.263524 0.057196 23.479937
2476 12 10 9
-0.934714 -0.289740 -0.205816 22.698477
2732 12 10 10
-0.850634 -0.296337 -0.434288 19.462080
2988 12 10 11
-0.744329 -0.288498 -0.602282 14.774834
3244 12 10 12
-0.642543 -0.274128 -0.715536 9.909817
1724 12 11 6
-0.824105 -0.322000 0.466011 15.395669
1980 12 11 7
-0.886788 -0.376029 0.268717 18.658360
2236 12 11 8
-0.907445 -0.419374 0.025874 20.056387
2492 12 11 9
-0.870476 -0.438510 -0.223564 19.115917
2748 12 11 10
-0.789611 -0.432410 -0.435357 16.140636
3004 12 11 11
-0.693521 -0.410997 -0.591701 12.056640
1740 12 12 6
-0.778190 -0.460823 0.426688 12.388837
1996 12 12 7
-0.824619 -0.517539 0.228380 14.853879
2252 12 12 8
-0.831726 -0.555176 -0.003258 15.761696
2508 12 12 9
-0.792663 -0.563486 -0.232744 14.802976
2764 12 12 10
-0.721301 -0.545859 -0.426336 12.298215
3020 12 12 11
-0.639187 -0.514062 -0.571997 9.028150
1756 12 13 6
-0.716249 -0.585796 0.379250 9.079665
2012 12 13 7
-0.747378 -0.637340 0.187681 10.777588
2268 12 13 8
-0.746096 -0.665331 -0.025994 11.297163
2524 12 13 9
-0.710632 -0.663831 -0.233088 10.460337
2780 12 13 10
-0.651945 -0.638398 -0.409164 8.552862
2028 12 14 7
-0.665466 -0.730869 0.151612 7.053166
2284 12 14 8
-0.660557 -0.749642 -0.041237 7.313123
2540 12 14 9
-0.631395 -0.741673 -0.226411 6.683928
2173 13 7 8
-0.972309 0.208492 0.105575 14.140387
2429 13 7 9
-0.974716 0.202088 -0.095339 14.193504
2685 13 7 10
-0.937633 0.186133 -0.293596 12.628023
2941 13 7 11
-0.869864 0.164218 -0.465154 9.932958
2189 13 8 8
-0.992295 0.075932 0.097900 15.377118
2445 13 8 9
-0.991770 0.061172 -0.112470 15.321933
2701 13 8 10
-0.947744 0.043146 -0.316102 13.527656
2957 13 8 11
-0.872457 0.025189 -0.488041 10.559122
2205 13 9 8
-0.994710 -0.062146 0.081792 15.441470
2461 13 9 9
-0.987597 -0.083731 -0.132818 15.226090
2717 13 9 10
-0.936552 -0.101254 -0.335587 13.297394
2973 13 9 11
-0.856782 -0.112803 -0.503190 10.265755
2221 13 10 8
-0.977863 -0.200833 0.058743 14.334769
2477 13 10 9
-0.962164 -0.224730 -0.154068 13.950229
2733 13 10 10
-0.905947 -0.238024 -0.350150 12.016712
2989 13 10 11
-0.825745 -0.241197 -0.509871 9.147540
2237 13 11 8
-0.941710 -0.334866 0.032364 12.274828
2493 13 11 9
-0.918475 -0.355644 -0.172979 11.769178
2749 13 11 10
-0.860756 -0.361519 -0.358335 9.979543
2253 13 12 8
-0.888590 -0.458650 0.006943 9.642899
2509 13 12 9
-0.861301 -0.472554 -0.186690 9.104362
