2.000000
16 16 16
19.353127 10.945206 9.583786
3.353127 -5.054793 -6.416214
24.871187 838.233583 394.093724
2915 3 6 11
0.914124 0.196017 -0.354902 11.378741
3171 3 6 12
0.849082 0.153632 -0.505427 8.816010
2931 3 7 11
0.916986 0.014100 -0.398670 12.076762
3187 3 7 12
0.845529 -0.029404 -0.533119 9.148023
1699 3 10 6
0.966941 -0.146476 0.208735 15.706778
1955 3 10 7
0.982469 -0.185650 0.016992 16.662361
2211 3 10 8
0.959249 -0.230862 -0.162922 16.019388
2467 3 10 9
0.907860 -0.278598 -0.313327 14.040597
1715 3 11 6
0.927204 -0.327540 0.181685 13.853702
1971 3 11 7
0.933719 -0.357409 -0.020701 14.457794
2227 3 11 8
0.900635 -0.381980 -0.207240 13.576655
2483 3 11 9
0.842128 -0.403195 -0.358127 11.531242
1731 3 12 6
0.853346 -0.497867 0.154689 11.029426
1987 3 12 7
0.854149 -0.518005 -0.045824 11.372094
2243 3 12 8
0.820395 -0.523449 -0.230115 10.486632
2499 3 12 9
0.765149 -0.520283 -0.379281 8.682953
2644 4 5 10
0.846613 0.491662 -0.203752 17.751850
2900 4 5 11
0.803025 0.450777 -0.389809 15.297908
3156 4 5 12
0.728361 0.397871 -0.557843 11.917700
3412 4 5 13
0.638682 0.341526 -0.689526 8.319579
2148 4 6 8
0.918141 0.387139 0.084501 23.153954
2404 4 6 9
0.934703 0.346164 -0.080623 23.204855
2660 4 6 10
0.917638 0.295485 -0.265763 21.446159
2916 4 6 11
0.859663 0.239826 -0.451070 18.143991
3172 4 6 12
0.769563 0.186472 -0.610738 13.927010
3428 4 6 13
0.667547 0.141512 -0.730996 9.609937
3684 4 6 14
0.570861 0.106966 -0.814049 5.908342
1908 4 7 7
0.942804 0.275506 0.187659 25.411825
2164 4 7 8
0.974914 0.221254 0.024294 26.695734
2420 4 7 9
0.976454 0.152813 -0.152270 25.968544
2676 4 7 10
0.939431 0.080755 -0.333088 23.341063
2932 4 7 11
0.865147 0.017211 -0.501223 19.270580
3188 4 7 12
0.767403 -0.029711 -0.640476 14.492874
3444 4 7 13
0.664572 -0.058920 -0.744897 9.836585
3700 4 7 14
0.569806 -0.074116 -0.818430 5.968854
1668 4 8 6
0.934688 0.161673 0.316577 25.082966
1924 4 8 7
0.984229 0.112703 0.136352 27.770233
2180 4 8 8
0.997776 0.041783 -0.051933 28.279503
2436 4 8 9
0.971386 -0.040094 -0.234099 26.600159
2692 4 8 10
0.909520 -0.117461 -0.398718 23.120480
2948 4 8 11
0.823705 -0.177428 -0.538543 18.503330
3204 4 8 12
0.728105 -0.214713 -0.650970 13.541693
3460 4 8 13
0.634495 -0.231330 -0.737497 8.983397
1428 4 9 5
0.877718 0.016623 0.478888 21.781797
1684 4 9 6
0.956434 -0.018971 0.291332 25.934032
1940 4 9 7
0.994222 -0.074463 0.077318 28.027880
2196 4 9 8
0.980583 -0.144121 -0.132991 27.689884
2452 4 9 9
0.924448 -0.216349 -0.313989 25.144932
2708 4 9 10
0.844206 -0.279502 -0.457378 21.046564
2964 4 9 11
0.755804 -0.325970 -0.567894 16.224609
3220 4 9 12
0.669112 -0.353183 -0.653874 11.468919
1188 4 10 4
0.763634 -0.146165 0.628888 16.019304
1444 4 10 5
0.863200 -0.182810 0.470602 20.986925
1700 4 10 6
0.938177 -0.229216 0.259390 24.640305
1956 4 10 7
0.959740 -0.280202 0.019632 26.094704
2212 4 10 8
0.922179 -0.328915 -0.203470 25.087200
2468 4 10 9
0.847625 -0.371607 -0.378734 22.021814
2724 4 10 10
0.761790 -0.407014 -0.503999 17.725763
2980 4 10 11
0.679083 -0.433751 -0.592206 13.106175
1204 4 11 4
0.717530 -0.334588 0.610902 14.124482
1460 4 11 5
0.806842 -0.390067 0.443682 18.397741
1716 4 11 6
0.868682 -0.443190 0.221301 21.379456
1972 4 11 7
0.876231 -0.481157 -0.026595 22.282423
2228 4 11 8
0.829323 -0.499786 -0.249873 20.939947
2484 4 11 9
0.753862 -0.506702 -0.418264 17.835646
2740 4 11 10
0.674553 -0.510716 -0.533055 13.832571
1220 4 12 4
0.647518 -0.506118 0.569706 11.215997
1476 4 12 5
0.716704 -0.571537 0.399601 14.559812
1732 4 12 6
0.760377 -0.623610 0.181485 16.798525
1988 4 12 7
0.760218 -0.647286 -0.055575 17.298763
2244 4 12 8
0.718469 -0.641872 -0.267961 15.966093
2500 4 12 9
0.655353 -0.621153 -0.429746 13.262450
2756 4 12 10
0.589901 -0.599256 -0.541211 9.955111
1492 4 13 5
0.615219 -0.707279 0.348228 10.316899
1748 4 13 6
0.642697 -0.752124 0.145775 11.845488
2004 4 13 7
0.639861 -0.765385 -0.069022 12.090222
2260 4 13 8
0.608906 -0.748070 -0.263866 11.004509
2516 4 13 9
0.562231 -0.713416 -0.418251 8.959594
2629 5 4 10
0.638769 0.740061 -0.210438 18.917620
2885 5 4 11
0.590203 0.701372 -0.399671 16.266428
3141 5 4 12
0.521715 0.637227 -0.567235 12.634254
3397 5 4 13
0.446945 0.561052 -0.696750 8.791307
1877 5 5 7
0.736113 0.621851 0.267282 24.837933
2133 5 5 8
0.768991 0.628722 0.115592 27.190872
2389 5 5 9
0.780230 0.621553 -0.070099 27.503447
2645 5 5 10
0.755656 0.591101 -0.282106 25.588488
2901 5 5 11
0.689352 0.533443 -0.490135 21.742517
3157 5 5 12
0.595467 0.458661 -0.659582 16.731998
3413 5 5 13
0.497746 0.383357 -0.778001 11.561235
3669 5 5 14
0.411793 0.318098 -0.853955 7.112565
1637 5 6 6
0.769665 0.493253 0.405361 27.600586
1893 5 6 7
0.832878 0.490404 0.256550 31.936127
2149 5 6 8
0.879426 0.469927 0.076014 34.166084
2405 5 6 9
0.892661 0.428909 -0.138540 33.817875
2661 5 6 10
0.853565 0.367006 -0.369774 30.864975
2917 5 6 11
0.761375 0.292972 -0.578339 25.805571
3173 5 6 12
0.642795 0.222338 -0.733062 19.600416
3429 5 6 13
0.528257 0.165497 -0.832800 13.403850
3685 5 6 14
0.432453 0.123872 -0.893107 8.180070
1141 5 7 4
0.659250 0.333647 0.673847 19.874567
1397 5 7 5
0.751943 0.348930 0.559312 26.887074
1653 5 7 6
0.843701 0.345728 0.410658 33.101139
1909 5 7 7
0.921302 0.316535 0.225848 37.387928
2165 5 7 8
0.965994 0.258449 0.007747 38.974323
2421 5 7 9
0.956969 0.177623 -0.229479 37.587048
2677 5 7 10
0.885558 0.090922 -0.455544 33.480297
2933 5 7 11
0.769709 0.018003 -0.638141 27.397882
3189 5 7 12
0.642466 -0.031392 -0.765671 20.437176
3445 5 7 13
0.527830 -0.059302 -0.847277 13.771493
3701 5 7 14
0.434156 -0.072396 -0.897924 8.305716
1157 5 8 4
0.677226 0.179599 0.713519 22.629993
1413 5 8 5
0.790650 0.178273 0.585740 30.161150
1669 5 8 6
0.901549 0.153057 0.404702 36.415638
1925 5 8 7
0.980487 0.094803 0.172216 40.155701
2181 5 8 8
0.996318 0.007132 -0.085438 40.716225
2437 5 8 9
0.940957 -0.089421 -0.326502 38.118614
2693 5 8 10
0.836474 -0.170431 -0.520831 32.965134
2949 5 8 11
0.714959 -0.223121 -0.662609 26.244625
3205 5 8 12
0.599349 -0.248179 -0.761044 19.108891
3461 5 8 13
0.499857 -0.252894 -0.828365 12.616036
3717 5 8 14
0.418387 -0.245172 -0.874553 7.482139
1173 5 9 4
0.672264 -0.008161 0.740267 23.578518
1429 5 9 5
0.799770 -0.037771 0.599117 31.052023
1685 5 9 6
0.919564 -0.091573 0.382120 36.864178
1941 5 9 7
0.980590 -0.168718 0.099886 39.752506
2197 5 9 8
0.950014 -0.252114 -0.184155 39.209538
2453 5 9 9
0.854090 -0.322023 -0.408450 35.561771
2709 5 9 10
0.738711 -0.370207 -0.563252 29.732286
2965 5 9 11
0.629887 -0.396674 -0.667751 22.892216
3221 5 9 12
0.535705 -0.404403 -0.741268 16.158596
3477 5 9 13
0.456717 -0.397579 -0.795827 10.380577
933 5 10 3
0.529554 -0.173507 0.830342 15.322502
1189 5 10 4
0.635989 -0.219824 0.739727 22.441587
1445 5 10 5
0.759839 -0.285617 0.584010 29.295580
1701 5 10 6
0.867374 -0.366213 0.336972 34.309578
1957 5 10 7
0.898383 -0.438536 0.024374 36.289829
2213 5 10 8
0.836451 -0.481652 -0.261458 34.891499
2469 5 10 9
0.731793 -0.501051 -0.461981 30.667078
2725 5 10 10
0.628563 -0.509534 -0.587609 24.737169
2981 5 10 11
0.540851 -0.511926 -0.667391 18.336422
3237 5 10 12
0.468669 -0.507985 -0.722704 12.466351
949 5 11 3
0.479156 -0.351846 0.804123 13.296137
1205 5 11 4
0.568775 -0.427548 0.702636 19.422979
1461 5 11 5
0.667780 -0.520225 0.532388 25.206022
1717 5 11 6
0.743884 -0.609519 0.274087 29.220133
1973 5 11 7
0.751810 -0.658519 -0.033686 30.427353
2229 5 11 8
0.690913 -0.657267 -0.301065 28.618832
2485 5 11 9
0.604763 -0.632945 -0.483365 24.440784
2741 5 11 10
0.524605 -0.608679 -0.595230 19.035622
2997 5 11 11
0.458678 -0.590670 -0.663870 13.559678
1221 5 12 4
0.484669 -0.600464 0.636034 15.186941
1477 5 12 5
0.550848 -0.697682 0.458046 19.640316
1733 5 12 6
0.595041 -0.775470 0.211123 22.604078
1989 5 12 7
0.593687 -0.802006 -0.065745 23.256958
2245 5 12 8
0.550335 -0.776866 -0.305959 21.487188
2501 5 12 9
0.490588 -0.729546 -0.476535 17.903770
2757 5 12 10
0.433875 -0.684576 -0.585755 13.508157
3013 5 12 11
0.386619 -0.650509 -0.653731 9.259745
1237 5 13 4
0.401914 -0.726003 0.558019 10.648332
1493 5 13 5
0.441563 -0.811371 0.383013 13.748286
1749 5 13 6
0.464739 -0.870730 0.160767 15.745757
2005 5 13 7
0.461464 -0.883734 -0.077882 16.055637
2261 5 13 8
0.434515 -0.852810 -0.289675 14.626632
2517 5 13 9
0.396496 -0.799957 -0.450400 11.943806
2773 5 13 10
0.358480 -0.746048 -0.561163 8.769916
1509 5 14 5
0.354181 -0.878992 0.319262 8.576258
1765 5 14 6
0.366028 -0.922253 0.124388 9.790758
2021 5 14 7
0.362968 -0.928420 -0.079315 9.916342
2118 6 4 8
0.529875 0.840135 0.115786 26.149040
2374 6 4 9
0.517872 0.852484 -0.071272 26.446104
2630 6 4 10
0.480274 0.832110 -0.277362 24.532480
2886 6 4 11
0.419990 0.773320 -0.474957 20.746250
3142 6 4 12
0.349434 0.687484 -0.636601 15.875014
3398 6 4 13
0.282293 0.594456 -0.752950 10.904280
1622 6 5 6
0.573465 0.689040 0.443128 28.691912
1878 6 5 7
0.620768 0.727144 0.293103 33.599834
2134 6 5 8
0.650964 0.752179 0.102333 36.293015
2390 6 5 9
0.648716 0.749639 -0.131181 36.163933
2646 6 5 10
0.599842 0.702743 -0.382546 33.131508
2902 6 5 11
0.510850 0.613915 -0.601781 27.738913
3158 6 5 12
0.409931 0.509746 -0.756383 21.061611
3414 6 5 13
0.320822 0.415048 -0.851357 14.382610
3670 6 5 14
0.251105 0.338851 -0.906712 8.759862
1126 6 6 4
0.494245 0.487227 0.719952 21.698429
1382 6 6 5
0.574393 0.532775 0.621469 29.754389
1638 6 6 6
0.660125 0.571630 0.487312 37.194309
1894 6 6 7
0.742329 0.596504 0.305173 42.692165
2150 6 6 8
0.801053 0.595314 0.062571 45.208214
2406 6 6 9
0.801602 0.550958 -0.232117 44.220448
2662 6 6 10
0.719924 0.459281 -0.520357 39.854862
2918 6 6 11
0.585568 0.349061 -0.731619 32.911320
3174 6 6 12
0.452232 0.254109 -0.854936 24.711027
3430 6 6 13
0.345937 0.184998 -0.919839 16.726091
3686 6 6 14
0.267815 0.137602 -0.953594 10.117257
886 6 7 3
0.428609 0.306109 0.850054 17.694294
1142 6 7 4
0.516043 0.342700 0.785020 26.487181
1398 6 7 5
0.624465 0.375617 0.684803 35.733158
1654 6 7 6
0.750543 0.394795 0.529927 43.821724
1910 6 7 7
0.874706 0.383383 0.296492 49.234333
2166 6 7 8
0.946423 0.322153 -0.022370 50.970379
2422 6 7 9
0.904652 0.213162 -0.369007 48.750549
2678 6 7 10
0.760843 0.097548 -0.641562 43.027977
2934 6 7 11
0.593211 0.013271 -0.804938 34.881531
3190 6 7 12
0.452374 -0.035471 -0.891122 25.784868
3446 6 7 13
0.347263 -0.059683 -0.935867 17.231075
3702 6 7 14
0.271343 -0.069712 -0.959955 10.315839
902 6 8 3
0.417506 0.144172 0.897164 19.918257
1158 6 8 4
0.517835 0.155800 0.841174 29.490572
1414 6 8 5
0.653107 0.156041 0.741015 39.217117
1670 6 8 6
0.820141 0.128433 0.557560 47.231140
1926 6 8 7
0.967816 0.050654 0.246507 51.924389
2182 6 8 8
0.985759 -0.072099 -0.151922 52.450718
2438 6 8 9
0.854553 -0.184806 -0.485372 48.878628
2694 6 8 10
0.679705 -0.252093 -0.688804 42.045177
2950 6 8 11
0.528410 -0.279850 -0.801541 33.279465
3206 6 8 12
0.412352 -0.282647 -0.866070 24.087225
3462 6 8 13
0.325947 -0.271568 -0.905544 15.811184
3718 6 8 14
0.261727 -0.253783 -0.931178 9.326722
918 6 9 3
0.387334 -0.041157 0.921020 20.447359
1174 6 9 4
0.489304 -0.070705 0.869242 30.024824
1430 6 9 5
0.633771 -0.128372 0.762794 39.457840
1686 6 9 6
0.810688 -0.231204 0.537894 46.762058
1942 6 9 7
0.919947 -0.364363 0.144696 50.353806
2198 6 9 8
0.848161 -0.454751 -0.271705 49.603001
2454 6 9 9
0.688996 -0.484036 -0.539438 44.929630
2710 6 9 10
0.545943 -0.484869 -0.683263 37.506878
2966 6 9 11
0.436876 -0.473285 -0.764945 28.823462
3222 6 9 12
0.354760 -0.453488 -0.817614 20.298685
3478 6 9 13
0.291882 -0.427635 -0.855531 13.006282
3734 6 9 14
0.242910 -0.398069 -0.884611 7.515935
934 6 10 3
0.339699 -0.235735 0.910513 19.135256
1190 6 10 4
0.427272 -0.311662 0.848708 27.943165
1446 6 10 5
0.547837 -0.429520 0.717905 36.393665
1702 6 10 6
0.677025 -0.584362 0.447391 42.558941
1958 6 10 7
0.716896 -0.696405 0.032864 44.989304
2214 6 10 8
0.630551 -0.700708 -0.333787 43.271008
2470 6 10 9
0.514389 -0.658963 -0.548791 38.076092
2726 6 10 10
0.420097 -0.619461 -0.663165 30.765213
2982 6 10 11
0.349699 -0.588194 -0.729204 22.846182
3238 6 10 12
0.296120 -0.560425 -0.773458 15.556721
3494 6 10 13
0.253767 -0.532147 -0.807727 9.661872
950 6 11 3
0.281975 -0.418310 0.863428 16.274309
1206 6 11 4
0.344402 -0.525339 0.778079 23.693594
1462 6 11 5
0.421237 -0.666764 0.614805 30.668600
1718 6 11 6
0.487358 -0.808971 0.328708 35.496723
1974 6 11 7
0.493607 -0.868789 -0.039477 36.951366
2230 6 11 8
0.439625 -0.828970 -0.345742 34.793411
2486 6 11 9
0.372766 -0.759009 -0.533808 29.790066
2742 6 11 10
0.317277 -0.700500 -0.639245 23.291061
2998 6 11 11
0.275030 -0.658399 -0.700621 16.669176
3254 6 11 12
0.242377 -0.626815 -0.740511 10.920349
966 6 12 3
0.224256 -0.570817 0.789859 12.512241
1222 6 12 4
0.262229 -0.684306 0.680412 18.200146
1478 6 12 5
0.302511 -0.811812 0.499448 23.470240
1734 6 12 6
0.330490 -0.914585 0.233045 26.964270
1990 6 12 7
0.329141 -0.941511 -0.072264 27.731937
2246 6 12 8
0.301929 -0.894415 -0.329940 25.653059
2502 6 12 9
0.267381 -0.821422 -0.503759 21.439648
2758 6 12 10
0.237071 -0.756057 -0.610061 16.254061
3014 6 12 11
0.213389 -0.706911 -0.674345 11.213137
1238 6 13 4
0.194852 -0.789635 0.581816 12.575049
1494 6 13 5
0.213869 -0.890290 0.402049 16.187748
1750 6 13 6
0.224803 -0.959670 0.168814 18.504145
2006 6 13 7
0.222617 -0.971402 -0.082577 18.857307
2262 6 13 8
0.209453 -0.929927 -0.302266 17.196697
2518 6 13 9
0.192315 -0.864235 -0.464880 14.083105
2774 6 13 10
0.176566 -0.799353 -0.574334 10.391299
1510 6 14 5
0.153485 -0.932156 0.327912 9.980662
1766 6 14 6
0.157452 -0.979309 0.127134 11.371841
2022 6 14 7
0.155549 -0.984372 -0.082560 11.509413
2278 6 14 8
0.148928 -0.950755 -0.271820 10.377666
2534 6 14 9
0.140384 -0.895262 -0.422846 8.358031
1607 7 4 6
0.331037 0.839307 0.431252 24.751196
1863 7 4 7
0.345588 0.895610 0.280094 29.200224
2119 7 4 8
0.342315 0.934912 0.093599 31.635679
2375 7 4 9
0.316219 0.940756 -0.122412 31.485949
2631 7 4 10
0.268449 0.899557 -0.344574 28.714468
2887 7 4 11
0.209138 0.815513 -0.539629 23.876543
3143 7 4 12
0.151684 0.710604 -0.687048 17.982590
3399 7 4 13
0.104360 0.607110 -0.787735 12.175363
1367 7 5 5
0.339408 0.698747 0.629726 27.733870
1623 7 5 6
0.386995 0.773584 0.501799 35.152515
1879 7 5 7
0.426364 0.844698 0.323571 40.820087
2135 7 5 8
0.442810 0.892817 0.082443 43.592926
2391 7 5 9
0.417832 0.884122 -0.209151 42.849728
2647 7 5 10
0.348086 0.798599 -0.490995 38.678802
2903 7 5 11
0.259332 0.666357 -0.699082 31.902617
3159 7 5 12
0.180355 0.535469 -0.825073 23.880383
3415 7 5 13
0.121275 0.428873 -0.895187 16.096300
3671 7 5 14
0.080074 0.348055 -0.934048 9.690431
1127 7 6 4
0.302835 0.505864 0.807708 26.328716
1383 7 6 5
0.372003 0.578862 0.725626 36.050335
1639 7 6 6
0.455776 0.661875 0.595138 44.905819
1895 7 6 7
0.546575 0.746020 0.380408 51.233067
2151 7 6 8
0.609331 0.791924 0.039641 53.786495
2407 7 6 9
0.574085 0.724039 -0.382353 52.046719
2663 7 6 10
0.440985 0.552871 -0.707012 46.342022
2919 7 6 11
0.301854 0.386785 -0.871368 37.789528
3175 7 6 12
0.200192 0.270107 -0.941788 28.028433
3431 7 6 13
0.132769 0.194496 -0.971876 18.756783
3687 7 6 14
0.088572 0.145323 -0.985412 11.229706
887 7 7 3
0.234094 0.291028 0.927633 21.043085
1143 7 7 4
0.298492 0.336018 0.893305 31.501116
1399 7 7 5
0.391952 0.390127 0.833172 42.466339
1655 7 7 6
0.531501 0.453805 0.715240 51.974625
1911 7 7 7
0.729938 0.512815 0.451896 58.175858
2167 7 7 8
0.875097 0.474488 -0.095218 59.883450
2423 7 7 9
0.711099 0.264891 -0.651284 56.842884
2679 7 7 10
0.463037 0.088882 -0.881871 49.722538
2935 7 7 11
0.297971 -0.000697 -0.954575 39.920094
3191 7 7 12
0.196933 -0.042348 -0.979502 29.223057
3447 7 7 13
0.133301 -0.060415 -0.989232 19.347406
3703 7 7 14
0.091812 -0.066777 -0.993535 11.483563
903 7 8 3
0.203869 0.107264 0.973104 23.172754
1159 7 8 4
0.269082 0.111897 0.956595 34.302433
1415 7 8 5
0.376051 0.103938 0.920751 45.597672
1671 7 8 6
0.567760 0.059110 0.821069 54.864719
1927 7 8 7
0.882726 -0.092383 0.460716 60.208000
2183 7 8 8
0.889349 -0.314305 -0.332069 60.638325
2439 7 8 9
0.564140 -0.364083 -0.741074 56.269337
2695 7 8 10
0.360169 -0.354244 -0.863012 48.141632
2951 7 8 11
0.243546 -0.333962 -0.910579 37.867413
3207 7 8 12
0.170726 -0.309568 -0.935425 27.225176
3463 7 8 13
0.122300 -0.283410 -0.951168 17.750822
3719 7 8 14
0.088871 -0.257356 -0.962221 10.402868
919 7 9 3
0.157978 -0.095650 0.982799 23.246758
1175 7 9 4
0.210449 -0.149019 0.966180 34.111954
1431 7 9 5
0.299304 -0.255495 0.919315 44.807415
1687 7 9 6
0.451587 -0.474788 0.755411 53.081894
1943 7 9 7
0.590688 -0.773734 0.228961 57.134228
2199 7 9 8
0.479912 -0.784946 -0.391847 56.242901
2455 7 9 9
0.330927 -0.672376 -0.662116 50.883968
2711 7 9 10
0.236857 -0.591770 -0.770524 42.400639
2967 7 9 11
0.176454 -0.535288 -0.826033 32.502987
3223 7 9 12
0.134526 -0.489130 -0.861774 22.818657
3479 7 9 13
0.103814 -0.447184 -0.888397 14.568456
3735 7 9 14
0.080647 -0.407701 -0.909547 8.385994
935 7 10 3
0.103503 -0.295727 0.949649 21.261225
1191 7 10 4
0.133840 -0.399926 0.906723 31.006866
1447 7 10 5
0.180535 -0.571149 0.800747 40.349403
1703 7 10 6
0.239594 -0.813175 0.530416 47.169994
1959 7 10 7
0.261494 -0.964271 0.042456 49.876690
2215 7 10 8
0.222189 -0.899623 -0.375913 48.009808
2471 7 10 9
0.175739 -0.786895 -0.591534 42.295773
2727 7 10 10
0.141455 -0.702950 -0.697030 34.219467
2983 7 10 11
0.116632 -0.643720 -0.756321 25.439991
3239 7 10 12
0.097492 -0.597118 -0.796207 17.334314
3495 7 10 13
0.081845 -0.555637 -0.827387 10.765847
951 7 11 3
0.050877 -0.470955 0.880689 17.693726
1207 7 11 4
0.060869 -0.597197 0.799782 25.710390
1463 7 11 5
0.074168 -0.765839 0.638741 33.234371
1719 7 11 6
0.087122 -0.934395 0.345422 38.444530
1975 7 11 7
0.090930 -0.995135 -0.037914 40.035538
2231 7 11 8
0.085007 -0.932192 -0.351840 37.753078
2487 7 11 9
0.077263 -0.837804 -0.540477 32.407196
2743 7 11 10
0.071265 -0.760495 -0.645422 25.425728
2999 7 11 11
0.066772 -0.704015 -0.707039 18.270596
3255 7 11 12
0.062799 -0.660938 -0.747809 12.018579
967 7 12 3
0.008101 -0.609753 0.792550 13.339589
1223 7 12 4
0.005862 -0.731463 0.681856 19.356691
1479 7 12 5
0.003742 -0.866455 0.499241 24.916931
1735 7 12 6
0.002783 -0.972571 0.232589 28.599577
1991 7 12 7
0.004211 -0.997539 -0.069991 29.419060
2247 7 12 8
0.008211 -0.945891 -0.324380 27.255390
2503 7 12 9
0.013891 -0.867710 -0.496876 22.848114
2759 7 12 10
0.020232 -0.796949 -0.603708 17.400681
3015 7 12 11
0.026391 -0.742247 -0.669607 12.074040
1239 7 13 4
-0.029501 -0.817012 0.575866 13.145043
1495 7 13 5
-0.036416 -0.917612 0.395805 16.886026
1751 7 13 6
-0.040663 -0.985389 0.165393 19.278297
2007 7 13 7
-0.040081 -0.995953 -0.080445 19.643627
2263 7 13 8
-0.034511 -0.954878 -0.294986 17.936270
2519 7 13 9
-0.025624 -0.890154 -0.454940 14.731174
2775 7 13 10
-0.015263 -0.825649 -0.563977 10.920122
1511 7 14 5
-0.057107 -0.945181 0.321516 10.261035
1767 7 14 6
-0.061558 -0.990387 0.123868 11.674731
2023 7 14 7
-0.061508 -0.994808 -0.081083 11.811411
2279 7 14 8
-0.056770 -0.962341 -0.265851 10.659557
2535 7 14 9
-0.048472 -0.909003 -0.413962 8.606026
1608 8 4 6
0.112438 0.884293 0.453193 27.500835
1864 8 4 7
0.109858 0.953306 0.281318 32.195217
2120 8 4 8
0.091946 0.993479 0.067421 34.494736
2376 8 4 9
0.058741 0.983618 -0.170425 33.856995
2632 8 4 10
0.017415 0.917832 -0.396587 30.395086
2888 8 4 11
-0.021625 0.814661 -0.579534 24.861568
3144 8 4 12
-0.051705 0.701793 -0.710502 18.422415
1112 8 5 4
0.078834 0.635190 0.768322 21.941038
1368 8 5 5
0.097630 0.724985 0.681810 30.539560
1624 8 5 6
0.113534 0.827930 0.549219 38.605209
1880 8 5 7
0.118943 0.930938 0.345264 44.568428
2136 8 5 8
0.103043 0.993222 0.053786 47.166477
2392 8 5 9
0.061528 0.957050 -0.283318 45.817245
2648 8 5 10
0.009233 0.824003 -0.566511 40.793571
2904 8 5 11
-0.034266 0.663955 -0.746987 33.158493
3160 8 5 12
-0.062898 0.526631 -0.847764 24.460194
3416 8 5 13
-0.079338 0.422038 -0.903100 16.258192
3672 8 5 14
-0.087575 0.344656 -0.934635 9.661741
872 8 6 3
0.037532 0.427728 0.903128 18.754519
1128 8 6 4
0.054426 0.497417 0.865803 28.514841
1384 8 6 5
0.075502 0.589623 0.804142 39.075878
1640 8 6 6
0.099493 0.715962 0.691014 48.613579
1896 8 6 7
0.119560 0.880523 0.458677 55.247723
2152 8 6 8
0.110449 0.993880 -0.001787 57.610798
2408 8 6 9
0.048910 0.839793 -0.540699 55.227432
2664 8 6 10
-0.015219 0.568122 -0.822804 48.620525
2920 8 6 11
-0.054036 0.377203 -0.924553 39.158859
3176 8 6 12
-0.074856 0.261972 -0.962168 28.678881
3432 8 6 13
-0.085207 0.191136 -0.977858 18.957850
3688 8 6 14
-0.089417 0.145559 -0.985301 11.220090
888 8 7 3
0.002043 0.258783 0.965933 22.307131
1144 8 7 4
0.011459 0.301043 0.953542 33.466541
1400 8 7 5
0.024677 0.359975 0.932635 45.177109
1656 8 7 6
0.043065 0.457414 0.888211 55.289291
1912 8 7 7
0.069975 0.678675 0.731098 61.761700
2168 8 7 8
0.060751 0.928509 -0.366308 63.301399
2424 8 7 9
-0.030524 0.247660 -0.968366 59.692810
2680 8 7 10
-0.060919 0.047141 -0.997029 51.774906
2936 8 7 11
-0.076065 -0.022598 -0.996847 41.166100
3192 8 7 12
-0.084213 -0.050913 -0.995146 29.827715
3448 8 7 13
-0.087867 -0.061768 -0.994215 19.546892
3704 8 7 14
-0.088496 -0.064419 -0.993991 11.488856
904 8 8 3
-0.044369 0.060040 0.997209 24.044823
1160 8 8 4
-0.050591 0.048890 0.997522 35.659046
1416 8 8 5
-0.062584 0.014811 0.997930 47.472363
1672 8 8 6
-0.093982 -0.088766 0.991609 57.164440
1928 8 8 7
-0.218215 -0.525998 0.822015 62.706646
2184 8 8 8
-0.218578 -0.789963 -0.572872 63.032570
2440 8 8 9
-0.123597 -0.513196 -0.849325 58.277931
2696 8 8 10
-0.100341 -0.415412 -0.904082 49.598206
2952 8 8 11
-0.093159 -0.360929 -0.927929 38.758766
3208 8 8 12
-0.090276 -0.320300 -0.943005 27.661959
3464 8 8 13
-0.088200 -0.285853 -0.954206 17.897198
3720 8 8 14
-0.085858 -0.255521 -0.962984 10.408247
920 8 9 3
-0.095566 -0.147890 0.984376 23.572943
1176 8 9 4
-0.120232 -0.220256 0.968004 34.632988
1432 8 9 5
-0.160622 -0.356947 0.920212 45.549538
1688 8 9 6
-0.227068 -0.620118 0.750928 54.021843
1944 8 9 7
-0.279288 -0.933647 0.224280 58.188416
2200 8 9 8
-0.224563 -0.897449 -0.379680 57.283489
2456 8 9 9
-0.161873 -0.742342 -0.650174 51.779621
2712 8 9 10
-0.126650 -0.634113 -0.762797 43.062347
2968 8 9 11
-0.107429 -0.559772 -0.821654 32.910130
3224 8 9 12
-0.096175 -0.501963 -0.859525 23.013041
3480 8 9 13
-0.088857 -0.452520 -0.887316 14.624182
3736 8 9 14
-0.083469 -0.408371 -0.908992 8.375161
936 8 10 3
-0.142376 -0.339606 0.929730 21.055132
1192 8 10 4
-0.179105 -0.451608 0.874055 30.719946
1448 8 10 5
-0.228708 -0.621722 0.749102 40.005341
1704 8 10 6
-0.278969 -0.834435 0.475283 46.815636
1960 8 10 7
-0.285599 -0.957370 0.043314 49.564636
2216 8 10 8
-0.239618 -0.911606 -0.334003 47.775711
2472 8 10 9
-0.187584 -0.812586 -0.551830 42.145084
2728 8 10 10
-0.148909 -0.728479 -0.668689 34.131718
2984 8 10 11
-0.122471 -0.663847 -0.737772 25.385693
3240 8 10 12
-0.104458 -0.610944 -0.784752 17.291538
3496 8 10 13
-0.091967 -0.563859 -0.820735 10.726529
952 8 11 3
-0.177565 -0.498479 0.848522 17.120514
1208 8 11 4
-0.216818 -0.619643 0.754342 24.868643
1464 8 11 5
-0.260528 -0.768937 0.583833 32.148056
1720 8 11 6
-0.291919 -0.905583 0.307740 37.210072
1976 8 11 7
-0.287765 -0.957293 -0.027961 38.798668
2232 8 11 8
-0.251620 -0.916422 -0.311220 36.659260
2488 8 11 9
-0.207434 -0.842517 -0.497128 31.552303
2744 8 11 10
-0.168824 -0.774324 -0.609853 24.833555
3000 8 11 11
-0.138446 -0.719489 -0.680564 17.904671
3256 8 11 12
-0.115387 -0.674452 -0.729246 11.814154
968 8 12 3
-0.198696 -0.621069 0.758151 12.630805
1224 8 12 4
-0.234163 -0.731981 0.639822 18.309078
1480 8 12 5
-0.268260 -0.847552 0.457922 23.554293
1736 8 12 6
-0.288443 -0.934001 0.210816 27.036674
1992 8 12 7
-0.283437 -0.957140 -0.059553 27.836346
2248 8 12 8
-0.256395 -0.921545 -0.291576 25.839491
2504 8 12 9
-0.220228 -0.861171 -0.458131 21.729137
2760 8 12 10
-0.184616 -0.801949 -0.568150 16.619606
3016 8 12 11
-0.153452 -0.752693 -0.640239 11.592313
1240 8 13 4
-0.236672 -0.805907 0.542678 12.188128
1496 8 13 5
-0.262234 -0.892311 0.367443 15.639502
1752 8 13 6
-0.276091 -0.948955 0.152509 17.846954
2008 8 13 7
-0.272524 -0.959428 -0.072313 18.192904
2264 8 13 8
-0.253165 -0.928774 -0.270714 16.637747
2520 8 13 9
-0.224936 -0.877432 -0.423694 13.704987
2776 8 13 10
-0.194339 -0.823817 -0.532502 10.204742
1768 8 14 6
-0.258937 -0.958928 0.115796 10.616322
2024 8 14 7
-0.256841 -0.963506 -0.075425 10.740806
1609 9 4 6
-0.138740 0.879437 0.455348 27.360119
1865 9 4 7
-0.163171 0.949025 0.269680 31.876556
2121 9 4 8
-0.191874 0.980569 0.040848 33.869602
2377 9 4 9
-0.218277 0.954676 -0.202359 32.862667
2633 9 4 10
-0.235875 0.876385 -0.419895 29.093252
2889 9 4 11
-0.242760 0.771623 -0.587933 23.431026
3145 9 4 12
-0.241031 0.665389 -0.706514 17.084961
1113 9 5 4
-0.153897 0.608810 0.778246 21.541340
1369 9 5 5
-0.177610 0.699660 0.692048 30.054155
1625 9 5 6
-0.212441 0.805312 0.553481 37.984097
1881 9 5 7
-0.259050 0.906724 0.332784 43.705765
2137 9 5 8
-0.306176 0.951736 0.021316 45.945827
2393 9 5 9
-0.331174 0.889995 -0.313421 44.196667
2649 9 5 10
-0.327051 0.751970 -0.572345 38.871048
2905 9 5 11
-0.307388 0.607075 -0.732784 31.160835
3161 9 5 12
-0.284047 0.488187 -0.825222 22.653805
3417 9 5 13
-0.261588 0.397948 -0.879323 14.839506
3673 9 5 14
-0.241097 0.330337 -0.912551 8.695304
873 9 6 3
-0.181799 0.391087 0.902219 18.049818
1129 9 6 4
-0.213100 0.452791 0.865776 27.563820
1385 9 6 5
-0.260871 0.535407 0.803297 37.886433
1641 9 6 6
-0.337427 0.648086 0.682736 47.177670
1897 9 6 7
-0.452380 0.782376 0.428065 53.521412
2153 9 6 8
-0.554643 0.831088 -0.040788 55.543713
2409 9 6 9
-0.532368 0.670990 -0.516098 52.834858
2665 9 6 10
-0.445163 0.465231 -0.765108 46.041790
2921 9 6 11
-0.371891 0.322776 -0.870352 36.643307
3177 9 6 12
-0.319772 0.233624 -0.918240 26.495958
3433 9 6 13
-0.281694 0.176698 -0.943094 17.289471
3689 9 6 14
-0.252290 0.138808 -0.957644 10.104206
889 9 7 3
-0.232329 0.212283 0.949189 21.082914
1145 9 7 4
-0.283885 0.238638 0.928688 31.765554
1401 9 7 5
-0.367449 0.271204 0.889623 43.026199
1657 9 7 6
-0.517479 0.312824 0.796465 52.755600
1913 9 7 7
-0.785493 0.350381 0.510132 58.917313
2169 9 7 8
-0.944744 0.262620 -0.196189 60.218632
2425 9 7 9
-0.707273 0.085002 -0.701811 56.479214
2681 9 7 10
-0.510525 -0.005754 -0.859844 48.608833
2937 9 7 11
-0.399988 -0.043943 -0.915466 38.282425
3193 9 7 12
-0.332927 -0.059189 -0.941093 27.446190
3449 9 7 13
-0.287655 -0.063736 -0.955611 17.789248
3705 9 7 14
-0.254347 -0.063156 -0.965049 10.341901
905 9 8 3
-0.282926 0.011353 0.959075 22.261976
1161 9 8 4
-0.352928 -0.015564 0.935521 33.143131
1417 9 8 5
-0.463827 -0.070482 0.883118 44.273846
1673 9 8 6
-0.644723 -0.182431 0.742329 53.446331
1929 9 8 7
-0.861226 -0.371308 0.347017 58.691330
2185 9 8 8
-0.831576 -0.485690 -0.269417 58.949909
2441 9 8 9
-0.626568 -0.454507 -0.633116 54.345322
2697 9 8 10
-0.476078 -0.400285 -0.783021 46.022118
2953 9 8 11
-0.383134 -0.353707 -0.853287 35.723927
3209 9 8 12
-0.322624 -0.314112 -0.892887 25.294313
3465 9 8 13
-0.280035 -0.279528 -0.918393 16.224218
3721 9 8 14
-0.247980 -0.249089 -0.936195 9.351364
921 9 9 3
-0.325642 -0.187253 0.926765 21.334787
1177 9 9 4
-0.403350 -0.262068 0.876715 31.444698
1433 9 9 5
-0.510756 -0.380684 0.770849 41.483803
1689 9 9 6
-0.635842 -0.548701 0.542801 49.333393
1945 9 9 7
-0.699332 -0.699533 0.146932 53.244850
2201 9 9 8
-0.632961 -0.727951 -0.263528 52.465340
2457 9 9 9
-0.517667 -0.673019 -0.528267 47.402466
2713 9 9 10
-0.421788 -0.605678 -0.674721 39.342785
2969 9 9 11
-0.352779 -0.545318 -0.760378 29.961540
3225 9 9 12
-0.303090 -0.492106 -0.816069 20.850168
3481 9 9 13
-0.265945 -0.444184 -0.855555 13.172793
3737 9 9 14
-0.236996 -0.400666 -0.885042 7.495224
937 9 10 3
-0.355043 -0.361346 0.862191 18.602312
1193 9 10 4
-0.428508 -0.460087 0.777625 27.203798
1449 9 10 5
-0.513093 -0.589079 0.624277 35.512630
1705 9 10 6
-0.582212 -0.724268 0.369410 41.661461
1961 9 10 7
-0.591059 -0.805621 0.040304 44.213734
2217 9 10 8
-0.534938 -0.804424 -0.258347 42.707832
2473 9 10 9
-0.456452 -0.757880 -0.466122 37.733215
2729 9 10 10
-0.385633 -0.702654 -0.597967 30.581430
2985 9 10 11
-0.329467 -0.650738 -0.684099 22.738705
3241 9 10 12
-0.286140 -0.602748 -0.744862 15.466598
3497 9 10 13
-0.252436 -0.557250 -0.791042 9.570161
953 9 11 3
-0.369937 -0.501573 0.782030 14.761288
1209 9 11 4
-0.432745 -0.602048 0.671022 21.470844
1465 9 11 5
-0.494330 -0.713045 0.497197 27.800163
1721 9 11 6
-0.532944 -0.806683 0.255406 32.239216
1977 9 11 7
-0.527813 -0.849209 -0.016060 33.692020
2233 9 11 8
-0.483667 -0.837412 -0.254573 31.917536
2489 9 11 9
-0.423805 -0.797322 -0.429729 27.549604
2745 9 11 10
-0.365783 -0.751511 -0.549030 21.745525
3001 9 11 11
-0.316148 -0.708487 -0.630949 15.718626
3257 9 11 12
-0.275630 -0.668741 -0.690517 10.391661
969 9 12 3
-0.372024 -0.609752 0.699858 10.636252
1225 9 12 4
-0.422896 -0.700339 0.575051 15.425320
1481 9 12 5
-0.467333 -0.788120 0.400583 19.859417
1737 9 12 6
-0.491045 -0.851695 0.183004 22.822466
1993 9 12 7
-0.484044 -0.873818 -0.046297 23.539131
2249 9 12 8
-0.450369 -0.857569 -0.248483 21.905369
2505 9 12 9
-0.403318 -0.821009 -0.404078 18.481977
2761 9 12 10
-0.354380 -0.780160 -0.515524 14.193495
3017 9 12 11
-0.309494 -0.742322 -0.594282 9.945315
1241 9 13 4
-0.404277 -0.769276 0.494747 10.039018
1497 9 13 5
-0.436777 -0.837106 0.329363 12.882317
1753 9 13 6
-0.452872 -0.881081 0.136393 14.707564
2009 9 13 7
-0.447308 -0.892273 -0.061361 15.009524
2265 9 13 8
-0.422414 -0.874423 -0.238642 13.754081
2521 9 13 9
-0.385797 -0.840133 -0.381231 11.364771
2777 9 13 10
-0.345066 -0.801585 -0.488254 8.498643
1769 9 14 6
-0.416562 -0.902942 0.105699 8.565042
2025 9 14 7
-0.412878 -0.908295 -0.067322 8.670080
1354 10 4 5
-0.337830 0.745716 0.574263 18.966949
1610 10 4 6
-0.378315 0.818290 0.432757 24.331682
1866 10 4 7
-0.418590 0.874666 0.244419 28.284487
2122 10 4 8
-0.448978 0.893337 0.019193 29.880415
2378 10 4 9
-0.460548 0.862006 -0.211757 28.728493
2634 10 4 10
-0.452427 0.790230 -0.413335 25.129351
2890 10 4 11
-0.431081 0.700462 -0.568791 19.953640
3146 10 4 12
-0.403839 0.611205 -0.680693 14.325213
1114 10 5 4
-0.369032 0.551760 0.747915 18.838732
1370 10 5 5
-0.427238 0.624635 0.653681 26.401436
1626 10 5 6
-0.498130 0.703729 0.506588 33.434525
1882 10 5 7
-0.571261 0.769449 0.285674 38.430466
2138 10 5 8
-0.619396 0.785076 -0.002030 40.221718
2394 10 5 9
-0.617736 0.729131 -0.294569 38.391731
2650 10 5 10
-0.574995 0.628249 -0.524103 33.408077
2906 10 5 11
-0.517824 0.523242 -0.676813 26.439936
3162 10 5 12
-0.462869 0.433966 -0.772933 18.950266
3418 10 5 13
-0.415157 0.363321 -0.834052 12.230186
874 10 6 3
-0.378677 0.340018 0.860808 15.461276
1130 10 6 4
-0.444563 0.383087 0.809696 23.762112
1386 10 6 5
-0.534003 0.435179 0.724886 32.824638
1642 10 6 6
-0.651576 0.493684 0.575955 40.994038
1898 10 6 7
-0.779513 0.539326 0.318569 46.516098
2154 10 6 8
-0.848352 0.527271 -0.047794 48.133286
2410 10 6 9
-0.802255 0.442755 -0.400443 45.507336
2666 10 6 10
-0.694930 0.339081 -0.634111 39.302532
2922 10 6 11
-0.590637 0.255682 -0.765360 30.931511
3178 10 6 12
-0.507278 0.196717 -0.839030 22.084345
3434 10 6 13
-0.442799 0.155850 -0.882972 14.218597
3690 10 6 14
-0.392196 0.127034 -0.911068 8.197283
890 10 7 3
-0.431954 0.161290 0.887356 17.755238
1146 10 7 4
-0.516994 0.168987 0.839143 26.919710
1402 10 7 5
-0.634448 0.171620 0.753672 36.655663
1658 10 7 6
-0.789477 0.162329 0.591925 45.110287
1914 10 7 7
-0.946419 0.128198 0.296404 50.452244
2170 10 7 8
-0.991428 0.064531 -0.113605 51.501289
2426 10 7 9
-0.885019 0.000235 -0.465555 48.101440
2682 10 7 10
-0.736619 -0.040039 -0.675121 41.112450
2938 10 7 11
-0.612821 -0.059162 -0.788004 32.082417
3194 10 7 12
-0.520002 -0.065837 -0.851624 22.754572
3450 10 7 13
-0.450298 -0.065984 -0.890437 14.576819
3706 10 7 14
-0.396463 -0.062979 -0.915888 8.372725
906 10 8 3
-0.475316 -0.029759 0.879312 18.383459
1162 10 8 4
-0.569822 -0.064072 0.819267 27.529243
1418 10 8 5
-0.692373 -0.119397 0.711593 36.968540
1674 10 8 6
-0.832352 -0.200971 0.516527 44.814426
1930 10 8 7
-0.933405 -0.295231 0.203943 49.337475
2186 10 8 8
-0.918994 -0.360045 -0.160678 49.574200
2442 10 8 9
-0.810544 -0.374145 -0.450593 45.607056
2698 10 8 10
-0.686410 -0.357027 -0.633540 38.446121
2954 10 8 11
-0.582327 -0.328557 -0.743603 29.641855
3210 10 8 12
-0.501272 -0.297559 -0.812517 20.810888
3466 10 8 13
-0.438146 -0.267420 -0.858205 13.220861
3722 10 8 14
-0.387987 -0.239558 -0.889988 7.542750
922 10 9 3
-0.503369 -0.210718 0.837984 17.231197
1178 10 9 4
-0.594301 -0.276562 0.755195 25.527498
1434 10 9 5
-0.697887 -0.364743 0.616373 33.842541
1690 10 9 6
-0.790294 -0.466492 0.397266 40.419956
1946 10 9 7
-0.827301 -0.551327 0.107759 43.769245
2202 10 9 8
-0.787531 -0.588350 -0.183411 43.208809
2458 10 9 9
-0.702438 -0.580516 -0.411804 39.040596
2714 10 9 10
-0.611689 -0.549301 -0.569302 32.338272
2970 10 9 11
-0.532659 -0.509528 -0.675763 24.529562
3226 10 9 12
-0.467798 -0.467575 -0.750026 16.972975
3482 10 9 13
-0.414897 -0.426122 -0.803916 10.647913
3738 10 9 14
-0.371281 -0.386642 -0.844191 6.010432
938 10 10 3
-0.515730 -0.365326 0.774958 14.664892
1194 10 10 4
-0.594732 -0.444468 0.669882 21.536438
1450 10 10 5
-0.672537 -0.535785 0.510518 28.232418
1706 10 10 6
-0.726220 -0.622612 0.291478 33.254002
1962 10 10 7
-0.731957 -0.680222 0.039215 35.418930
2218 10 10 8
-0.689608 -0.697106 -0.196173 34.312210
2474 10 10 9
-0.622223 -0.683238 -0.382130 30.372217
2730 10 10 10
-0.551787 -0.653853 -0.517694 24.628618
2986 10 10 11
-0.488591 -0.618038 -0.615880 18.294172
3242 10 10 12
-0.434915 -0.579411 -0.689298 12.411554
3498 10 10 13
-0.389894 -0.539439 -0.746316 7.649012
954 10 11 3
-0.515197 -0.489144 0.703783 11.345861
1210 10 11 4
-0.580190 -0.567543 0.584187 16.555498
1466 10 11 5
-0.636794 -0.647294 0.418931 21.505964
1722 10 11 6
-0.668330 -0.712568 0.213500 25.023838
1978 10 11 7
-0.663077 -0.748531 -0.005546 26.240795
2234 10 11 8
-0.625127 -0.753368 -0.204090 24.942297
2490 10 11 9
-0.569810 -0.737228 -0.363059 21.595995
2746 10 11 10
-0.511177 -0.711168 -0.482637 17.090479
3002 10 11 11
-0.456810 -0.681241 -0.572044 12.375562
1226 10 12 4
-0.557229 -0.656654 0.508234 11.584752
1482 10 12 5
-0.598963 -0.721723 0.346928 14.948649
1738 10 12 6
-0.619118 -0.769017 0.159079 17.221630
1994 10 12 7
-0.611595 -0.790455 -0.033640 17.812185
2250 10 12 8
-0.579973 -0.787754 -0.207548 16.628910
2506 10 12 9
-0.534206 -0.769744 -0.349455 14.080534
2762 10 12 10
-0.483969 -0.745208 -0.458737 10.855116
1498 10 13 5
-0.560853 -0.774728 0.291960 9.447303
1754 10 13 6
-0.575124 -0.808969 0.121664 10.802828
2010 10 13 7
-0.568585 -0.821100 -0.050052 11.046535
2266 10 13 8
-0.543522 -0.813654 -0.206280 10.148850
2522 10 13 9
-0.506232 -0.793885 -0.336861 8.414066
1611 11 4 6
-0.568743 0.722346 0.393380 19.294847
1867 11 4 7
-0.613135 0.760723 0.212995 22.426973
2123 11 4 8
-0.638776 0.769374 0.005263 23.608761
2379 11 4 9
-0.638495 0.742223 -0.203540 22.540680
2635 11 4 10
-0.615110 0.687002 -0.386869 19.517792
2891 11 4 11
-0.577988 0.618626 -0.532196 15.301308
3147 11 4 12
-0.536005 0.549483 -0.640911 10.824848
1371 11 5 5
-0.612557 0.528702 0.587578 20.663671
1627 11 5 6
-0.690353 0.576021 0.437737 26.269613
1883 11 5 7
-0.758624 0.608464 0.232940 30.221687
2139 11 5 8
-0.793383 0.608589 -0.012768 31.552456
2395 11 5 9
-0.780218 0.570220 -0.257117 29.939901
2651 11 5 10
-0.729526 0.507041 -0.459023 25.818104
2907 11 5 11
-0.663413 0.438624 -0.606211 20.195032
3163 11 5 12
-0.597562 0.376669 -0.707842 14.277781
3419 11 5 13
-0.538386 0.324689 -0.777636 9.078124
1131 11 6 4
-0.613198 0.309603 0.726729 18.240644
1387 11 6 5
-0.707720 0.334266 0.622414 25.367989
1643 11 6 6
-0.812150 0.354602 0.463325 31.829226
1899 11 6 7
-0.902585 0.360451 0.235403 36.186661
2155 11 6 8
-0.939292 0.340443 -0.042761 37.398460
2411 11 6 9
-0.903149 0.296137 -0.310844 35.196732
2667 11 6 10
-0.819813 0.243746 -0.518165 30.163467
2923 11 6 11
-0.725726 0.197123 -0.659139 23.493076
3179 11 6 12
-0.640029 0.160585 -0.751383 16.566444
3435 11 6 13
-0.567512 0.133169 -0.812524 10.520571
891 11 7 3
-0.581933 0.115000 0.805065 13.306440
1147 11 7 4
-0.671838 0.109900 0.732499 20.338453
1403 11 7 5
-0.778460 0.097172 0.620127 27.888868
1659 11 7 6
-0.891071 0.073730 0.447835 34.504025
1915 11 7 7
-0.977989 0.038673 0.205040 38.704945
2171 11 7 8
-0.996837 -0.001975 -0.079451 39.514370
2427 11 7 9
-0.939409 -0.036659 -0.340833 36.794617
2683 11 7 10
-0.841643 -0.058483 -0.536858 31.257425
2939 11 7 11
-0.739847 -0.068428 -0.669286 24.178722
3195 11 7 12
-0.649914 -0.070440 -0.756737 16.963516
3451 11 7 13
-0.574665 -0.068009 -0.815558 10.734315
3707 11 7 14
-0.512412 -0.063470 -0.856391 6.085422
907 11 8 3
-0.613945 -0.059860 0.787076 13.523371
1163 11 8 4
-0.705170 -0.094447 0.702720 20.407957
1419 11 8 5
-0.805823 -0.141848 0.574916 27.597589
1675 11 8 6
-0.899152 -0.200100 0.389212 33.647194
1931 11 8 7
-0.954450 -0.258850 0.148401 37.187992
2187 11 8 8
-0.946832 -0.301870 -0.111281 37.422928
2443 11 8 9
-0.884147 -0.319952 -0.340463 34.384727
2699 11 8 10
-0.796508 -0.316545 -0.515145 28.866419
2955 11 8 11
-0.707908 -0.300049 -0.639403 22.105865
3211 11 8 12
-0.628563 -0.277323 -0.726637 15.382106
3467 11 8 13
-0.560527 -0.252632 -0.788661 9.669932
923 11 9 3
-0.628880 -0.221612 0.745250 12.406654
1179 11 9 4
-0.711952 -0.276124 0.645662 18.510077
1435 11 9 5
-0.794089 -0.341283 0.502940 24.702763
1691 11 9 6
-0.857166 -0.409363 0.312550 29.676783
1947 11 9 7
-0.880233 -0.466127 0.088967 32.283195
2203 11 9 8
-0.856118 -0.498984 -0.134452 31.958822
2459 11 9 9
-0.798173 -0.505847 -0.327167 28.892063
2715 11 9 10
-0.726652 -0.493048 -0.478416 23.886269
2971 11 9 11
-0.655433 -0.468189 -0.592627 18.039572
3227 11 9 12
-0.590451 -0.436901 -0.678590 12.400927
3483 11 9 13
-0.533110 -0.402929 -0.743937 7.715513
1195 11 10 4
-0.699772 -0.421182 0.576996 15.231516
1451 11 10 5
-0.761774 -0.487685 0.426455 20.086443
1707 11 10 6
-0.800412 -0.548738 0.241303 23.790890
1963 11 10 7
-0.804212 -0.592996 0.039996 25.462734
2219 11 10 8
-0.774204 -0.614551 -0.151445 24.759510
2475 11 10 9
-0.722584 -0.615490 -0.314713 21.965160
2731 11 10 10
-0.663002 -0.601639 -0.445487 17.817745
2987 11 10 11
-0.604268 -0.578157 -0.548265 13.212627
3243 11 10 12
-0.550220 -0.548467 -0.629637 8.930642
1211 11 11 4
-0.677291 -0.530759 0.509482 11.397126
1467 11 11 5
-0.723371 -0.590008 0.358643 14.879237
1723 11 11 6
-0.746971 -0.638848 0.184139 17.397654
1979 11 11 7
-0.742189 -0.670182 0.003392 18.328247
2235 11 11 8
-0.712151 -0.682573 -0.164118 17.494041
2491 11 11 9
-0.666355 -0.679748 -0.306453 15.198978
2747 11 11 10
-0.614580 -0.666697 -0.421671 12.056304
1483 11 12 5
-0.684761 -0.662627 0.303361 10.047163
1739 11 12 6
-0.700229 -0.699816 0.141195 11.620115
1995 11 12 7
-0.692943 -0.720644 -0.022417 12.066219
2251 11 12 8
-0.665755 -0.725902 -0.172733 11.309778
2507 11 12 9
-0.625576 -0.719785 -0.300937 9.614424
1612 12 4 6
-0.702306 0.620149 0.349544 13.601415
1868 12 4 7
-0.742907 0.643821 0.183257 15.834389
2124 12 4 8
-0.762547 0.646930 -0.001998 16.639620
2380 12 4 9
-0.756549 0.626711 -0.186728 15.804480
2636 12 4 10
-0.728361 0.587832 -0.352055 13.569085
2892 12 4 11
-0.686480 0.538985 -0.488099 10.516788
1372 12 5 5
-0.735161 0.437822 0.517543 14.372322
1628 12 5 6
-0.804085 0.462896 0.373061 18.369879
1884 12 5 7
-0.858114 0.476660 0.190882 21.185303
2140 12 5 8
-0.881484 0.471950 -0.015755 22.099098
2396 12 5 9
-0.866860 0.447245 -0.220287 20.878965
2652 12 5 10
-0.821489 0.408715 -0.397628 17.866642
2908 12 5 11
-0.760250 0.365357 -0.537154 13.827149
3164 12 5 12
-0.695647 0.323705 -0.641320 9.648852
1132 12 6 4
-0.725700 0.245756 0.642622 12.440290
1388 12 6 5
-0.808563 0.253888 0.530817 17.444345
1644 12 6 6
-0.889319 0.256671 0.378459 22.021210
1900 12 6 7
-0.950411 0.250571 0.184208 25.120216
2156 12 6 8
-0.971709 0.233454 -0.035794 25.965645
2412 12 6 9
-0.945770 0.207531 -0.249901 24.357124
2668 12 6 10
-0.884736 0.178582 -0.430523 20.735689
2924 12 6 11
-0.808516 0.151783 -0.568562 15.994890
3180 12 6 12
-0.731784 0.129448 -0.669130 11.143260
3436 12 6 13
-0.661450 0.111690 -0.741626 6.978874
1148 12 7 4
-0.768605 0.065889 0.636321 13.668914
1404 12 7 5
-0.854369 0.048163 0.517430 18.903654
1660 12 7 6
-0.933520 0.024066 0.357716 23.544889
1916 12 7 7
-0.987263 -0.004368 0.159039 26.524649
2172 12 7 8
-0.997707 -0.032362 -0.059435 27.114700
2428 12 7 9
-0.962166 -0.054477 -0.266962 25.198042
2684 12 7 10
-0.895374 -0.067931 -0.440104 21.292288
2940 12 7 11
-0.816457 -0.073352 -0.572729 16.333084
3196 12 7 12
-0.738430 -0.073045 -0.670363 11.335087
3452 12 7 13
-0.667191 -0.069368 -0.741650 7.081788
1164 12 8 4
-0.787660 -0.111773 0.605886 13.473371
1420 12 8 5
-0.865158 -0.150842 0.478276 18.376286
1676 12 8 6
-0.929287 -0.194261 0.314147 22.564722
1932 12 8 7
-0.964365 -0.235490 0.120604 25.066933
2188 12 8 8
-0.960296 -0.266558 -0.082331 25.288557
2444 12 8 9
-0.920350 -0.282507 -0.270453 23.223328
2700 12 8 10
-0.858004 -0.283634 -0.428230 19.424168
2956 12 8 11
-0.787303 -0.273675 -0.552500 14.775365
3212 12 8 12
-0.717383 -0.257004 -0.647542 10.186073
3468 12 8 13
-0.652578 -0.237173 -0.719646 6.331501
1180 12 9 4
-0.784834 -0.269131 0.558215 11.964407
1436 12 9 5
-0.847719 -0.318974 0.423826 16.099632
1692 12 9 6
-0.892323 -0.368647 0.260496 19.482288
1948 12 9 7
-0.908391 -0.410557 0.079168 21.315235
2204 12 9 8
-0.893099 -0.438098 -0.102196 21.178099
2460 12 9 9
-0.852817 -0.448798 -0.266992 19.166182
2716 12 9 10
-0.798244 -0.444373 -0.406618 15.816802
2972 12 9 11
-0.738656 -0.428573 -0.520300 11.889420
3228 12 9 12
-0.679746 -0.405329 -0.611272 8.113769
1196 12 10 4
-0.767322 -0.397304 0.503356 9.607605
1452 12 10 5
-0.815428 -0.448162 0.366371 12.767141
1708 12 10 6
-0.843779 -0.494539 0.208491 15.228288
1964 12 10 7
-0.846736 -0.530368 0.041808 16.396803
2220 12 10 8
-0.825373 -0.551911 -0.118971 16.016548
2476 12 10 9
-0.786496 -0.558867 -0.262854 14.245623
2732 12 10 10
-0.738422 -0.553260 -0.385534 11.558381
2988 12 10 11
-0.687593 -0.537799 -0.487839 8.551127
1724 12 11 6
-0.796354 -0.582171 0.164004 10.820468
1980 12 11 7
-0.792319 -0.610005 0.011128 11.466058
1629 13 5 6
-0.869993 0.374559 0.320651 11.392515
1885 13 5 7
-0.911207 0.379445 0.160381 13.186679
2141 13 5 8
-0.927316 0.373971 -0.015207 13.760602
2397 13 5 9
-0.914428 0.357793 -0.189222 12.960390
2653 13 5 10
-0.877029 0.333705 -0.345632 11.017787
2909 13 5 11
-0.824611 0.305928 -0.475841 8.443866
1389 13 6 5
-0.867449 0.194622 0.457881 10.639546
1645 13 6 6
-0.928682 0.190484 0.318224 13.528870
1901 13 6 7
-0.971540 0.181648 0.152033 15.502221
2157 13 6 8
-0.985325 0.168176 -0.029175 16.044182
2413 13 6 9
-0.966513 0.151545 -0.207093 15.016564
2669 13 6 10
-0.921265 0.134136 -0.365072 12.710457
2925 13 6 11
-0.860867 0.118019 -0.494954 9.716444
3181 13 6 12
-0.795521 0.104231 -0.596894 6.689840
1405 13 7 5
-0.896845 0.016497 0.442036 11.379053
1661 13 7 6
-0.954233 -0.004933 0.299023 14.284768
1917 13 7 7
-0.990818 -0.027447 0.132386 16.178619
2173 13 7 8
-0.997808 -0.047855 -0.045696 16.575928
2429 13 7 9
-0.973865 -0.063224 -0.218150 15.386174
2685 13 7 10
-0.925984 -0.072199 -0.370595 12.940404
2941 13 7 11
-0.864803 -0.075250 -0.496441 9.847318
3197 13 7 12
-0.799472 -0.073892 -0.596141 6.760218
1421 13 8 5
-0.899257 -0.153075 0.409763 10.879984
1677 13 8 6
-0.945704 -0.186748 0.266025 13.471284
1933 13 8 7
-0.970410 -0.217659 0.104538 15.056889
2189 13 8 8
-0.968434 -0.241209 -0.062873 15.240636
2445 13 8 9
-0.941177 -0.254376 -0.222440 13.997233
2701 13 8 10
-0.895382 -0.256819 -0.363779 11.668303
2957 13 8 11
-0.839373 -0.250402 -0.482444 8.816782
3213 13 8 12
-0.779952 -0.237910 -0.578855 6.020251
1437 13 9 5
-0.880625 -0.299006 0.367553 9.340388
1693 13 9 6
-0.913786 -0.337415 0.226157 11.399376
1949 13 9 7
-0.926063 -0.370106 0.073682 12.556195
2205 13 9 8
-0.916114 -0.392988 -0.079347 12.530147
2461 13 9 9
-0.887209 -0.403942 -0.222917 11.356706
2717 13 9 10
-0.845303 -0.403211 -0.350549 9.356011
2973 13 9 11
-0.796402 -0.392735 -0.459895 6.998165
1902 14 6 7
-0.982013 0.136353 0.130605 8.468107
2158 14 6 8
-0.991773 0.125847 -0.023419 8.782376
2414 14 6 9
-0.977772 0.114454 -0.175676 8.207668
2670 14 6 10
-0.943371 0.103253 -0.315263 6.911830
1918 14 7 7
-0.992508 -0.040400 0.115307 8.745269
2174 14 7 8
-0.997807 -0.055840 -0.035535 8.986764
2430 14 7 9
-0.980744 -0.067060 -0.183421 8.337036
2686 14 7 10
-0.944989 -0.073346 -0.318773 6.982232
2190 14 8 8
-0.974032 -0.221094 -0.048774 8.155116
2446 14 8 9
-0.954522 -0.231773 -0.187533 7.493878
