2.000000
48 48 48
5.373781 -24.995099 56.837493
-42.626221 -72.995102 8.837493
127.084904 5612.747397 1561.878091
53913 9 19 23
0.882865 0.204257 0.422880 31.356668
56266 10 20 24
0.966470 -0.093872 0.239008 55.528229
58570 10 20 25
0.994122 -0.085260 -0.066717 57.253475
56219 11 19 24
0.856740 0.303480 0.417009 74.120361
56267 11 20 24
0.909975 -0.065296 0.409490 77.005402
58571 11 20 25
0.996643 -0.060304 0.055365 82.709068
60875 11 20 26
0.979042 -0.033873 -0.200822 80.248734
54011 11 21 23
0.690388 -0.352583 0.631704 58.831089
56315 11 21 24
0.852261 -0.375150 0.364572 71.218803
56220 12 19 24
0.692262 0.375527 0.616241 93.305107
56268 12 20 24
0.782216 -0.008765 0.622945 98.054611
58572 12 20 25
0.970522 -0.012010 0.240713 109.128265
60876 12 20 26
0.992854 0.009915 -0.118920 110.413666
56316 12 21 24
0.758040 -0.355377 0.546884 92.910225
65245 13 15 28
0.423135 0.824962 -0.374693 40.816372
65293 13 16 28
0.508764 0.730679 -0.455265 59.646400
63037 13 17 27
0.615012 0.739716 -0.273096 90.909302
56221 13 19 24
0.426385 0.448627 0.785448 107.869850
58525 13 19 25
0.688927 0.518428 0.506569 124.216591
60829 13 19 26
0.873629 0.486582 -0.003333 130.027405
56269 13 20 24
0.547066 0.079359 0.833319 114.916298
58573 13 20 25
0.843821 0.082344 0.530269 131.086807
60877 13 20 26
0.995206 0.097797 -0.000368 136.720596
63181 13 20 27
0.908599 0.136683 -0.394672 131.265610
56317 13 21 24
0.586242 -0.316583 0.745718 111.565300
56365 13 22 24
0.555170 -0.545685 0.627705 98.653954
65246 14 15 28
0.220915 0.905345 -0.362693 48.120914
62990 14 16 27
0.260135 0.953671 -0.151135 79.227249
65294 14 16 28
0.295008 0.838837 -0.457519 70.639992
63038 14 17 27
0.346038 0.908001 -0.236202 104.584343
65342 14 17 28
0.369618 0.731824 -0.572553 92.958870
53870 14 18 23
0.049342 0.577549 0.814863 74.570351
60782 14 18 26
0.327713 0.920266 0.213809 127.722549
63086 14 18 27
0.449280 0.815130 -0.365664 125.928551
65390 14 18 28
0.428550 0.588465 -0.685605 111.842834
58526 14 19 25
0.233799 0.646896 0.725854 134.562836
60830 14 19 26
0.506760 0.830907 0.229757 144.002502
63134 14 19 27
0.572002 0.637479 -0.516173 140.978012
65438 14 19 28
0.470489 0.442231 -0.763591 125.883270
58574 14 20 25
0.397374 0.242514 0.885032 143.353867
60878 14 20 26
0.866172 0.391065 0.311148 152.137680
63182 14 20 27
0.732820 0.336563 -0.591355 149.242172
65486 14 20 28
0.533435 0.318736 -0.783489 135.387131
56318 14 21 24
0.316131 -0.259019 0.912672 123.492027
63230 14 21 27
0.902777 -0.097991 -0.418799 151.037308
65534 14 21 28
0.681924 0.180173 -0.708885 140.948456
67838 14 21 29
0.564825 0.358401 -0.743318 124.055756
56366 14 22 24
0.342842 -0.544739 0.765323 112.236023
58670 14 22 25
0.455713 -0.613833 0.644620 131.229782
60974 14 22 26
0.665989 -0.624649 0.407764 143.103394
63278 14 22 27
0.898140 -0.438446 -0.033303 146.748825
65582 14 22 28
0.894854 -0.056707 -0.442743 142.313522
67886 14 22 29
0.775761 0.251756 -0.578631 131.604584
70190 14 22 30
0.703347 0.464458 -0.538128 118.096748
61022 14 23 26
0.610322 -0.645030 0.459830 128.448105
63326 14 23 27
0.813189 -0.537562 0.223048 136.993683
65630 14 23 28
0.949124 -0.305086 -0.078009 138.583527
67934 14 23 29
0.958142 -0.024146 -0.285274 134.312805
70238 14 23 30
0.918597 0.216430 -0.330663 126.843452
72542 14 23 31
0.885397 0.390401 -0.252308 119.463524
79454 14 23 34
0.892359 0.417014 -0.172609 108.458847
81758 14 23 35
0.877983 0.310406 -0.364410 100.752129
84062 14 23 36
0.808391 0.199096 -0.553954 86.670479
63374 14 24 27
0.776361 -0.540163 0.324788 123.007072
65678 14 24 28
0.893856 -0.433257 0.115364 129.229019
67982 14 24 29
0.953901 -0.296393 -0.047166 129.989258
70286 14 24 30
0.981568 -0.151519 -0.116475 127.512016
72590 14 24 31
0.994432 -0.019157 -0.103625 124.375519
74894 14 24 32
0.995095 0.070898 -0.068987 122.091927
77198 14 24 33
0.990337 0.095724 -0.100343 120.022919
79502 14 24 34
0.967802 0.060466 -0.244341 115.468903
81806 14 24 35
0.894333 -0.003285 -0.447389 105.398094
84110 14 24 36
0.788046 -0.058137 -0.612865 88.819237
79550 14 25 34
0.919260 -0.301512 -0.253084 111.645981
58431 15 17 25
-0.131704 0.824405 0.550464 94.161964
60735 15 17 26
-0.098838 0.949120 0.299002 106.633080
63039 15 17 27
-0.005306 0.989171 -0.146674 108.933113
65343 15 17 28
0.102381 0.830670 -0.547272 99.550911
60783 15 18 26
-0.162196 0.924493 0.344972 129.292313
63087 15 18 27
-0.038046 0.959343 -0.279668 130.430786
65391 15 18 28
0.110065 0.691628 -0.713818 119.018661
63135 15 19 27
-0.151577 0.847514 -0.508669 144.935349
65439 15 19 28
0.063393 0.517954 -0.853056 132.512741
63183 15 20 27
-0.351202 0.571731 -0.741472 152.793015
65487 15 20 28
-0.020789 0.395354 -0.918294 141.201660
56319 15 21 24
-0.003047 -0.191221 0.981542 127.175797
58623 15 21 25
-0.170348 -0.264785 0.949142 144.926941
60927 15 21 26
-0.505899 -0.371798 0.778353 154.712158
63231 15 21 27
-0.570351 0.076727 -0.817810 155.385284
65535 15 21 28
-0.067636 0.363635 -0.929083 147.034470
67839 15 21 29
0.084585 0.503348 -0.859934 131.892868
56367 15 22 24
0.085070 -0.533796 0.841323 118.097328
58671 15 22 25
0.018342 -0.606375 0.794968 136.764648
60975 15 22 26
-0.037639 -0.699629 0.713514 149.045303
63279 15 22 27
-0.028717 -0.972128 0.232685 153.810379
65583 15 22 28
0.167546 0.373440 -0.912399 150.846451
67887 15 22 29
0.207591 0.609666 -0.764992 141.623352
70191 15 22 30
0.269144 0.746450 -0.608584 129.554245
72495 15 22 31
0.354643 0.852888 -0.383159 119.008865
81711 15 22 35
0.715150 0.655101 -0.243726 109.734863
84015 15 22 36
0.700032 0.508460 -0.501422 99.059341
56415 15 23 24
0.158298 -0.637407 0.754092 101.573921
58719 15 23 25
0.168009 -0.651153 0.740116 122.156479
61023 15 23 26
0.237195 -0.652711 0.719519 138.463776
63327 15 23 27
0.481897 -0.619440 0.619733 148.682571
65631 15 23 28
0.992791 -0.118019 -0.020902 151.927551
67935 15 23 29
0.725964 0.482272 -0.490296 149.008026
70239 15 23 30
0.584440 0.672602 -0.453912 142.545731
72543 15 23 31
0.563187 0.773292 -0.291273 136.076019
79455 15 23 34
0.778792 0.611490 -0.139868 129.975983
81759 15 23 35
0.812242 0.412594 -0.412345 123.802475
84063 15 23 36
0.739188 0.228139 -0.633683 109.876656
61071 15 24 26
0.421506 -0.548195 0.722368 125.309700
63375 15 24 27
0.629204 -0.493183 0.600727 140.418854
65679 15 24 28
0.879129 -0.359254 0.313161 148.797089
67983 15 24 29
0.992182 -0.121988 -0.026343 150.888748
70287 15 24 30
0.976298 0.111046 -0.185772 148.962418
72591 15 24 31
0.944971 0.280708 -0.168027 145.928619
74895 15 24 32
0.930016 0.355319 -0.093906 143.769257
77199 15 24 33
0.942296 0.313094 -0.118534 142.181076
79503 15 24 34
0.932154 0.166922 -0.321287 138.394852
81807 15 24 35
0.824980 0.004230 -0.565147 128.837753
84111 15 24 36
0.700094 -0.089666 -0.708399 111.743080
63423 15 25 27
0.714094 -0.458412 0.529082 129.254578
65727 15 25 28
0.845926 -0.446573 0.291517 140.221390
70335 15 25 30
0.926094 -0.376577 -0.023214 145.310013
72639 15 25 31
0.940138 -0.337978 -0.043717 144.406769
74943 15 25 32
0.947464 -0.315585 -0.052142 143.404892
77247 15 25 33
0.933715 -0.325604 -0.148854 141.474365
79551 15 25 34
0.863359 -0.350425 -0.363061 135.951599
81855 15 25 35
0.737974 -0.350812 -0.576476 124.064644
84159 15 25 36
0.628825 -0.330766 -0.703685 105.118195
63471 15 26 27
0.764059 -0.469168 0.442825 115.274452
65775 15 26 28
0.834718 -0.504198 0.221426 126.074539
72687 15 26 31
0.819510 -0.572964 -0.010783 130.933823
74991 15 26 32
0.806392 -0.590879 -0.024372 130.494034
77295 15 26 33
0.787876 -0.605384 -0.112965 128.674942
79599 15 26 34
0.743590 -0.598817 -0.297476 122.789391
81903 15 26 35
0.662869 -0.552211 -0.505636 110.540230
84207 15 26 36
0.579010 -0.486755 -0.654077 91.884361
63519 15 27 27
0.787300 -0.498517 0.362822 98.895485
81951 15 27 35
0.627514 -0.653474 -0.423317 90.917061
84255 15 27 36
0.557539 -0.588262 -0.585746 74.535896
60736 16 17 26
-0.293656 0.891379 0.345269 100.934212
63040 16 17 27
-0.247103 0.968485 -0.031259 105.447464
65344 16 17 28
-0.108217 0.888036 -0.446858 99.273346
63088 16 18 27
-0.383101 0.916929 -0.111690 126.048546
65392 16 18 28
-0.154608 0.756428 -0.635542 118.335739
67696 16 18 29
0.063983 0.591896 -0.803471 101.551949
63136 16 19 27
-0.647759 0.710675 -0.274498 139.061493
65440 16 19 28
-0.279383 0.516425 -0.809475 130.250946
63184 16 20 27
-0.864232 0.340726 -0.370147 145.469543
54016 16 21 23
0.004319 -0.118500 0.992945 104.791893
56320 16 21 24
-0.246140 -0.130139 0.960458 124.553619
58624 16 21 25
-0.582828 -0.128590 0.802357 138.935883
81664 16 21 35
0.562311 0.815143 -0.139101 106.418251
83968 16 21 36
0.528356 0.737893 -0.419945 98.411728
54064 16 22 23
0.042854 -0.473577 0.879709 97.265335
56368 16 22 24
-0.105738 -0.509311 0.854062 117.650963
58672 16 22 25
-0.321305 -0.495894 0.806754 133.666092
60976 16 22 26
-0.646245 -0.371268 0.666729 144.333206
63280 16 22 27
-0.987403 0.070707 0.141549 148.812973
65584 16 22 28
-0.704783 0.540818 -0.459126 146.782898
67888 16 22 29
-0.388445 0.716234 -0.579758 139.445084
70192 16 22 30
-0.188842 0.845740 -0.499061 129.939331
81712 16 22 35
0.600505 0.774937 -0.197146 125.944878
84016 16 22 36
0.598234 0.591604 -0.540482 117.019142
86320 16 22 37
0.537311 0.435580 -0.722196 99.072395
56416 16 23 24
0.040240 -0.596157 0.801859 104.040390
63328 16 23 27
-0.370626 0.023091 0.928495 149.229370
65632 16 23 28
-0.451921 0.887768 0.087382 152.972183
67936 16 23 29
-0.225430 0.912780 -0.340609 150.966553
70240 16 23 30
-0.115498 0.929316 -0.350760 145.710190
72544 16 23 31
-0.029169 0.976808 -0.212122 140.705719
81760 16 23 35
0.691294 0.578462 -0.433006 138.851807
84064 16 23 36
0.646306 0.266496 -0.715031 127.584198
86368 16 23 37
0.572375 0.131691 -0.809348 107.596642
63376 16 24 27
0.380097 -0.098949 0.919639 148.783554
67984 16 24 29
0.555507 0.831119 -0.025555 160.290161
70288 16 24 30
0.374143 0.882896 -0.283745 158.422089
72592 16 24 31
0.305040 0.922146 -0.237902 155.322678
81808 16 24 35
0.689029 0.031516 -0.724048 143.579239
84112 16 24 36
0.589505 -0.131973 -0.796911 128.902283
63424 16 25 27
0.630512 -0.227720 0.742023 145.787811
65728 16 25 28
0.847655 -0.193239 0.494106 158.012039
68032 16 25 29
0.979327 -0.153281 0.132000 162.809067
70336 16 25 30
0.987441 -0.102373 -0.120336 162.704987
72640 16 25 31
0.978523 -0.057806 -0.197868 160.689545
74944 16 25 32
0.975070 -0.070426 -0.210423 158.573044
77248 16 25 33
0.916640 -0.203190 -0.344217 156.029129
79552 16 25 34
0.736020 -0.350470 -0.579177 150.738266
81856 16 25 35
0.580184 -0.390189 -0.714940 139.844437
84160 16 25 36
0.512440 -0.379144 -0.770490 121.980934
63472 16 26 27
0.721159 -0.358249 0.592948 138.194473
65776 16 26 28
0.845574 -0.425608 0.322276 150.882446
68080 16 26 29
0.873333 -0.482031 0.070251 155.664658
70384 16 26 30
0.849643 -0.524300 -0.056712 155.573166
72688 16 26 31
0.823031 -0.561289 -0.087036 153.766388
74992 16 26 32
0.794607 -0.596870 -0.111110 151.654495
77296 16 26 33
0.745494 -0.627489 -0.224714 148.321472
79600 16 26 34
0.654509 -0.620802 -0.431536 141.283356
81904 16 26 35
0.550856 -0.566213 -0.613156 128.227905
84208 16 26 36
0.484264 -0.505716 -0.713960 108.775993
63520 16 27 27
0.746292 -0.465887 0.475392 125.148781
65824 16 27 28
0.820850 -0.530366 0.211939 136.454941
79648 16 27 34
0.649385 -0.685101 -0.330055 123.467163
81952 16 27 35
0.566094 -0.642813 -0.516071 110.248894
84256 16 27 36
0.491419 -0.580969 -0.648831 91.322220
63568 16 28 27
0.745159 -0.533792 0.399754 107.856750
84304 16 28 36
0.512659 -0.626548 -0.587042 71.835388
68320 16 31 29
0.846429 -0.524713 0.090741 66.573318
70624 16 31 30
0.885569 -0.463263 -0.033990 67.324142
63041 17 17 27
-0.320462 0.944734 0.069146 98.138878
65345 17 17 28
-0.203605 0.930724 -0.303804 95.222000
67649 17 17 29
-0.030260 0.842317 -0.538133 84.456276
63089 17 18 27
-0.435622 0.898919 0.046670 118.211433
65393 17 18 28
-0.241391 0.846461 -0.474588 114.288193
67697 17 18 29
0.027027 0.709750 -0.703935 102.413467
65441 17 19 28
-0.345292 0.585380 -0.733555 125.315483
67745 17 19 29
0.040315 0.479690 -0.876511 113.353905
53969 17 20 23
-0.066421 0.424090 0.903181 101.221832
79313 17 20 34
0.604846 0.795942 0.025235 100.650848
81617 17 20 35
0.504331 0.837012 -0.212277 98.251976
51713 17 21 22
0.102551 -0.135393 0.985470 84.363335
54017 17 21 23
-0.056357 -0.111102 0.992210 104.226051
56321 17 21 24
-0.316588 -0.059089 0.946721 119.819450
79361 17 21 34
0.532409 0.820865 0.206690 118.715599
81665 17 21 35
0.498627 0.855204 -0.141414 119.520943
54065 17 22 23
0.013252 -0.473218 0.880846 97.768356
56369 17 22 24
-0.109816 -0.453280 0.884578 115.183784
79409 17 22 34
0.306149 0.875914 0.372890 133.302887
81713 17 22 35
0.463483 0.880406 -0.100340 135.703064
84017 17 22 36
0.461820 0.677038 -0.573011 129.254425
86321 17 22 37
0.407980 0.501789 -0.762732 112.767632
88625 17 22 38
0.372048 0.403943 -0.835710 88.846138
54113 17 23 23
0.114403 -0.558657 0.821471 85.091843
70241 17 23 30
-0.309567 0.912006 -0.269098 141.126617
79457 17 23 34
-0.034747 0.935583 0.351392 144.700424
81761 17 23 35
0.426973 0.851467 -0.304464 145.707520
84065 17 23 36
0.519472 0.329481 -0.788410 138.634415
86369 17 23 37
0.472070 0.166425 -0.865709 121.789108
88673 17 23 38
0.437466 0.120422 -0.891135 97.121483
70289 17 24 30
-0.162481 0.955629 -0.245712 158.515793
79505 17 24 34
-0.260868 0.958447 -0.115447 152.770325
81809 17 24 35
0.370709 0.153829 -0.915921 149.633224
84113 17 24 36
0.465757 -0.177618 -0.866904 139.543015
86417 17 24 37
0.470962 -0.195255 -0.860273 121.162445
88721 17 24 38
0.459888 -0.170845 -0.871387 96.171669
68033 17 25 29
0.716640 0.697435 0.003323 172.690277
70337 17 25 30
0.460744 0.806126 -0.371317 170.708878
72641 17 25 31
0.231153 0.865879 -0.443646 166.875000
63473 17 26 27
0.686240 -0.194615 0.700857 157.186203
65777 17 26 28
0.874454 -0.242516 0.420139 169.954666
68081 17 26 29
0.952062 -0.304800 0.025981 173.778854
70385 17 26 30
0.909871 -0.346128 -0.228758 172.089188
72689 17 26 31
0.870844 -0.376382 -0.316176 168.450439
74993 17 26 32
0.830318 -0.417475 -0.369170 164.611679
77297 17 26 33
0.713627 -0.481472 -0.508844 160.013977
79601 17 26 34
0.542484 -0.516926 -0.662193 152.572403
63521 17 27 27
0.695854 -0.421053 0.581809 148.190018
65825 17 27 28
0.810465 -0.514485 0.280094 160.647995
72737 17 27 31
0.781726 -0.606172 -0.146490 158.509186
79649 17 27 34
0.620191 -0.623654 -0.475834 141.070984
81953 17 27 35
0.509056 -0.588326 -0.628279 126.441872
84257 17 27 36
0.436325 -0.552736 -0.710003 106.258827
61265 17 28 26
0.565216 -0.454664 0.688340 111.297752
63569 17 28 27
0.683243 -0.536100 0.495758 132.475830
65873 17 28 28
0.776173 -0.591741 0.217710 144.178314
63617 17 29 27
0.674856 -0.578432 0.458242 113.148994
65921 17 29 28
0.773496 -0.594740 0.219064 124.766785
68273 17 30 29
0.839425 -0.538289 0.074904 110.428024
68321 17 31 29
0.807437 -0.571490 0.146439 92.480919
63042 18 17 27
-0.312537 0.940091 0.136197 90.189095
65346 18 17 28
-0.232863 0.958938 -0.161904 89.877472
63090 18 18 27
-0.342515 0.924398 0.167847 111.061317
65394 18 18 28
-0.206789 0.944263 -0.256135 110.329338
67698 18 18 29
0.015935 0.862411 -0.505958 102.914589
65442 18 19 28
-0.116530 0.840885 -0.528519 122.621956
67746 18 19 29
0.217723 0.643877 -0.733498 115.101753
70050 18 19 30
0.475710 0.647739 -0.595092 105.830536
74658 18 19 32
0.655014 0.754849 -0.034065 96.837730
76962 18 19 33
0.592233 0.805535 -0.019336 96.642982
51666 18 20 22
-0.008071 0.331786 0.943320 83.925774
53970 18 20 23
-0.158387 0.495408 0.854098 99.458908
79314 18 20 34
0.585208 0.810786 -0.012526 114.402626
81618 18 20 35
0.419091 0.852442 -0.312578 110.547096
51714 18 21 22
-0.009645 -0.149692 0.988686 85.483147
54018 18 21 23
-0.110840 -0.060526 0.991994 102.897186
56322 18 21 24
-0.207831 0.107676 0.972220 116.348923
79362 18 21 34
0.570833 0.759835 0.311128 127.967400
81666 18 21 35
0.427129 0.881202 -0.202593 128.690033
51762 18 22 22
0.048187 -0.425050 0.903886 78.885315
54066 18 22 23
0.044748 -0.387939 0.920598 98.314857
84018 18 22 36
0.268602 0.744920 -0.610694 135.971497
86322 18 22 37
0.234609 0.567830 -0.789004 121.281639
88626 18 22 38
0.223961 0.472259 -0.852533 98.155396
79458 18 23 34
-0.359539 0.641581 0.677573 142.489868
81762 18 23 35
-0.179781 0.937993 0.296393 146.780502
84066 18 23 36
0.292894 0.447435 -0.844994 143.819046
86370 18 23 37
0.315496 0.241844 -0.917591 130.775116
88674 18 23 38
0.305483 0.189726 -0.933105 108.205132
79506 18 24 34
-0.624933 0.735267 0.262377 148.817795
84114 18 24 36
0.288941 -0.218567 -0.932063 144.676727
86418 18 24 37
0.368460 -0.200221 -0.907826 131.020020
88722 18 24 38
0.364748 -0.153578 -0.918353 108.617584
70338 18 25 30
-0.002118 0.908032 -0.418895 172.488419
72642 18 25 31
-0.192981 0.902698 -0.384572 166.043839
63474 18 26 27
0.706941 -0.059635 0.704754 173.750900
65778 18 26 28
0.921109 0.026885 0.388375 184.204529
68082 18 26 29
0.952505 0.165728 -0.255475 185.293060
70386 18 26 30
0.674141 0.308422 -0.671126 181.003738
72690 18 26 31
0.430081 0.481068 -0.763940 175.209793
74994 18 26 32
0.247818 0.596800 -0.763162 169.795029
77298 18 26 33
0.166239 0.437410 -0.883763 164.417633
61218 18 27 26
0.552163 -0.311002 0.773559 145.196564
63522 18 27 27
0.665559 -0.390666 0.635934 167.653351
65826 18 27 28
0.802754 -0.507217 0.313554 179.172058
68130 18 27 29
0.820204 -0.564750 -0.091229 181.103073
70434 18 27 30
0.776928 -0.556239 -0.294925 177.780121
72738 18 27 31
0.776233 -0.532193 -0.337983 173.183167
75042 18 27 32
0.770223 -0.500704 -0.395034 168.605362
77346 18 27 33
0.668455 -0.485663 -0.563293 162.678925
79650 18 27 34
0.498783 -0.491911 -0.713610 153.058746
81954 18 27 35
0.384974 -0.511224 -0.768405 138.198151
61266 18 28 26
0.535665 -0.438820 0.721457 131.379959
63570 18 28 27
0.631765 -0.535242 0.560704 153.757324
65874 18 28 28
0.731948 -0.627101 0.266453 165.772079
79698 18 28 34
0.555469 -0.606961 -0.568377 140.969467
82002 18 28 35
0.426819 -0.589474 -0.685817 123.487061
84306 18 28 36
0.347882 -0.577353 -0.738675 101.154861
65922 18 29 28
0.729184 -0.624754 0.279235 148.410095
65970 18 30 28
0.718438 -0.617077 0.321034 129.457840
68274 18 30 29
0.800013 -0.588426 0.117189 136.109634
66018 18 31 28
0.668661 -0.651985 0.357502 108.551987
68322 18 31 29
0.744902 -0.638923 0.192090 117.637497
75234 18 31 32
0.733914 -0.598771 -0.320692 112.198982
77538 18 31 33
0.623071 -0.620424 -0.476294 99.821442
75282 18 32 32
0.634534 -0.697480 -0.332998 92.477699
75330 18 33 32
0.525108 -0.792920 -0.309095 69.888390
63043 19 17 27
-0.329934 0.929174 0.166673 81.994553
65347 19 17 28
-0.281557 0.957765 -0.058406 83.432945
63091 19 18 27
-0.314648 0.922049 0.225438 104.701912
65395 19 18 28
-0.234522 0.969201 -0.075154 106.361519
67699 19 18 29
-0.098193 0.952157 -0.289404 102.293625
74611 19 18 32
0.191088 0.976089 -0.103613 86.857285
63139 19 19 27
-0.218843 0.928816 0.299012 121.165184
65443 19 19 28
-0.043779 0.984354 -0.170678 122.181061
67747 19 19 29
0.164785 0.872268 -0.460428 117.890541
70051 19 19 30
0.325963 0.855109 -0.403159 111.821777
72355 19 19 31
0.415009 0.897916 -0.146679 107.860771
74659 19 19 32
0.401991 0.915254 0.026697 107.217804
76963 19 19 33
0.343543 0.938740 -0.027301 107.538101
51667 19 20 22
-0.271989 0.342786 0.899177 81.598167
53971 19 20 23
-0.352378 0.525904 0.774115 95.521881
77011 19 20 33
0.579465 0.770345 0.266061 122.706749
79315 19 20 34
0.403756 0.909092 -0.102632 124.005341
81619 19 20 35
0.218559 0.871571 -0.438857 118.372940
51715 19 21 22
-0.193792 -0.087568 0.977127 83.640953
54019 19 21 23
-0.222677 0.096740 0.970081 100.400154
79363 19 21 34
0.537856 0.739915 0.404026 134.259094
81667 19 21 35
0.223193 0.902318 -0.368790 133.813263
54067 19 22 23
0.051691 -0.157447 0.986174 99.364670
86323 19 22 37
0.001461 0.606276 -0.795253 124.235947
88627 19 22 38
0.033681 0.527194 -0.849077 102.145294
86371 19 23 37
0.021730 0.345270 -0.938252 134.146866
88675 19 23 38
0.089245 0.277209 -0.956656 113.772995
86419 19 24 37
0.108077 -0.166305 -0.980134 135.667953
88723 19 24 38
0.167265 -0.107367 -0.980048 116.010216
91027 19 24 39
0.174285 -0.072904 -0.981993 88.901039
70339 19 25 30
-0.067054 0.846567 -0.528042 171.650955
72643 19 25 31
-0.239817 0.868336 -0.434144 161.949219
86467 19 25 37
0.164107 -0.474003 -0.865095 129.681198
88771 19 25 38
0.206438 -0.401520 -0.892281 109.008698
63475 19 26 27
0.797151 -0.014054 0.603617 189.407562
65779 19 26 28
0.968974 0.241828 0.051070 195.215683
68083 19 26 29
0.485134 0.517418 -0.704928 191.801132
70387 19 26 30
0.034499 0.626861 -0.778367 183.844574
72691 19 26 31
-0.200430 0.739549 -0.642569 175.449966
61219 19 27 26
0.590691 -0.320907 0.740340 164.841812
63523 19 27 27
0.684155 -0.408303 0.604336 184.394928
65827 19 27 28
0.807880 -0.554991 0.198277 192.421417
68131 19 27 29
0.691786 -0.568381 -0.445392 191.145065
70435 19 27 30
0.454742 -0.420879 -0.784902 185.408981
72739 19 27 31
0.273116 -0.202371 -0.940454 179.205765
75043 19 27 32
0.063655 0.039621 -0.997185 173.554123
77347 19 27 33
-0.050810 -0.017290 -0.998559 166.946014
79651 19 27 34
-0.030611 -0.249728 -0.967832 157.243927
81955 19 27 35
0.038739 -0.438739 -0.897779 143.161880
61267 19 28 26
0.558774 -0.434372 0.706464 151.339401
63571 19 28 27
0.624253 -0.543853 0.560832 172.008453
65875 19 28 28
0.692518 -0.682499 0.233695 181.726700
77395 19 28 33
0.293433 -0.650215 -0.700798 162.300278
79699 19 28 34
0.163673 -0.588855 -0.791493 149.899612
82003 19 28 35
0.116722 -0.578002 -0.807645 131.606735
84307 19 28 36
0.114623 -0.590634 -0.798757 108.811150
65923 19 29 28
0.699151 -0.656576 0.283010 167.295990
68227 19 29 29
0.727549 -0.685825 -0.017790 170.098724
79747 19 29 34
0.215102 -0.674408 -0.706332 135.088013
65971 19 30 28
0.682733 -0.649394 0.334906 150.586258
68275 19 30 29
0.736231 -0.668947 0.102343 156.219818
77491 19 30 33
0.342426 -0.720345 -0.603198 133.829224
79795 19 30 34
0.217567 -0.688105 -0.692226 115.672600
66019 19 31 28
0.610554 -0.703145 0.364433 130.054977
68323 19 31 29
0.648494 -0.737542 0.188380 138.574463
70627 19 31 30
0.653488 -0.756726 -0.017857 140.905243
72931 19 31 31
0.584256 -0.771225 -0.252698 137.816528
75235 19 31 32
0.442121 -0.763017 -0.471522 129.092834
77539 19 31 33
0.298667 -0.728689 -0.616288 114.277794
79843 19 31 34
0.198513 -0.692839 -0.693229 94.209152
72979 19 32 31
0.453895 -0.866733 -0.206768 116.852150
75283 19 32 32
0.350294 -0.827731 -0.438356 107.585167
77587 19 32 33
0.247120 -0.765948 -0.593511 91.982414
73027 19 33 31
0.344005 -0.925980 -0.155631 90.172462
75331 19 33 32
0.273685 -0.884365 -0.378148 81.977028
53876 20 18 23
-0.429441 0.822879 0.372089 59.148777
56180 20 18 24
-0.435946 0.813034 0.385910 67.468536
58484 20 18 25
-0.427095 0.801796 0.417987 77.347801
60788 20 18 26
-0.417919 0.824298 0.381939 87.947762
63092 20 18 27
-0.403857 0.883152 0.238626 96.302734
65396 20 18 28
-0.360816 0.932385 0.021687 99.665222
51620 20 19 22
-0.488937 0.637699 0.595215 65.031898
53924 20 19 23
-0.511150 0.713964 0.478519 75.432579
58532 20 19 25
-0.427718 0.753965 0.498591 96.419579
60836 20 19 26
-0.384358 0.792643 0.473272 107.841072
63140 20 19 27
-0.347037 0.882677 0.316933 116.588898
65444 20 19 28
-0.279172 0.960109 0.015905 119.875076
72356 20 19 31
-0.100699 0.990338 -0.095340 110.341347
74660 20 19 32
-0.100818 0.994465 0.029571 110.021172
76964 20 19 33
-0.101651 0.993987 -0.040709 110.222557
79268 20 19 34
-0.097101 0.963173 -0.250738 106.888130
49364 20 20 21
-0.408021 0.199169 0.890983 59.040165
51668 20 20 22
-0.509252 0.359428 0.781968 74.473175
53972 20 20 23
-0.522939 0.530594 0.667087 87.781693
60884 20 20 26
-0.231273 0.794940 0.560877 123.815300
63188 20 20 27
-0.109031 0.927362 0.357927 131.555466
65492 20 20 28
0.070232 0.989275 -0.128072 133.287354
72404 20 20 31
0.249918 0.965273 -0.076089 121.738472
74708 20 20 32
0.074544 0.926374 0.369154 123.250008
77012 20 20 33
-0.042982 0.971369 0.233654 126.526802
79316 20 20 34
-0.105170 0.974336 -0.199018 126.678146
81620 20 20 35
-0.122900 0.849941 -0.512343 119.595406
83924 20 20 36
-0.125847 0.751708 -0.647378 104.429482
49412 20 21 21
-0.301874 -0.080522 0.949941 59.946659
51716 20 21 22
-0.358966 0.069814 0.930736 78.299896
60932 20 21 26
0.106981 0.820897 0.560966 137.399719
63236 20 21 27
0.351771 0.915595 0.194788 143.297226
65540 20 21 28
0.542102 0.744685 -0.389319 142.213715
74756 20 21 32
0.461670 -0.100839 0.881302 126.423370
77060 20 21 33
0.116892 0.148562 0.981970 131.980988
79364 20 21 34
-0.231068 0.917570 0.323532 136.081039
81668 20 21 35
-0.254376 0.805981 -0.534497 133.826950
83972 20 21 36
-0.213748 0.697166 -0.684303 123.007866
60980 20 22 26
0.425903 0.776830 0.463834 151.229614
63284 20 22 27
0.567506 0.823369 -0.000278 155.622620
86324 20 22 37
-0.270234 0.582930 -0.766268 121.151123
58724 20 23 25
0.480265 0.477160 0.735978 151.671265
61028 20 23 26
0.591128 0.681518 0.431394 166.411255
63332 20 23 27
0.611783 0.789456 -0.049814 170.765274
86372 20 23 37
-0.378973 0.380273 -0.843666 131.214111
88676 20 23 38
-0.206922 0.337131 -0.918437 112.394661
56468 20 24 24
0.493916 0.151913 0.856137 135.823776
58772 20 24 25
0.588746 0.299766 0.750679 162.849167
61076 20 24 26
0.690962 0.520647 0.501497 180.913269
63380 20 24 27
0.671085 0.741380 -0.001074 187.026459
86420 20 24 37
-0.406159 -0.086613 -0.909688 133.780899
88724 20 24 38
-0.176036 -0.043195 -0.983436 116.193230
91028 20 24 39
-0.078762 -0.023748 -0.996611 90.486458
58820 20 25 25
0.629367 0.081402 0.772833 169.128784
61124 20 25 26
0.745925 0.231194 0.624616 190.489731
63428 20 25 27
0.826347 0.541231 0.155623 199.477173
65732 20 25 28
0.476303 0.715383 -0.511236 196.285889
86468 20 25 37
-0.275010 -0.474919 -0.835955 129.088196
88772 20 25 38
-0.106532 -0.395787 -0.912142 110.663841
91076 20 25 39
-0.033757 -0.322165 -0.946082 85.332748
58868 20 26 25
0.622659 -0.138256 0.770182 167.966873
61172 20 26 26
0.709950 -0.126389 0.692818 191.695282
63476 20 26 27
0.915173 -0.049913 0.399959 203.579926
65780 20 26 28
0.726499 0.258830 -0.636559 203.291245
68084 20 26 29
0.058258 0.409481 -0.910457 194.418564
70388 20 26 30
-0.223289 0.535230 -0.814660 182.265152
72692 20 26 31
-0.387441 0.664605 -0.638897 171.007462
86516 20 26 37
-0.178111 -0.593361 -0.784984 118.244484
88820 20 26 38
-0.063220 -0.562599 -0.824309 97.595459
68132 20 27 29
0.125701 -0.369307 -0.920767 195.015198
70436 20 27 30
-0.275388 -0.075677 -0.958350 185.745239
72740 20 27 31
-0.559209 0.182222 -0.808752 177.111359
75044 20 27 32
-0.689564 0.297094 -0.660483 169.764236
77348 20 27 33
-0.708644 0.197728 -0.677294 162.087006
79652 20 27 34
-0.636556 -0.068763 -0.768159 152.223434
81956 20 27 35
-0.468271 -0.365997 -0.804219 139.189713
84260 20 27 36
-0.280664 -0.552549 -0.784804 122.674309
86564 20 27 37
-0.140898 -0.621173 -0.770903 102.717056
88868 20 27 38
-0.054366 -0.622088 -0.781058 80.130386
75092 20 28 32
-0.569239 -0.446061 -0.690649 168.883499
77396 20 28 33
-0.535656 -0.420005 -0.732577 160.178055
79700 20 28 34
-0.431377 -0.463556 -0.773970 146.984726
82004 20 28 35
-0.320779 -0.533124 -0.782866 128.952866
84308 20 28 36
-0.217773 -0.595933 -0.772941 107.380974
86612 20 28 37
-0.130102 -0.633317 -0.762878 84.202499
63620 20 29 27
0.664009 -0.566154 0.488428 174.112000
65924 20 29 28
0.704405 -0.695150 0.143459 181.601059
77444 20 29 33
-0.321975 -0.645232 -0.692826 150.531982
79748 20 29 34
-0.288233 -0.612867 -0.735742 133.983109
82052 20 29 35
-0.237221 -0.611685 -0.754697 112.418892
84356 20 29 36
-0.181766 -0.626831 -0.757657 88.350182
63668 20 30 27
0.631303 -0.603289 0.487338 157.383667
65972 20 30 28
0.668035 -0.701138 0.249268 167.828629
75188 20 30 32
-0.124934 -0.750847 -0.648552 149.907944
77492 20 30 33
-0.199297 -0.691658 -0.694183 135.502487
79796 20 30 34
-0.204814 -0.655854 -0.726571 115.720596
82100 20 30 35
-0.185822 -0.641653 -0.744145 92.200592
63716 20 31 27
0.550843 -0.692777 0.465437 135.344284
66020 20 31 28
0.549024 -0.780482 0.299033 148.314056
68324 20 31 29
0.506025 -0.859502 0.072078 153.495392
75236 20 31 32
-0.047467 -0.787248 -0.614807 133.879074
77540 20 31 33
-0.128846 -0.715442 -0.686688 116.569374
79844 20 31 34
-0.152306 -0.673585 -0.723247 94.796715
82148 20 31 35
-0.150402 -0.653548 -0.741791 71.268959
68372 20 32 29
0.362779 -0.920501 0.145152 128.993774
70676 20 32 30
0.259376 -0.962528 -0.079147 130.178101
72980 20 32 31
0.112817 -0.934703 -0.337050 124.605019
75284 20 32 32
-0.014772 -0.844387 -0.535530 112.317810
77588 20 32 33
-0.086362 -0.757485 -0.647115 94.305679
70724 20 33 30
0.181408 -0.983343 -0.011322 100.634636
73028 20 33 31
0.085566 -0.967077 -0.239666 96.743027
75332 20 33 32
-0.001890 -0.895124 -0.445813 86.011223
77636 20 33 33
-0.059777 -0.808844 -0.584976 70.058479
51621 21 19 22
-0.626827 0.595649 0.502285 54.149734
53925 21 19 23
-0.625792 0.658348 0.418285 63.219242
63141 21 19 27
-0.511354 0.806938 0.295581 106.386078
65445 21 19 28
-0.498895 0.862840 0.081309 111.373550
51669 21 20 22
-0.594920 0.429386 0.679483 63.855007
60885 21 20 26
-0.431814 0.763099 0.480849 116.346840
63189 21 20 27
-0.430028 0.841863 0.326102 126.305794
65493 21 20 28
-0.427058 0.903934 0.022901 130.086655
67797 21 20 29
-0.410026 0.865928 -0.286438 127.754166
70101 21 20 30
-0.452019 0.816143 -0.359984 122.621796
72405 21 20 31
-0.566715 0.812969 -0.133845 119.085701
74709 21 20 32
-0.611577 0.780911 0.127090 119.301994
77013 21 20 33
-0.598111 0.796531 0.088322 121.345512
79317 21 20 34
-0.543376 0.816118 -0.196707 120.496712
81621 21 20 35
-0.444343 0.758848 -0.476140 112.684402
83925 21 20 36
-0.361360 0.691751 -0.625219 97.224327
51717 21 21 22
-0.403202 0.281012 0.870896 70.590225
60933 21 21 26
-0.239194 0.836597 0.492841 135.736206
63237 21 21 27
-0.209471 0.945615 0.248866 143.952286
65541 21 21 28
-0.153676 0.962585 -0.223189 144.587723
67845 21 21 29
-0.099998 0.750990 -0.652698 138.721161
72453 21 21 31
-0.575603 0.608681 -0.546067 125.309547
74757 21 21 32
-0.802282 0.368861 0.469346 125.489830
77061 21 21 33
-0.788492 0.380346 0.483339 129.235306
79365 21 21 34
-0.814940 0.578229 -0.039043 131.427155
81669 21 21 35
-0.616007 0.609929 -0.498520 127.232590
83973 21 21 36
-0.468527 0.594357 -0.653622 114.930183
60981 21 22 26
0.020646 0.894601 0.446388 155.854919
63285 21 22 27
0.080117 0.995427 0.052022 161.546783
65589 21 22 28
0.142593 0.867506 -0.476550 157.988266
81717 21 22 35
-0.894708 0.285743 -0.343291 133.454605
58725 21 23 25
0.222513 0.671249 0.707045 161.477188
61029 21 23 26
0.251280 0.874438 0.414991 176.461823
63333 21 23 27
0.257745 0.960167 -0.107923 180.136642
88677 21 23 38
-0.482595 0.331308 -0.810763 103.350815
56469 21 24 24
0.362733 0.319521 0.875403 151.216019
58773 21 24 25
0.409015 0.483439 0.773947 178.313660
61077 21 24 26
0.456235 0.751027 0.477292 194.560242
63381 21 24 27
0.371165 0.907147 -0.198295 197.635788
88725 21 24 38
-0.520839 0.003140 -0.853649 107.870224
91029 21 24 39
-0.361635 0.013691 -0.932219 84.312721
58821 21 25 25
0.534079 0.185568 0.824818 188.182541
61125 21 25 26
0.661298 0.393227 0.638794 205.809753
63429 21 25 27
0.589944 0.762714 -0.265017 209.710541
65733 21 25 28
0.107734 0.580636 -0.807004 201.353088
86469 21 25 37
-0.658118 -0.377822 -0.651253 120.233444
88773 21 25 38
-0.462431 -0.343360 -0.817473 103.507042
91077 21 25 39
-0.320305 -0.290188 -0.901774 80.338661
58869 21 26 25
0.583474 -0.121252 0.803029 188.910110
61173 21 26 26
0.704003 -0.153486 0.693413 207.669510
63477 21 26 27
0.977938 -0.137741 -0.157050 213.216599
65781 21 26 28
0.038410 0.130048 -0.990763 206.805222
68085 21 26 29
-0.220552 0.246434 -0.943730 193.040390
70389 21 26 30
-0.348371 0.386950 -0.853760 177.479248
72693 21 26 31
-0.453748 0.535477 -0.712304 163.991730
86517 21 26 37
-0.525358 -0.548018 -0.650903 109.805710
88821 21 26 38
-0.374233 -0.541688 -0.752678 91.458138
52005 21 27 22
0.547312 -0.150104 0.823358 87.885269
72741 21 27 31
-0.649780 0.161217 -0.742829 169.573746
75045 21 27 32
-0.756244 0.195422 -0.624424 160.008438
77349 21 27 33
-0.795628 0.088374 -0.599305 150.486862
79653 21 27 34
-0.780891 -0.116893 -0.613633 139.561630
81957 21 27 35
-0.702869 -0.345647 -0.621695 126.758438
84261 21 27 36
-0.573481 -0.520709 -0.632441 111.875023
86565 21 27 37
-0.433678 -0.607981 -0.665043 94.490875
52053 21 28 22
0.576450 -0.281101 0.767260 80.024849
75093 21 28 32
-0.744827 -0.231185 -0.625929 159.472076
77397 21 28 33
-0.727674 -0.286283 -0.623324 148.255432
79701 21 28 34
-0.664622 -0.372673 -0.647606 133.756012
82005 21 28 35
-0.581338 -0.474064 -0.661293 116.140556
84309 21 28 36
-0.482977 -0.567104 -0.667178 96.602783
86613 21 28 37
-0.379702 -0.628764 -0.678588 76.349480
63621 21 29 27
0.730807 -0.582940 0.355108 190.282822
65925 21 29 28
0.683715 -0.677695 -0.270673 191.883636
77445 21 29 33
-0.600259 -0.471060 -0.646368 139.343826
79749 21 29 34
-0.552418 -0.503194 -0.664552 121.402382
63669 21 30 27
0.646491 -0.654813 0.391497 176.111221
65973 21 30 28
0.639065 -0.769102 0.008865 181.246063
77493 21 30 33
-0.480049 -0.550715 -0.682836 125.628769
79797 21 30 34
-0.458501 -0.561102 -0.689160 104.641472
63717 21 31 27
0.505002 -0.773791 0.382389 154.209091
66021 21 31 28
0.456836 -0.877198 0.147733 162.712051
77541 21 31 33
-0.377889 -0.610683 -0.695893 108.291130
79845 21 31 34
-0.378948 -0.597184 -0.706944 85.694969
63765 21 32 27
0.370705 -0.859217 0.352597 123.562675
66069 21 32 28
0.302227 -0.932451 0.197974 134.100143
68373 21 32 29
0.193939 -0.981005 -0.004069 137.520309
70677 21 32 30
0.033502 -0.968031 -0.248583 133.966904
72981 21 32 31
-0.135226 -0.873313 -0.468015 123.850418
75285 21 32 32
-0.246603 -0.759696 -0.601706 107.912865
77589 21 32 33
-0.297474 -0.681418 -0.668715 87.768295
70725 21 33 30
0.005726 -0.992594 -0.121342 103.509102
73029 21 33 31
-0.106055 -0.936957 -0.332961 96.124901
65494 22 20 28
-0.623541 0.778957 0.066507 117.784576
67798 22 20 29
-0.644422 0.749660 -0.150765 116.618172
70102 22 20 30
-0.673650 0.701648 -0.232131 111.820473
72406 22 20 31
-0.726732 0.674432 -0.130393 107.605537
79318 22 20 34
-0.706319 0.688229 -0.165692 105.775406
81622 22 20 35
-0.628381 0.667048 -0.400230 97.976677
83926 22 20 36
-0.538752 0.626786 -0.562927 83.435707
65542 22 21 28
-0.565320 0.821376 -0.075858 137.182343
67846 22 21 29
-0.587741 0.719297 -0.370368 132.454514
70150 22 21 30
-0.639708 0.609591 -0.468160 124.538055
72454 22 21 31
-0.783429 0.557063 -0.275536 118.457428
79366 22 21 34
-0.849959 0.511926 -0.124505 119.376450
81670 22 21 35
-0.744449 0.516162 -0.423524 113.491707
83974 22 21 36
-0.627761 0.512594 -0.585802 100.298119
65590 22 22 28
-0.420673 0.846459 -0.326407 154.891983
67894 22 22 29
-0.395826 0.663412 -0.634986 145.277405
79414 22 22 34
-0.974785 0.220968 -0.031104 125.054619
81718 22 22 35
-0.870056 0.289914 -0.398688 121.672920
84022 22 22 36
-0.741722 0.360519 -0.565575 111.640594
54118 22 23 23
0.094492 0.496135 0.863088 113.150070
56422 22 23 24
0.024502 0.645261 0.763570 141.058762
63334 22 23 27
-0.286449 0.949757 -0.126132 179.532074
65638 22 23 28
-0.299215 0.782581 -0.545928 172.022705
67942 22 23 29
-0.253466 0.598845 -0.759697 157.686691
79462 22 23 34
-0.999156 -0.029961 0.028108 125.861977
81766 22 23 35
-0.947608 0.035657 -0.317438 124.089836
84070 22 23 36
-0.856531 0.155632 -0.492070 117.284714
88678 22 23 38
-0.658226 0.284141 -0.697139 87.507889
56470 22 24 24
0.175899 0.486171 0.855977 160.699478
58774 22 24 25
0.086414 0.684651 0.723730 185.421799
61078 22 24 26
-0.093076 0.937390 0.335614 198.397369
63382 22 24 27
-0.274739 0.901900 -0.333310 198.454391
65686 22 24 28
-0.293715 0.650401 -0.700507 187.605026
79510 22 24 34
-0.976504 0.042110 -0.211346 125.721024
81814 22 24 35
-0.947023 -0.124211 -0.296174 123.431412
88726 22 24 38
-0.713250 0.016113 -0.700725 91.824066
91030 22 24 39
-0.582123 0.029521 -0.812565 71.137657
56518 22 25 24
0.308060 0.249459 0.918079 173.382965
58822 22 25 25
0.264056 0.385831 0.883973 198.994644
61126 22 25 26
0.043026 0.828712 0.558019 211.743912
63430 22 25 27
-0.368997 0.696713 -0.615168 210.753555
65734 22 25 28
-0.370915 0.421068 -0.827722 198.779572
68038 22 25 29
-0.344783 0.390308 -0.853689 180.936615
86470 22 25 37
-0.791386 -0.293973 -0.535992 103.910866
88774 22 25 38
-0.681359 -0.275238 -0.678229 88.266289
91078 22 25 39
-0.554409 -0.246230 -0.794985 68.129272
56566 22 26 24
0.420299 -0.010178 0.907329 177.306610
58870 22 26 25
0.427105 -0.038409 0.903386 202.685623
61174 22 26 26
0.446246 -0.074293 0.891821 215.508041
63478 22 26 27
-0.406025 0.058402 -0.911994 214.845627
65782 22 26 28
-0.421857 0.105820 -0.900466 203.569550
68086 22 26 29
-0.432015 0.176675 -0.884392 186.980560
70390 22 26 30
-0.443717 0.291969 -0.847271 170.322021
86518 22 26 37
-0.693908 -0.473129 -0.542808 93.927948
88822 22 26 38
-0.595819 -0.478354 -0.645117 77.666512
52006 22 27 22
0.502011 -0.098863 0.859192 107.505997
54310 22 27 23
0.496827 -0.145817 0.855512 141.238358
56614 22 27 24
0.506760 -0.201756 0.838146 173.379135
58918 22 27 25
0.530152 -0.283897 0.798963 198.432892
61222 22 27 26
0.590683 -0.503964 0.630170 212.058487
63526 22 27 27
0.031553 -0.585859 -0.809799 212.867157
65830 22 27 28
-0.325630 -0.119705 -0.937889 203.288055
75046 22 27 32
-0.649156 0.056794 -0.758532 149.170639
77350 22 27 33
-0.693156 -0.086512 -0.715577 137.272552
84262 22 27 36
-0.671668 -0.496475 -0.549886 94.980515
86566 22 27 37
-0.602709 -0.561834 -0.566643 79.432388
52054 22 28 22
0.545865 -0.247890 0.800363 100.808243
54358 22 28 23
0.547508 -0.275209 0.790250 132.632507
56662 22 28 24
0.561882 -0.308176 0.767669 163.837677
58966 22 28 25
0.593660 -0.357964 0.720714 189.507111
61270 22 28 26
0.676955 -0.470600 0.565922 205.130341
63574 22 28 27
0.675457 -0.653315 -0.341960 208.514603
65878 22 28 28
-0.013022 -0.195749 -0.980568 201.224594
75094 22 28 32
-0.621752 -0.228964 -0.748999 147.434860
77398 22 28 33
-0.646993 -0.312237 -0.695635 132.925262
61318 22 29 26
0.673903 -0.490116 0.552849 195.686218
63622 22 29 27
0.784529 -0.615797 0.072863 202.593338
65926 22 29 28
0.422380 -0.395462 -0.815601 198.328308
59062 22 30 25
0.556768 -0.532985 0.637131 159.455933
61366 22 30 26
0.579099 -0.624763 0.523752 180.595963
63670 22 30 27
0.602909 -0.763094 0.232784 191.215927
65974 22 30 28
0.496552 -0.792674 -0.353701 190.763962
59110 22 31 25
0.467181 -0.669547 0.577450 134.286545
61414 22 31 26
0.440296 -0.768735 0.463881 156.033737
63718 22 31 27
0.393064 -0.881119 0.262928 169.282288
66022 22 31 28
0.302021 -0.952201 -0.045796 172.779221
61462 22 32 26
0.315512 -0.861307 0.398249 122.265617
63766 22 32 27
0.247084 -0.935149 0.253861 136.001495
66070 22 32 28
0.161819 -0.984215 0.071668 142.403961
68374 22 32 29
0.052554 -0.987410 -0.149194 141.255707
70678 22 32 30
-0.080467 -0.920095 -0.383342 133.003311
72982 22 32 31
-0.206679 -0.798887 -0.564857 118.446686
70726 22 33 30
-0.098705 -0.970606 -0.219501 101.724144
73030 22 33 31
-0.189412 -0.891857 -0.410748 91.053741
67799 23 20 29
-0.719018 0.688492 -0.094822 97.751221
70103 23 20 30
-0.738786 0.651454 -0.172634 93.598228
67847 23 21 29
-0.720914 0.656610 -0.221691 116.789886
70151 23 21 30
-0.749329 0.593772 -0.293156 109.876480
72455 23 21 31
-0.798745 0.571768 -0.187320 104.022697
79367 23 21 34
-0.836050 0.526384 -0.154726 101.059624
81671 23 21 35
-0.783459 0.493016 -0.378321 94.027290
83975 23 21 36
-0.708866 0.467428 -0.528223 80.883949
65591 23 22 28
-0.646330 0.734504 -0.206791 141.355148
67895 23 22 29
-0.667097 0.622675 -0.408972 133.168518
70199 23 22 30
-0.684650 0.559835 -0.466733 122.797653
79415 23 22 34
-0.896350 0.401292 -0.188471 111.128433
81719 23 22 35
-0.840153 0.341695 -0.421174 104.638924
84023 23 22 36
-0.771926 0.332591 -0.541769 92.316612
56423 23 23 24
-0.076449 0.769864 0.633612 139.922119
65639 23 23 28
-0.609419 0.677419 -0.411961 160.498550
67943 23 23 29
-0.590194 0.564406 -0.577164 147.672928
79463 23 23 34
-0.908759 0.269594 -0.318552 116.349510
81767 23 23 35
-0.863197 0.155361 -0.480369 109.874847
56471 23 24 24
0.013287 0.638954 0.769130 163.713181
58775 23 24 25
-0.211891 0.816221 0.537481 183.483215
65687 23 24 28
-0.609712 0.538743 -0.581384 176.453171
67991 23 24 29
-0.562895 0.471442 -0.678891 160.375671
79511 23 24 34
-0.795697 0.117038 -0.594280 118.584557
81815 23 24 35
-0.825921 -0.050466 -0.561523 110.821228
88727 23 24 38
-0.790810 0.014930 -0.611880 71.188774
56519 23 25 24
0.122864 0.416942 0.900591 180.130295
58823 23 25 25
-0.152653 0.645739 0.748143 200.274902
61127 23 25 26
-0.638795 0.769272 0.012707 207.156952
63431 23 25 27
-0.688124 0.477354 -0.546459 201.539902
65735 23 25 28
-0.632159 0.343336 -0.694619 187.431763
68039 23 25 29
-0.584861 0.343686 -0.734723 170.189575
70343 23 25 30
-0.523470 0.447348 -0.725162 154.544617
86471 23 25 37
-0.810925 -0.242820 -0.532390 83.326157
88775 23 25 38
-0.772414 -0.223655 -0.594436 68.331421
56567 23 26 24
0.270197 0.135633 0.953204 187.839005
58871 23 26 25
0.065261 0.234197 0.969996 207.561569
61175 23 26 26
-0.875218 0.478512 -0.070851 213.858032
63479 23 26 27
-0.681190 0.210061 -0.701323 207.619995
65783 23 26 28
-0.614220 0.179127 -0.768536 193.235916
68087 23 26 29
-0.587347 0.222298 -0.778208 176.408829
70391 23 26 30
-0.547488 0.322405 -0.772212 161.552292
86519 23 26 37
-0.738547 -0.415727 -0.530772 74.401146
88823 23 26 38
-0.705349 -0.412992 -0.576125 59.691475
52007 23 27 22
0.499641 -0.029835 0.865719 126.357414
54311 23 27 23
0.450671 -0.060052 0.890668 159.085510
56615 23 27 24
0.423995 -0.095996 0.900563 188.145370
58919 23 27 25
0.389026 -0.143305 0.910012 207.817322
61223 23 27 26
-0.734311 -0.536032 0.416482 214.810318
63527 23 27 27
-0.524121 0.101723 -0.845547 209.611511
72743 23 27 31
-0.420632 0.141868 -0.896070 153.576660
75047 23 27 32
-0.386715 -0.059573 -0.920273 141.524292
77351 23 27 33
-0.421285 -0.244254 -0.873418 127.310196
52055 23 28 22
0.548761 -0.201849 0.811245 121.891495
54359 23 28 23
0.523022 -0.220028 0.823429 153.811188
56663 23 28 24
0.524440 -0.247326 0.814735 182.884201
58967 23 28 25
0.560307 -0.289204 0.776156 203.871811
61271 23 28 26
0.767382 -0.411358 0.491843 213.244080
75095 23 28 32
-0.332445 -0.257978 -0.907154 138.667969
77399 23 28 33
-0.403101 -0.371069 -0.836551 120.765968
59015 23 29 25
0.573636 -0.434109 0.694616 195.461945
61319 23 29 26
0.673938 -0.549411 0.493918 208.457352
63623 23 29 27
0.620484 -0.510342 -0.595441 209.694458
65927 23 29 28
0.090658 -0.022926 -0.995618 201.089645
56759 23 30 24
0.494253 -0.538703 0.682285 153.833389
59063 23 30 25
0.485499 -0.619482 0.616873 179.134674
61367 23 30 26
0.473293 -0.759662 0.445990 195.549683
63671 23 30 27
0.417687 -0.908590 -0.001436 200.990250
65975 23 30 28
0.233312 -0.740833 -0.629866 196.182236
68279 23 30 29
0.075652 -0.457516 -0.885977 183.810303
56807 23 31 24
0.407310 -0.680079 0.609583 127.298141
59111 23 31 25
0.362065 -0.770471 0.524675 152.117004
61415 23 31 26
0.295380 -0.880230 0.371411 170.037231
63719 23 31 27
0.206739 -0.970070 0.127372 178.752884
66023 23 31 28
0.108420 -0.975835 -0.189714 178.083282
68327 23 31 29
0.015763 -0.868640 -0.495192 169.302628
59159 23 32 25
0.254944 -0.861525 0.439066 116.351768
61463 23 32 26
0.178865 -0.933578 0.310547 133.011749
63767 23 32 27
0.097446 -0.983196 0.154368 143.017380
66071 23 32 28
0.020323 -0.999469 -0.025459 145.705490
68375 23 32 29
-0.051129 -0.971514 -0.231402 141.165894
70679 23 32 30
-0.120284 -0.887664 -0.444505 129.715973
72983 23 32 31
-0.185333 -0.767756 -0.613353 112.114029
68423 23 33 29
-0.091060 -0.990725 -0.100859 104.188019
70727 23 33 30
-0.149956 -0.949027 -0.277237 97.214523
73031 23 33 31
-0.202933 -0.866649 -0.455783 84.402664
67848 24 21 29
-0.747386 0.642684 -0.168438 95.457863
70152 24 21 30
-0.771538 0.599301 -0.213464 89.639465
72456 24 21 31
-0.790997 0.595399 -0.140796 84.623726
79368 24 21 34
-0.814878 0.553128 -0.173276 79.330017
67896 24 22 29
-0.739241 0.606067 -0.293608 113.890907
70200 24 22 30
-0.759392 0.576265 -0.302064 105.443512
79416 24 22 34
-0.835201 0.493166 -0.243364 92.810966
81720 24 22 35
-0.811061 0.394921 -0.431530 84.204094
56424 24 23 24
-0.097498 0.879719 0.465391 136.843094
58728 24 23 25
-0.311216 0.917321 0.248327 148.526184
67944 24 23 29
-0.721160 0.548973 -0.422560 130.205261
70248 24 23 30
-0.727226 0.566730 -0.387247 119.553017
79464 24 23 34
-0.817612 0.415980 -0.398083 102.667679
81768 24 23 35
-0.799703 0.255661 -0.543242 92.392715
56472 24 24 24
-0.077462 0.781787 0.618716 162.570740
58776 24 24 25
-0.354375 0.887318 0.295103 175.640564
67992 24 24 29
-0.713035 0.470148 -0.520137 143.902786
70296 24 24 30
-0.702158 0.554235 -0.446988 132.187256
79512 24 24 34
-0.714607 0.256783 -0.650691 108.763481
81816 24 24 35
-0.734047 0.063563 -0.676117 96.062462
56520 24 25 24
-0.019283 0.613751 0.789264 181.437408
58824 24 25 25
-0.421266 0.818891 0.389812 194.741180
61128 24 25 26
-0.688242 0.674385 -0.267447 195.417084
63432 24 25 27
-0.703834 0.454022 -0.546335 185.524872
65736 24 25 28
-0.701850 0.366755 -0.610653 170.093689
68040 24 25 29
-0.708507 0.394714 -0.584995 154.665024
70344 24 25 30
-0.690227 0.529035 -0.493669 143.057510
56568 24 26 24
0.130841 0.372955 0.918578 192.649689
58872 24 26 25
-0.390569 0.702174 0.595321 205.608139
61176 24 26 26
-0.726744 0.523775 -0.444413 205.454056
63480 24 26 27
-0.660326 0.339143 -0.670039 194.554230
65784 24 26 28
-0.649192 0.314954 -0.692353 178.484146
68088 24 26 29
-0.658725 0.379165 -0.649858 163.143097
70392 24 26 30
-0.635505 0.509608 -0.580028 151.906952
56616 24 27 24
0.348761 0.109715 0.930768 197.567062
58920 24 27 25
0.082097 0.425863 0.901055 210.826859
61224 24 27 26
-0.586237 0.551637 -0.593315 211.428680
72744 24 27 31
-0.291819 0.332045 -0.896988 149.401031
75048 24 27 32
-0.178609 -0.056079 -0.982321 137.882019
52056 24 28 22
0.579442 -0.156814 0.799785 143.325760
54360 24 28 23
0.518795 -0.150394 0.841566 172.466568
75096 24 28 32
-0.083248 -0.239487 -0.967324 135.111694
56712 24 29 24
0.501194 -0.401788 0.766401 189.676788
59016 24 29 25
0.512039 -0.486882 0.707645 207.861771
61320 24 29 26
0.611980 -0.746092 0.262350 215.110931
63624 24 29 27
0.001499 -0.040307 -0.999186 211.792740
65928 24 29 28
-0.094405 0.207482 -0.973673 200.909149
56760 24 30 24
0.413793 -0.626303 0.660696 172.031860
59064 24 30 25
0.354729 -0.750244 0.557943 192.785034
61368 24 30 26
0.249624 -0.922496 0.294431 203.903824
63672 24 30 27
0.081193 -0.968114 -0.236987 204.944962
65976 24 30 28
-0.025242 -0.703410 -0.710336 197.638458
68280 24 30 29
-0.016242 -0.464430 -0.885461 184.348373
70584 24 30 30
0.001795 -0.381332 -0.924436 166.509598
56808 24 31 24
0.304870 -0.775193 0.553290 143.090408
59112 24 31 25
0.217921 -0.873468 0.435389 164.105392
61416 24 31 26
0.109311 -0.961924 0.250507 177.341629
63720 24 31 27
0.003910 -0.999905 0.013254 181.921677
66024 24 31 28
-0.063800 -0.967784 -0.243564 178.563660
68328 24 31 29
-0.084536 -0.868843 -0.487816 168.358063
70632 24 31 30
-0.085795 -0.732726 -0.675094 151.917938
72936 24 31 31
-0.100601 -0.614261 -0.782664 129.768433
59160 24 32 25
0.128755 -0.927469 0.351031 124.929771
61464 24 32 26
0.038156 -0.975735 0.215604 137.734863
66072 24 32 28
-0.096520 -0.992316 -0.077414 144.083694
68376 24 32 29
-0.129688 -0.959117 -0.251546 137.813705
70680 24 32 30
-0.148350 -0.883422 -0.444476 125.100250
72984 24 32 31
-0.163412 -0.773582 -0.612264 106.290436
61512 24 33 26
-0.002799 -0.981517 0.191353 93.820190
68424 24 33 29
-0.154932 -0.978895 -0.133273 99.244766
70728 24 33 30
-0.182263 -0.938165 -0.294325 91.090202
73032 24 33 31
-0.202000 -0.862322 -0.464323 77.562691
28729 25 22 12
0.757956 0.652074 -0.017420 84.622864
67897 25 22 29
-0.730007 0.627803 -0.270099 92.251694
70201 25 22 30
-0.761857 0.604397 -0.232976 84.929703
28777 25 23 12
0.868507 0.491351 0.065348 101.983505
31081 25 23 13
0.822477 0.560862 -0.094687 101.353462
33385 25 23 14
0.802721 0.569278 -0.177656 97.035225
58729 25 23 25
-0.299454 0.952584 0.053957 138.606796
61033 25 23 26
-0.458476 0.879356 -0.128580 137.362793
67945 25 23 29
-0.730553 0.577222 -0.364838 109.616776
79465 25 23 34
-0.779510 0.482673 -0.399237 85.275383
26521 25 24 11
0.909276 0.006912 0.416137 102.596657
28825 25 24 12
0.969636 0.139750 0.200689 111.241089
31129 25 24 13
0.961671 0.274191 -0.002746 113.780571
33433 25 24 14
0.921946 0.363527 -0.133655 111.632477
35737 25 24 15
0.895395 0.402579 -0.190259 106.428993
56473 25 24 24
-0.125461 0.906599 0.402911 159.809143
58777 25 24 25
-0.381191 0.922734 0.057051 165.825226
61081 25 24 26
-0.535001 0.802399 -0.264442 162.770279
77209 25 24 33
-0.726955 0.587027 -0.356279 105.319313
79513 25 24 34
-0.715266 0.352331 -0.603537 95.104149
81817 25 24 35
-0.697510 0.166997 -0.696844 79.519783
28873 25 25 12
0.903196 -0.287330 0.318871 109.030380
31177 25 25 13
0.976217 -0.158740 0.147652 115.422707
33481 25 25 14
0.999925 0.012208 0.000187 117.340492
56521 25 25 24
-0.136144 0.810130 0.570223 179.761765
58825 25 25 25
-0.476465 0.878156 0.042695 186.237640
61129 25 25 26
-0.596706 0.679417 -0.427007 181.544495
74953 25 25 32
-0.669125 0.682429 -0.294215 122.501442
77257 25 25 33
-0.639783 0.413926 -0.647567 114.801628
79561 25 25 34
-0.578691 0.120084 -0.806658 100.365837
28921 25 26 12
0.739334 -0.563122 0.369161 95.979614
31225 25 26 13
0.826013 -0.494410 0.270669 105.656166
33529 25 26 14
0.921969 -0.347470 0.170989 112.227867
56569 25 26 24
-0.044930 0.677394 0.734247 193.666641
58873 25 26 25
-0.504221 0.863064 0.029703 200.094223
61177 25 26 26
-0.570043 0.599671 -0.561645 194.703156
75001 25 26 32
-0.567046 0.487764 -0.663736 131.213501
77305 25 26 33
-0.444056 0.075614 -0.892803 119.062668
79609 25 26 34
-0.408919 -0.130869 -0.903138 100.109489
35881 25 27 15
0.875262 -0.435066 0.211267 105.886421
38185 25 27 16
0.950251 -0.293705 0.103732 111.228470
40489 25 27 17
0.983697 -0.178416 0.022542 113.265099
75049 25 27 32
-0.289348 0.084527 -0.953485 134.982498
77353 25 27 33
-0.248116 -0.198212 -0.948235 117.496536
38233 25 28 16
0.829262 -0.524510 0.192911 96.511818
40537 25 28 17
0.885704 -0.451983 0.106015 101.747307
42841 25 28 18
0.914255 -0.391830 0.102991 105.150948
75097 25 28 32
-0.099179 -0.174468 -0.979655 133.779800
77401 25 28 33
-0.141716 -0.327149 -0.934286 110.755753
52105 25 29 22
0.527488 -0.404925 0.746855 154.269882
54409 25 29 23
0.450883 -0.412700 0.791444 180.276871
56713 25 29 24
0.379891 -0.475091 0.793707 201.542725
59017 25 29 25
0.271734 -0.664479 0.696152 214.050095
61321 25 29 26
-0.308525 -0.725528 -0.615160 216.385956
63625 25 29 27
-0.319406 0.135176 -0.937927 210.133057
65929 25 29 28
-0.222049 0.311630 -0.923895 198.717712
52153 25 30 22
0.437833 -0.602296 0.667489 134.613220
54457 25 30 23
0.362273 -0.650677 0.667366 161.387024
56761 25 30 24
0.267593 -0.751044 0.603594 184.279083
59065 25 30 25
0.127433 -0.893406 0.430797 199.586197
61369 25 30 26
-0.063770 -0.993823 0.090829 205.770874
63673 25 30 27
-0.217143 -0.917751 -0.332540 203.699661
65977 25 30 28
-0.235353 -0.721928 -0.650714 195.542114
68281 25 30 29
-0.154607 -0.552331 -0.819162 182.931549
70585 25 30 30
-0.079416 -0.467174 -0.880591 165.898682
54505 25 31 23
0.273861 -0.786041 0.554202 131.382889
56809 25 31 24
0.173739 -0.868623 0.464013 153.454117
59113 25 31 25
0.053114 -0.947349 0.315766 169.499542
61417 25 31 26
-0.066575 -0.989193 0.130629 177.998734
63721 25 31 27
-0.153295 -0.986619 -0.055532 179.319092
66025 25 31 28
-0.190215 -0.952736 -0.236880 174.641449
68329 25 31 29
-0.181477 -0.884354 -0.430098 164.515915
70633 25 31 30
-0.151184 -0.775229 -0.613322 148.481598
72937 25 31 31
-0.129916 -0.658600 -0.741193 126.243973
75241 25 31 32
-0.128737 -0.570239 -0.811329 99.269920
59161 25 32 25
0.012612 -0.967537 0.252416 128.061783
61465 25 32 26
-0.077069 -0.988740 0.128269 136.719513
70681 25 32 30
-0.192591 -0.889558 -0.414241 118.849258
72985 25 32 31
-0.184554 -0.792568 -0.581185 100.208267
75289 25 32 32
-0.179277 -0.688793 -0.702441 77.372276
28730 26 22 12
0.694062 0.716803 -0.066868 106.197464
49466 26 22 21
0.917131 0.398537 0.006236 116.630119
65594 26 22 28
-0.583283 0.753360 -0.303694 81.157272
24170 26 23 10
0.794079 0.233382 0.561224 109.522606
26474 26 23 11
0.855381 0.432317 0.285349 120.988647
28778 26 23 12
0.801098 0.598106 0.022609 124.623459
31082 26 23 13
0.729228 0.675463 -0.109435 123.219032
33386 26 23 14
0.720623 0.678917 -0.140622 119.696999
35690 26 23 15
0.767381 0.627740 -0.130646 115.752151
47210 26 23 20
0.956324 0.208588 0.204783 120.388046
49514 26 23 21
0.916939 0.347625 0.195907 125.595337
65642 26 23 28
-0.583979 0.684739 -0.436006 101.901474
24218 26 24 10
0.729275 -0.144930 0.668695 110.778740
26522 26 24 11
0.873935 -0.035871 0.484717 126.231827
28826 26 24 12
0.958750 0.167854 0.229400 134.064301
31130 26 24 13
0.923402 0.383532 0.015251 136.291550
33434 26 24 14
0.860138 0.502465 -0.087705 135.336868
35738 26 24 15
0.836902 0.531296 -0.131605 132.538223
49562 26 24 21
0.842775 0.400440 0.359691 133.966614
56474 26 24 24
-0.207976 0.968617 0.136114 155.978592
58778 26 24 25
-0.386250 0.912593 -0.134109 155.924011
61082 26 24 26
-0.463560 0.803458 -0.373587 148.903152
77210 26 24 33
-0.768147 0.564658 -0.301847 88.282898
79514 26 24 34
-0.745242 0.398563 -0.534568 77.510406
26570 26 25 11
0.698364 -0.471674 0.538341 119.250664
28874 26 25 12
0.804286 -0.441016 0.398283 130.802002
31178 26 25 13
0.922418 -0.280270 0.265693 137.538391
33482 26 25 14
0.991001 0.001372 0.133847 141.267792
35786 26 25 15
0.971626 0.236501 0.003248 142.615051
56522 26 25 24
-0.312598 0.907233 0.281445 175.513779
58826 26 25 25
-0.489656 0.856195 -0.164823 176.611328
61130 26 25 26
-0.501944 0.705707 -0.500029 168.617676
74954 26 25 32
-0.751663 0.625881 -0.208028 108.634277
77258 26 25 33
-0.747240 0.436152 -0.501401 100.634377
79562 26 25 34
-0.670647 0.215225 -0.709867 85.512268
28922 26 26 12
0.565401 -0.709748 0.420214 115.540131
31226 26 26 13
0.635085 -0.668190 0.387542 126.216072
33530 26 26 14
0.777944 -0.513476 0.362140 135.268478
35834 26 26 15
0.933333 -0.253987 0.253733 142.462433
56570 26 26 24
-0.359881 0.840088 0.405878 190.647430
58874 26 26 25
-0.541078 0.817752 -0.196256 192.314804
61178 26 26 26
-0.479408 0.659187 -0.579344 184.157745
75002 26 26 32
-0.728392 0.508064 -0.459691 120.688110
77306 26 26 33
-0.645270 0.196146 -0.738345 107.994324
79610 26 26 34
-0.541442 -0.009612 -0.840683 88.165779
28970 26 27 12
0.443880 -0.795305 0.412868 92.598419
31274 26 27 13
0.469156 -0.774698 0.423953 105.470512
33578 26 27 14
0.561434 -0.697776 0.444860 118.670593
35882 26 27 15
0.716323 -0.573272 0.397795 131.197479
38186 26 27 16
0.873895 -0.418131 0.247940 140.509659
40490 26 27 17
0.961172 -0.266986 0.069755 144.849152
42794 26 27 18
0.988360 -0.151651 -0.012087 145.321442
45098 26 27 19
0.995561 -0.059214 0.073153 145.698013
47402 26 27 20
0.940803 0.047883 0.335555 150.083084
75050 26 27 32
-0.570629 0.231161 -0.788002 127.801323
77354 26 27 33
-0.460734 -0.069175 -0.884838 109.325539
79658 26 27 34
-0.398762 -0.198672 -0.895276 85.110329
35930 26 28 15
0.570275 -0.699069 0.431380 110.794090
38234 26 28 16
0.694096 -0.649159 0.311164 123.528770
40538 26 28 17
0.788868 -0.592922 0.161654 131.297134
42842 26 28 18
0.840327 -0.534607 0.089702 134.959335
45146 26 28 19
0.861384 -0.475920 0.177534 138.413681
52058 26 28 22
0.425745 -0.123513 0.896373 177.285934
54362 26 28 23
0.162256 0.010064 0.986697 195.144379
75098 26 28 32
-0.347006 -0.076606 -0.934729 129.137894
77402 26 28 33
-0.302195 -0.247700 -0.920501 104.794678
52106 26 29 22
0.363237 -0.507426 0.781395 169.142136
54410 26 29 23
0.194227 -0.513704 0.835694 189.747513
56714 26 29 24
-0.059077 -0.602129 0.796210 205.446732
59018 26 29 25
-0.552801 -0.729633 0.402552 213.238312
61322 26 29 26
-0.783672 -0.319218 -0.532877 212.571854
63626 26 29 27
-0.562818 0.096834 -0.820889 205.318375
65930 26 29 28
-0.415355 0.285432 -0.863718 194.454544
75146 26 29 32
-0.228456 -0.291073 -0.929023 124.063019
52154 26 30 22
0.294597 -0.707787 0.642068 149.173370
54458 26 30 23
0.169911 -0.765613 0.620457 171.341019
56762 26 30 24
0.007006 -0.865383 0.501062 188.814529
59066 26 30 25
-0.182318 -0.947723 0.261882 199.016144
61370 26 30 26
-0.336661 -0.940675 -0.042298 201.561264
63674 26 30 27
-0.411147 -0.856204 -0.312847 197.895859
65978 26 30 28
-0.410407 -0.743188 -0.528430 189.895035
68282 26 30 29
-0.350819 -0.626329 -0.696159 178.238754
70586 26 30 30
-0.275814 -0.534576 -0.798846 161.952484
72890 26 30 31
-0.225115 -0.481756 -0.846897 139.736771
75194 26 30 32
-0.200196 -0.454892 -0.867753 112.039215
52202 26 31 22
0.246760 -0.807972 0.535062 119.297798
54506 26 31 23
0.143638 -0.867595 0.476075 140.398041
56810 26 31 24
0.019829 -0.934430 0.355593 157.498764
59114 26 31 25
-0.105289 -0.974836 0.196494 168.425354
61418 26 31 26
-0.202735 -0.978350 0.041578 172.894485
63722 26 31 27
-0.260505 -0.961490 -0.087599 172.004868
66026 26 31 28
-0.284156 -0.934599 -0.213964 166.832428
68330 26 31 29
-0.281935 -0.884172 -0.372495 157.192825
70634 26 31 30
-0.260970 -0.793930 -0.549154 141.826721
72938 26 31 31
-0.233672 -0.685194 -0.689860 120.053299
75242 26 31 32
-0.212002 -0.593506 -0.776406 93.423378
59162 26 32 25
-0.077165 -0.984360 0.158372 126.474426
61466 26 32 26
-0.155618 -0.986169 0.057035 131.269257
70682 26 32 30
-0.254435 -0.887347 -0.384548 110.218811
35403 27 17 15
0.891686 0.451613 -0.030684 82.039864
35451 27 18 15
0.966712 0.223772 0.124076 90.577393
37755 27 18 16
0.918345 0.395617 -0.011389 92.070366
40059 27 18 17
0.800953 0.579464 -0.150650 89.992271
37803 27 19 16
0.963265 0.217276 0.157837 99.470467
40107 27 19 17
0.915494 0.399119 0.050752 102.079453
42411 27 19 18
0.795993 0.601901 -0.064112 101.907242
44715 27 19 19
0.637133 0.750204 -0.176792 98.789612
24027 27 20 10
0.715587 0.643092 0.272705 84.454552
42459 27 20 18
0.892871 0.426612 0.144166 114.455460
44763 27 20 19
0.796067 0.605169 0.006970 116.433548
47067 27 20 20
0.656117 0.728679 -0.196309 114.086723
49371 27 20 21
0.501035 0.767397 -0.400082 105.674141
51675 27 20 22
0.354690 0.763811 -0.539248 91.341965
24075 27 21 10
0.666553 0.675348 0.315615 101.981056
44811 27 21 19
0.904763 0.387716 0.176293 128.241058
47115 27 21 20
0.842800 0.535011 -0.058744 129.848038
49419 27 21 21
0.671621 0.649423 -0.356617 124.897499
51723 27 21 22
0.445357 0.710331 -0.545057 112.910797
54027 27 21 23
0.232388 0.774846 -0.587886 96.694519
21819 27 22 9
0.546434 0.355138 0.758477 101.781914
24123 27 22 10
0.676204 0.569471 0.467387 118.611366
47163 27 22 20
0.953789 0.289577 0.080199 138.576584
49467 27 22 21
0.848814 0.471218 -0.239725 137.181473
51771 27 22 22
0.551523 0.672529 -0.493484 129.546631
63291 27 22 27
-0.398927 0.854661 -0.332282 76.498520
21867 27 23 9
0.497844 0.058569 0.865287 107.892883
24171 27 23 10
0.682821 0.236269 0.691326 128.857758
26475 27 23 11
0.804641 0.510599 0.303052 139.564011
35691 27 23 15
0.684368 0.727347 -0.051052 135.078995
47211 27 23 20
0.970055 0.182481 0.160294 142.728195
49515 27 23 21
0.937064 0.347225 -0.036672 144.013535
63339 27 23 27
-0.416311 0.795881 -0.439612 100.647934
65643 27 23 28
-0.478378 0.718947 -0.504252 86.943237
24219 27 24 10
0.573467 -0.236006 0.784498 128.696518
26523 27 24 11
0.794447 -0.151012 0.588260 143.301544
35739 27 24 15
0.700491 0.712710 -0.036837 149.976669
38043 27 24 16
0.722898 0.684842 -0.091706 148.768570
47259 27 24 20
0.935445 0.310545 0.168834 146.465332
49563 27 24 21
0.875665 0.440672 0.197532 149.083771
58779 27 24 25
-0.429909 0.866299 -0.254372 145.534119
61083 27 24 26
-0.432718 0.799676 -0.416262 136.545868
63387 27 24 27
-0.422227 0.717012 -0.554633 122.669540
65691 27 24 28
-0.451877 0.660949 -0.599128 106.094925
24267 27 25 10
0.438770 -0.539873 0.718344 117.601433
26571 27 25 11
0.512246 -0.639897 0.572831 134.589706
33483 27 25 14
0.844000 -0.184930 0.503454 154.401062
35787 27 25 15
0.878197 0.369846 0.303288 158.309448
38091 27 25 16
0.810985 0.584992 0.009333 160.036713
54219 27 25 23
-0.371388 0.883047 0.286878 164.839661
56523 27 25 24
-0.542809 0.839029 0.037267 167.471039
58827 27 25 25
-0.555752 0.797205 -0.235805 165.382156
61131 27 25 26
-0.479504 0.728405 -0.489390 156.643326
63435 27 25 27
-0.400945 0.659384 -0.635968 141.660187
77259 27 25 33
-0.801579 0.428005 -0.417472 80.770554
26619 27 26 11
0.366434 -0.788070 0.494643 115.606354
33531 27 26 14
0.332294 -0.734874 0.591219 147.106461
35835 27 26 15
0.547131 -0.495514 0.674621 156.963898
38139 27 26 16
0.895945 -0.071689 0.438341 164.020050
40443 27 26 17
0.953552 0.297964 -0.044222 166.047012
45051 27 26 19
0.834900 0.511739 -0.202645 160.488586
47355 27 26 20
0.748864 0.652298 0.117089 159.689163
49659 27 26 21
0.317970 0.774069 0.547459 162.904327
51963 27 26 22
-0.222525 0.751384 0.621213 169.373444
54267 27 26 23
-0.536515 0.719409 0.441137 176.744492
56571 27 26 24
-0.671678 0.724359 0.155412 181.817902
58875 27 26 25
-0.650979 0.730764 -0.205451 181.351929
61179 27 26 26
-0.501502 0.695108 -0.515093 173.423706
75003 27 26 32
-0.790349 0.474989 -0.386954 103.296005
77307 27 26 33
-0.759938 0.256114 -0.597411 90.198845
35883 27 27 15
0.318094 -0.706377 0.632335 145.329651
38187 27 27 16
0.531998 -0.648223 0.544780 157.855377
40491 27 27 17
0.805391 -0.548209 0.225416 164.287537
42795 27 27 18
0.923278 -0.366679 -0.114475 164.822220
45099 27 27 19
0.971095 -0.199921 -0.130410 163.133011
47403 27 27 20
0.910262 0.079310 0.406367 163.601440
49707 27 27 21
0.118665 0.401333 0.908213 168.477707
52011 27 27 22
-0.384177 0.476773 0.790630 177.046555
54315 27 27 23
-0.634047 0.524305 0.568409 186.536545
56619 27 27 24
-0.764082 0.589338 0.262413 193.415344
58923 27 27 25
-0.738296 0.659571 -0.141015 194.521393
61227 27 27 26
-0.544448 0.684850 -0.484310 188.287552
75051 27 27 32
-0.727132 0.281038 -0.626335 113.147263
77355 27 27 33
-0.648781 0.042521 -0.759786 94.325516
38235 27 28 16
0.400578 -0.782888 0.476050 141.029617
40539 27 28 17
0.511465 -0.818589 0.261372 150.683365
42843 27 28 18
0.567987 -0.819321 0.078124 154.235657
45147 27 28 19
0.569890 -0.813694 0.114575 155.565582
47451 27 28 20
0.454806 -0.752245 0.476737 159.322723
49755 27 28 21
0.073024 -0.443120 0.893483 167.711929
52059 27 28 22
-0.339765 -0.102590 0.934898 179.592972
54363 27 28 23
-0.648406 0.109894 0.753321 191.763657
56667 27 28 24
-0.863103 0.263398 0.430900 200.702362
58971 27 28 25
-0.910001 0.413773 -0.026281 203.761368
61275 27 28 26
-0.716749 0.539707 -0.441573 199.960373
72795 27 28 31
-0.625033 0.287230 -0.725833 136.732651
75099 27 28 32
-0.588525 0.013841 -0.808361 117.027306
77403 27 28 33
-0.508469 -0.151600 -0.847630 92.570663
40587 27 29 17
0.424562 -0.873916 0.236680 126.536095
42891 27 29 18
0.424279 -0.894491 0.140977 132.075653
49803 27 29 21
0.114842 -0.724867 0.679249 157.250107
52107 27 29 22
-0.125611 -0.597029 0.792325 173.048737
54411 27 29 23
-0.412185 -0.517116 0.750130 188.225037
56715 27 29 24
-0.707780 -0.469701 0.527663 199.372879
59019 27 29 25
-0.907853 -0.398278 0.131062 204.473801
61323 27 29 26
-0.917740 -0.244355 -0.313121 203.210327
63627 27 29 27
-0.784209 -0.028280 -0.619851 196.731506
68235 27 29 29
-0.600661 0.154579 -0.784418 174.330688
70539 27 29 30
-0.573584 0.032315 -0.818509 158.807098
72843 27 29 31
-0.521416 -0.123976 -0.844248 138.706711
75147 27 29 32
-0.455769 -0.236136 -0.858204 113.522873
49851 27 30 21
0.153514 -0.808742 0.567776 136.384583
52155 27 30 22
0.018966 -0.791343 0.611078 154.920151
54459 27 30 23
-0.148432 -0.823958 0.546865 172.071655
56763 27 30 24
-0.326530 -0.868500 0.372942 184.618652
59067 27 30 25
-0.457855 -0.878178 0.138465 191.086945
61371 27 30 26
-0.519884 -0.850489 -0.079940 191.728500
63675 27 30 27
-0.541011 -0.799480 -0.261035 187.748566
68283 27 30 29
-0.528135 -0.615083 -0.585445 168.623795
70587 27 30 30
-0.482119 -0.520849 -0.704469 152.031784
72891 27 30 31
-0.426184 -0.463325 -0.776980 129.466492
75195 27 30 32
-0.376078 -0.434166 -0.818575 102.020058
52203 27 31 22
0.092026 -0.868636 0.486829 126.196495
54507 27 31 23
-0.016511 -0.917014 0.398512 143.029755
56811 27 31 24
-0.134620 -0.957620 0.254641 155.278168
59115 27 31 25
-0.233123 -0.966906 0.103664 161.869766
61419 27 31 26
-0.296574 -0.954887 -0.015335 163.399185
63723 27 31 27
-0.334087 -0.936483 -0.106703 161.104279
66027 27 31 28
-0.361042 -0.909181 -0.207457 155.523193
68331 27 31 29
-0.380937 -0.856493 -0.348292 145.814774
70635 27 31 30
-0.383314 -0.769691 -0.510535 130.486084
72939 27 31 31
-0.365018 -0.670253 -0.646160 109.109970
30796 28 17 13
0.943681 0.260736 0.203673 99.999397
33100 28 17 14
0.881506 0.470399 0.040900 102.563339
35404 28 17 15
0.711835 0.680870 -0.172357 101.258621
37708 28 17 16
0.490570 0.799611 -0.346358 95.479767
33148 28 18 14
0.956499 0.158946 0.244636 108.443970
35452 28 18 15
0.920554 0.384478 0.068978 111.543747
37756 28 18 16
0.735745 0.651821 -0.183873 110.533524
40060 28 18 17
0.458172 0.815022 -0.354709 105.156738
42364 28 18 18
0.242537 0.880820 -0.406609 96.478821
35500 28 19 15
0.953796 0.148052 0.261445 115.909615
37804 28 19 16
0.918976 0.382389 0.096239 119.106651
40108 28 19 17
0.691956 0.710877 -0.125898 118.863228
42412 28 19 18
0.365524 0.895195 -0.254987 115.513680
44716 28 19 19
0.161826 0.936370 -0.311485 109.548309
24028 28 20 10
0.538855 0.724652 0.429552 99.575592
26332 28 20 11
0.686225 0.712554 0.146160 105.210075
40156 28 20 17
0.834496 0.510697 0.206894 127.350143
42460 28 20 18
0.549787 0.832655 0.066482 129.157608
44764 28 20 19
0.261778 0.957986 -0.117196 128.754578
47068 28 20 20
0.124377 0.941208 -0.314099 124.468887
49372 28 20 21
0.069396 0.868436 -0.490920 114.207367
51676 28 20 22
0.037096 0.791384 -0.610193 97.609528
24076 28 21 10
0.437067 0.771297 0.462681 115.961617
42508 28 21 18
0.669278 0.616411 0.414854 137.723389
44812 28 21 19
0.452662 0.860911 0.232227 141.407455
47116 28 21 20
0.266168 0.942128 -0.203838 141.556717
49420 28 21 21
0.146501 0.830482 -0.537436 134.851410
51724 28 21 22
0.068437 0.735019 -0.674584 120.137520
54028 28 21 23
-0.005130 0.719033 -0.694957 100.143272
21820 28 22 9
0.228961 0.349434 0.908555 112.799957
24124 28 22 10
0.391340 0.649604 0.651819 131.297577
47164 28 22 20
0.614500 0.786720 0.058830 150.506958
49468 28 22 21
0.306348 0.734183 -0.605909 147.379227
51772 28 22 22
0.100463 0.666399 -0.738796 136.500961
21868 28 23 9
0.176226 0.024005 0.984057 117.877533
24172 28 23 10
0.335834 0.217016 0.916580 140.028000
26476 28 23 11
0.601163 0.647530 0.468303 150.770081
47212 28 23 20
0.853685 0.261949 0.450116 153.286652
49516 28 23 21
0.536580 0.553739 -0.636753 152.723953
63340 28 23 27
-0.390968 0.796630 -0.461003 88.997437
65644 28 23 28
-0.412907 0.733336 -0.540116 74.810097
21916 28 24 9
0.139265 -0.279901 0.949874 113.873833
24220 28 24 10
0.226775 -0.332662 0.915374 138.449066
26524 28 24 11
0.431151 -0.414146 0.801619 152.359009
38044 28 24 16
0.029246 0.995855 -0.086131 156.218552
44956 28 24 19
0.102742 0.974345 0.200240 152.819168
47260 28 24 20
0.342471 0.571892 0.745421 153.975616
63388 28 24 27
-0.397089 0.742648 -0.539253 111.147133
65692 28 24 28
-0.386312 0.688547 -0.613731 94.541580
24268 28 25 10
0.166703 -0.613736 0.771711 126.428162
26572 28 25 11
0.175484 -0.802466 0.570310 142.189346
35788 28 25 15
-0.741851 0.071238 0.666770 160.511948
38092 28 25 16
-0.685685 0.699494 0.201355 163.414093
40396 28 25 17
-0.511975 0.826226 -0.235016 163.010864
58828 28 25 25
-0.639390 0.732979 -0.232212 152.015671
61132 28 25 26
-0.516387 0.743428 -0.425039 144.369446
63436 28 25 27
-0.392727 0.705186 -0.590321 131.110672
24316 28 26 10
0.165660 -0.733277 0.659440 107.015228
26620 28 26 11
0.132590 -0.877381 0.461111 122.680504
35836 28 26 15
-0.501197 -0.532553 0.682048 156.939499
38140 28 26 16
-0.775331 -0.201313 0.598611 164.994186
40444 28 26 17
-0.963212 0.268291 0.015550 167.972198
47356 28 26 20
-0.920393 0.363601 -0.143776 159.246643
49660 28 26 21
-0.935044 0.327916 0.134773 159.376328
54268 28 26 23
-0.878755 0.444616 0.173512 164.684952
56572 28 26 24
-0.842466 0.533991 0.071448 167.073441
58876 28 26 25
-0.762103 0.635838 -0.122099 166.725082
61180 28 26 26
-0.590531 0.704719 -0.393249 161.200943
38188 28 27 16
-0.439869 -0.620444 0.649280 159.001221
40492 28 27 17
-0.723638 -0.615394 0.312471 166.002182
42796 28 27 18
-0.874464 -0.421842 -0.239504 166.210510
45100 28 27 19
-0.918653 -0.222716 -0.326303 163.054504
47404 28 27 20
-0.996757 -0.056368 -0.057427 160.908112
49708 28 27 21
-0.971051 0.106139 0.213997 162.090256
52012 28 27 22
-0.926670 0.226431 0.300020 166.306946
54316 28 27 23
-0.908838 0.315037 0.273434 171.901230
56620 28 27 24
-0.898276 0.401468 0.178674 176.848740
58924 28 27 25
-0.855170 0.518171 -0.013545 178.851074
61228 28 27 26
-0.698804 0.643204 -0.312990 175.632538
75052 28 27 32
-0.779683 0.284694 -0.557713 91.858658
77356 28 27 33
-0.747194 0.109949 -0.655448 73.703934
38236 28 28 16
-0.157013 -0.790617 0.591838 144.786758
40540 28 28 17
-0.257519 -0.911755 0.319980 154.491074
42844 28 28 18
-0.388419 -0.921482 0.000993 157.048996
45148 28 28 19
-0.566640 -0.821943 -0.057699 156.216766
47452 28 28 20
-0.782463 -0.599752 0.167478 156.742615
49756 28 28 21
-0.880951 -0.265793 0.391509 161.023453
52060 28 28 22
-0.900664 -0.020171 0.434047 168.411697
56668 28 28 24
-0.944229 0.201261 0.260626 183.722961
58972 28 28 25
-0.954213 0.289434 0.075534 187.445862
61276 28 28 26
-0.880343 0.418475 -0.223327 186.272034
63580 28 28 27
-0.681800 0.528800 -0.505488 179.482422
72796 28 28 31
-0.717459 0.245227 -0.652009 118.312729
75100 28 28 32
-0.708087 0.067316 -0.702909 97.358284
77404 28 28 33
-0.651731 -0.068280 -0.755370 74.301819
38284 28 29 16
0.066122 -0.867227 0.493503 123.578835
40588 28 29 17
0.009825 -0.966321 0.257151 133.621048
42892 28 29 18
-0.080502 -0.992884 0.087751 137.587997
45196 28 29 19
-0.211165 -0.969931 0.121011 139.561127
49804 28 29 21
-0.561225 -0.635155 0.530664 152.803619
52108 28 29 22
-0.707746 -0.417411 0.569968 164.211884
56716 28 29 24
-0.916406 -0.229597 0.327849 183.974091
59020 28 29 25
-0.965958 -0.225249 0.127233 188.622849
61324 28 29 26
-0.967600 -0.211152 -0.138438 188.674103
63628 28 29 27
-0.892148 -0.126011 -0.433811 183.897568
65932 28 29 28
-0.782264 -0.010798 -0.622853 174.462311
68236 28 29 29
-0.722256 0.033019 -0.690837 160.707962
70540 28 29 30
-0.696382 -0.007385 -0.717633 142.787445
72844 28 29 31
-0.663143 -0.088664 -0.743223 120.803246
75148 28 29 32
-0.612419 -0.169770 -0.772089 95.615791
49852 28 30 21
-0.236952 -0.810707 0.535358 135.615433
52156 28 30 22
-0.365844 -0.743725 0.559491 150.329712
54460 28 30 23
-0.502701 -0.729014 0.464577 163.545288
56764 28 30 24
-0.604352 -0.743045 0.287478 172.827271
59068 28 30 25
-0.639831 -0.762509 0.095902 177.429489
61372 28 30 26
-0.632203 -0.771238 -0.074237 177.649078
63676 28 30 27
-0.622989 -0.746130 -0.234890 173.887634
65980 28 30 28
-0.629541 -0.666795 -0.398825 166.034515
68284 28 30 29
-0.631652 -0.552117 -0.544226 153.418518
70588 28 30 30
-0.610347 -0.456253 -0.647541 135.380203
72892 28 30 31
-0.570809 -0.402958 -0.715404 112.227013
49900 28 31 21
-0.041661 -0.873980 0.484173 110.346283
52204 28 31 22
-0.113227 -0.878863 0.463443 126.058182
54508 28 31 23
-0.194938 -0.916259 0.349954 139.463196
56812 28 31 24
-0.270225 -0.944188 0.188381 148.194946
59116 28 31 25
-0.320014 -0.946401 0.043780 151.907288
61420 28 31 26
-0.349526 -0.935161 -0.057492 151.553314
63724 28 31 27
-0.378472 -0.915113 -0.139022 148.084427
66028 28 31 28
-0.419210 -0.876007 -0.238482 141.447403
68332 28 31 29
-0.462211 -0.805979 -0.369808 130.568832
70636 28 31 30
-0.484837 -0.711881 -0.508092 114.409019
72940 28 31 31
-0.479251 -0.619533 -0.621689 93.327019
26093 29 15 11
0.708496 0.664691 0.237108 90.973450
28397 29 15 12
0.534485 0.839763 -0.095514 92.177773
30701 29 15 13
0.309998 0.899673 -0.307393 87.782585
33005 29 15 14
0.144296 0.901594 -0.407808 79.254097
26141 29 16 11
0.793552 0.331932 0.509997 99.604958
28445 29 16 12
0.743988 0.646109 0.170370 104.483795
30749 29 16 13
0.458820 0.872560 -0.167700 104.294029
33053 29 16 14
0.201684 0.915583 -0.347895 99.647820
28493 29 17 12
0.820539 0.187574 0.539937 109.397919
30797 29 17 13
0.755115 0.603916 0.255121 113.459480
33101 29 17 14
0.410460 0.900506 -0.143570 113.889153
35405 29 17 15
0.128628 0.914229 -0.384240 109.795586
37709 29 17 16
-0.024695 0.870413 -0.491702 100.849998
40013 29 17 17
-0.113623 0.841465 -0.528230 88.131203
23933 29 18 10
0.437815 0.137516 0.888486 90.801285
33149 29 18 14
0.775455 0.523050 0.353680 121.112747
35453 29 18 15
0.408319 0.893107 -0.188773 121.812660
37757 29 18 16
0.025587 0.878752 -0.476591 117.334099
40061 29 18 17
-0.156752 0.835104 -0.527286 108.142799
42365 29 18 18
-0.242543 0.832144 -0.498707 96.171883
23981 29 19 10
0.230549 0.514609 0.825848 95.377434
35501 29 19 15
0.812506 0.527695 0.247734 127.609390
37805 29 19 16
0.199176 0.908124 -0.368293 127.095512
40109 29 19 17
-0.248458 0.841869 -0.479087 122.391342
42413 29 19 18
-0.376816 0.826724 -0.417777 114.983910
44717 29 19 19
-0.392806 0.842778 -0.368005 106.240211
24029 29 20 10
0.031206 0.744353 0.667057 105.696114
42461 29 20 18
-0.604070 0.768228 -0.211958 128.399338
47069 29 20 20
-0.482891 0.825155 -0.293148 119.481812
49373 29 20 21
-0.378391 0.814435 -0.439905 109.352722
21773 29 21 9
-0.158720 0.481355 0.862035 102.698143
24077 29 21 10
-0.102830 0.753172 0.649737 119.899010
42509 29 21 18
-0.836622 0.539799 0.093169 136.547989
47117 29 21 20
-0.666665 0.728609 -0.157119 136.928268
49421 29 21 21
-0.483302 0.756337 -0.440878 130.526947
51725 29 21 22
-0.326888 0.708878 -0.625008 116.274048
54029 29 21 23
-0.250305 0.681853 -0.687331 96.089737
21821 29 22 9
-0.219130 0.287464 0.932387 112.912735
24125 29 22 10
-0.225478 0.571247 0.789200 133.177490
26429 29 22 11
-0.097593 0.924322 0.368924 143.099411
40253 29 22 17
-0.890356 0.454648 0.023708 139.592453
42557 29 22 18
-0.940015 0.266130 0.213417 140.802155
47165 29 22 20
-0.894346 0.443304 0.060225 146.559250
49469 29 22 21
-0.665089 0.610651 -0.429841 143.981842
51773 29 22 22
-0.390553 0.613807 -0.686082 133.174026
54077 29 22 23
-0.288631 0.632801 -0.718509 115.538399
21869 29 23 9
-0.238699 -0.000435 0.971094 116.931984
24173 29 23 10
-0.317035 0.131261 0.939286 140.173950
26477 29 23 11
-0.445455 0.520720 0.728300 152.342316
37997 29 23 16
-0.821775 0.522734 -0.226793 145.061218
40301 29 23 17
-0.938528 0.324725 -0.117131 143.178970
42605 29 23 18
-0.984386 0.146039 0.098264 143.020828
49517 29 23 21
-0.929933 0.219054 -0.295365 149.451401
51821 29 23 22
-0.542563 0.444935 -0.712502 142.883575
54125 29 23 23
-0.389763 0.577885 -0.717031 130.077072
63341 29 23 27
-0.400964 0.794440 -0.456173 77.751900
24221 29 24 10
-0.298908 -0.335733 0.893273 137.659805
26525 29 24 11
-0.499791 -0.494654 0.711004 151.820587
35741 29 24 15
-0.984555 0.133234 -0.113581 150.935745
38045 29 24 16
-0.962367 0.230030 -0.144695 149.323013
40349 29 24 17
-0.960705 0.228976 -0.156895 146.899170
42653 29 24 18
-0.988014 0.143085 -0.057921 144.992981
49565 29 24 21
-0.984370 -0.173007 -0.032940 149.352982
51869 29 24 22
-0.847039 0.150020 -0.509921 146.594345
63389 29 24 27
-0.408764 0.760458 -0.504594 99.778595
65693 29 24 28
-0.375359 0.701107 -0.606263 83.843544
24269 29 25 10
-0.224491 -0.595735 0.771170 125.838684
26573 29 25 11
-0.328840 -0.799190 0.503150 140.831253
38093 29 25 16
-0.999635 0.019449 0.018751 151.233368
40397 29 25 17
-0.984875 0.138590 -0.103989 150.275467
49613 29 25 21
-0.982251 -0.178355 0.058067 147.097672
63437 29 25 27
-0.422359 0.731811 -0.534851 120.251328
65741 29 25 28
-0.360705 0.678177 -0.640288 103.621964
24317 29 26 10
-0.144106 -0.724929 0.673581 107.608238
26621 29 26 11
-0.214388 -0.885996 0.411154 121.940742
38141 29 26 16
-0.968811 -0.146067 0.200174 149.815384
40445 29 26 17
-0.999914 0.010946 -0.007241 152.018768
63485 29 26 27
-0.473325 0.708571 -0.523346 138.553223
65789 29 26 28
-0.383883 0.664733 -0.640909 122.878571
24365 29 27 10
-0.064094 -0.798323 0.598809 86.668373
26669 29 27 11
-0.117945 -0.922161 0.368386 99.212006
40493 29 27 17
-0.975902 -0.196319 0.095260 149.979340
42797 29 27 18
-0.985443 -0.129295 -0.110388 149.480240
45101 29 27 19
-0.983160 -0.108950 -0.146719 145.986420
63533 29 27 27
-0.601570 0.644055 -0.472553 154.214996
65837 29 27 28
-0.480458 0.612895 -0.627311 140.606964
24413 29 28 10
0.012773 -0.844027 0.536149 66.000473
26717 29 28 11
-0.023397 -0.933765 0.357121 76.384041
40541 29 28 17
-0.851814 -0.495811 0.169069 141.960052
42845 29 28 18
-0.897630 -0.435790 -0.065932 142.794022
45149 29 28 19
-0.926212 -0.364344 -0.096879 140.416351
63581 29 28 27
-0.813365 0.405443 -0.417198 165.304962
65885 29 28 28
-0.662486 0.408749 -0.627723 153.902908
24461 29 29 10
0.079985 -0.869273 0.487819 47.456936
26765 29 29 11
0.070339 -0.922911 0.378534 55.956066
38285 29 29 16
-0.433526 -0.754491 0.492746 119.524071
40589 29 29 17
-0.575499 -0.798765 0.175431 127.040092
42893 29 29 18
-0.659733 -0.751294 -0.017607 128.441116
45197 29 29 19
-0.745432 -0.666537 0.007763 127.918594
63629 29 29 27
-0.918945 -0.169035 -0.356326 167.933762
65933 29 29 28
-0.800358 -0.090638 -0.592631 158.060562
68237 29 29 29
-0.736067 -0.033621 -0.676073 141.929733
70541 29 29 30
-0.718649 -0.028480 -0.694789 121.083710
24509 29 30 10
0.133251 -0.875702 0.464101 32.049786
38333 29 30 16
-0.107361 -0.913090 0.393370 100.677933
40637 29 30 17
-0.241217 -0.963544 0.115746 106.293465
42941 29 30 18
-0.356145 -0.934329 0.013771 107.417732
45245 29 30 19
-0.466926 -0.876584 0.116535 108.689507
49853 29 30 21
-0.622501 -0.622418 0.474435 124.357460
52157 29 30 22
-0.684178 -0.525922 0.505278 136.856430
63677 29 30 27
-0.666115 -0.697563 -0.264003 158.084656
65981 29 30 28
-0.661039 -0.604001 -0.445209 148.928162
68285 29 30 29
-0.664545 -0.481539 -0.571402 134.006042
70589 29 30 30
-0.659462 -0.387361 -0.644252 113.929291
72893 29 30 31
-0.642161 -0.336719 -0.688658 90.497116
38381 29 31 16
0.141658 -0.959476 0.243595 79.394142
40685 29 31 17
0.009975 -0.999162 0.039693 82.408287
42989 29 31 18
-0.114517 -0.993188 0.021518 82.747299
49901 29 31 21
-0.326272 -0.805995 0.493881 104.994438
52205 29 31 22
-0.360607 -0.798805 0.481533 119.057877
54509 29 31 23
-0.390556 -0.845870 0.363278 130.928894
56813 29 31 24
-0.396482 -0.899348 0.184326 138.346619
66029 29 31 28
-0.449132 -0.834504 -0.319192 126.157295
68333 29 31 29
-0.507948 -0.741713 -0.438008 112.989342
70637 29 31 30
-0.544691 -0.639320 -0.542754 95.389114
72941 29 31 31
-0.553042 -0.552622 -0.623501 74.739349
52253 29 32 22
-0.131455 -0.909446 0.394496 93.160988
54557 29 32 23
-0.133804 -0.955926 0.261346 103.694901
23742 30 14 10
0.309305 0.885969 0.345527 81.312416
26046 30 14 11
0.132428 0.985607 -0.105081 83.192818
23790 30 15 10
0.271590 0.587729 0.762111 92.580536
26094 30 15 11
0.042779 0.989677 0.136782 98.037552
28398 30 15 12
-0.168106 0.931926 -0.321333 96.057541
30702 30 15 13
-0.244240 0.862108 -0.443977 88.517250
33006 30 15 14
-0.268136 0.837386 -0.476327 77.525139
23838 30 16 10
0.055981 0.005228 0.998418 96.058441
26142 30 16 11
-0.297364 0.448752 0.842731 104.796761
28446 30 16 12
-0.540992 0.838724 -0.062208 107.070999
30750 30 16 13
-0.456789 0.824525 -0.333921 104.196243
33054 30 16 14
-0.394483 0.821656 -0.411419 97.234695
26190 30 17 11
-0.421186 -0.200329 0.884574 104.859245
28494 30 17 12
-0.785076 0.187512 0.590335 110.984863
30798 30 17 13
-0.746648 0.661998 0.065382 113.392166
33102 30 17 14
-0.560897 0.791249 -0.243556 111.972137
35406 30 17 15
-0.455061 0.790717 -0.409494 105.883301
23934 30 18 10
-0.357983 -0.079352 0.930350 91.485580
33150 30 18 14
-0.696338 0.706072 0.128747 120.999657
35454 30 18 15
-0.587371 0.742274 -0.322528 119.422249
37758 30 18 16
-0.521820 0.687063 -0.505616 111.936760
23982 30 19 10
-0.496589 0.276927 0.822624 92.982155
35502 30 19 15
-0.745928 0.634969 -0.201014 127.179977
37806 30 19 16
-0.687072 0.526088 -0.501162 122.595619
24030 30 20 10
-0.540588 0.496757 0.678968 100.404221
24078 30 21 10
-0.584628 0.503444 0.636203 111.816208
51726 30 21 22
-0.570414 0.665900 -0.480838 102.420311
21822 30 22 9
-0.548369 0.201433 0.811613 101.405594
24126 30 22 10
-0.652437 0.342903 0.675828 122.588852
26430 30 22 11
-0.725698 0.518957 0.451714 135.451675
28734 30 22 12
-0.736460 0.653640 0.174304 140.778122
31038 30 22 13
-0.757861 0.647204 -0.082295 141.378769
33342 30 22 14
-0.860243 0.419123 -0.290375 139.517578
37950 30 22 16
-0.942473 0.035841 -0.332355 130.963211
40254 30 22 17
-0.979481 0.024330 -0.200062 126.129990
49470 30 22 21
-0.866059 0.472628 -0.162986 128.426788
51774 30 22 22
-0.653025 0.583176 -0.483181 120.348404
54078 30 22 23
-0.467302 0.621381 -0.628900 104.749207
24174 30 23 10
-0.690510 0.053378 0.721351 127.884071
26478 30 23 11
-0.868981 0.130067 0.477446 141.983932
28782 30 23 12
-0.983133 0.162094 0.084703 146.879303
31086 30 23 13
-0.969056 0.091091 -0.229418 145.689102
33390 30 23 14
-0.945548 -0.000478 -0.325482 141.728439
35694 30 23 15
-0.947544 -0.033123 -0.317905 136.655838
37998 30 23 16
-0.961531 -0.026097 -0.273454 131.034302
40302 30 23 17
-0.985958 -0.018734 -0.165937 126.112923
42606 30 23 18
-0.999613 -0.020889 0.018351 124.278969
49518 30 23 21
-0.981251 0.192711 0.002953 135.651993
51822 30 23 22
-0.790463 0.416059 -0.449513 131.620270
54126 30 23 23
-0.535650 0.551186 -0.639744 119.987137
24222 30 24 10
-0.653894 -0.249644 0.714213 125.048409
26526 30 24 11
-0.837919 -0.315553 0.445329 139.854294
28830 30 24 12
-0.928629 -0.367942 0.047608 144.740784
31134 30 24 13
-0.914223 -0.357602 -0.190568 143.060593
33438 30 24 14
-0.929797 -0.290582 -0.225918 138.890060
35742 30 24 15
-0.961809 -0.183134 -0.203434 134.363358
38046 30 24 16
-0.979008 -0.084302 -0.185568 129.721405
40350 30 24 17
-0.990385 -0.033346 -0.134260 125.416527
42654 30 24 18
-0.999155 -0.040925 -0.003915 123.382401
49566 30 24 21
-0.974847 -0.146196 0.168225 135.985489
51870 30 24 22
-0.961018 0.059169 -0.270080 135.686218
54174 30 24 23
-0.714596 0.396244 -0.576492 129.193069
63390 30 24 27
-0.422821 0.770706 -0.476692 88.111626
24270 30 25 10
-0.572725 -0.470764 0.671094 114.486725
26574 30 25 11
-0.706551 -0.594290 0.384195 128.983383
28878 30 25 12
-0.769736 -0.636415 0.049824 133.922165
31182 30 25 13
-0.810313 -0.576858 -0.103090 132.884491
38094 30 25 16
-0.990140 -0.120917 -0.070719 126.863388
51918 30 25 22
-0.963935 -0.264954 0.025070 133.976364
63438 30 25 27
-0.449830 0.740602 -0.499161 108.721909
65742 30 25 28
-0.390497 0.667025 -0.634499 92.759430
24318 30 26 10
-0.484054 -0.614828 0.622638 98.728104
26622 30 26 11
-0.579977 -0.741265 0.337865 111.882347
28926 30 26 12
-0.645133 -0.760401 0.074795 116.813950
40446 30 26 17
-0.998802 -0.041270 -0.026282 123.342873
63486 30 26 27
-0.529897 0.689544 -0.493699 126.606735
65790 30 26 28
-0.435668 0.613095 -0.659020 111.254005
24366 30 27 10
-0.396235 -0.714469 0.576656 80.730614
26670 30 27 11
-0.468775 -0.824508 0.316918 91.984993
40494 30 27 17
-0.995782 -0.088613 0.023784 121.366394
42798 30 27 18
-0.994832 -0.074382 -0.069115 120.363983
45102 30 27 19
-0.992933 -0.104545 -0.056173 118.074478
63534 30 27 27
-0.685268 0.571477 -0.451466 140.638916
65838 30 27 28
-0.545476 0.508051 -0.666589 126.917618
24414 30 28 10
-0.307610 -0.786866 0.534993 62.755062
26718 30 28 11
-0.360533 -0.871969 0.331190 72.219673
40542 30 28 17
-0.977158 -0.206858 0.048696 116.993523
42846 30 28 18
-0.976532 -0.200632 -0.078312 116.191414
45150 30 28 19
-0.977660 -0.199088 -0.067414 113.593613
63582 30 28 27
-0.866563 0.299463 -0.399238 149.489624
65886 30 28 28
-0.694772 0.278112 -0.663284 137.405716
24462 30 29 10
-0.219890 -0.833521 0.506844 46.235767
26766 30 29 11
-0.246578 -0.886867 0.390726 54.443748
38286 30 29 16
-0.852255 -0.418250 0.314210 104.744049
40590 30 29 17
-0.905164 -0.423732 0.033594 108.625908
42894 30 29 18
-0.907804 -0.410144 -0.087607 107.461052
65934 30 29 28
-0.767439 -0.119511 -0.629885 139.627548
68238 30 29 29
-0.699372 -0.065065 -0.711791 120.817627
24510 30 30 10
-0.137848 -0.852225 0.504689 32.099293
36030 30 30 15
-0.455343 -0.624149 0.634902 85.113106
38334 30 30 16
-0.641183 -0.714880 0.278981 93.452820
40638 30 30 17
-0.706964 -0.706671 -0.028620 95.516579
42942 30 30 18
-0.740614 -0.665106 -0.095525 93.602692
49854 30 30 21
-0.818231 -0.377298 0.433755 105.566223
65982 30 30 28
-0.653836 -0.529211 -0.540772 130.967804
68286 30 30 29
-0.646969 -0.413432 -0.640707 113.256592
70590 30 30 30
-0.652082 -0.328377 -0.683344 91.350563
36078 30 31 15
-0.149687 -0.835443 0.528800 72.590492
38382 30 31 16
-0.302314 -0.941980 0.145875 78.381310
40686 30 31 17
-0.406821 -0.907376 -0.105662 78.291847
47598 30 31 20
-0.597622 -0.715005 0.362790 81.161003
49902 30 31 21
-0.590799 -0.628118 0.506384 92.492340
52206 30 31 22
-0.589638 -0.613521 0.525280 106.239296
54510 30 31 23
-0.586998 -0.679002 0.440896 118.557220
56814 30 31 24
-0.547431 -0.793889 0.264687 126.903366
68334 30 31 29
-0.514239 -0.665324 -0.541205 95.385437
70638 30 31 30
-0.557991 -0.563400 -0.609284 76.299408
38430 30 32 16
-0.049630 -0.998491 0.023515 60.578831
52254 30 32 22
-0.334647 -0.826644 0.452406 86.434608
54558 30 32 23
-0.296401 -0.898103 0.324895 97.502869
56862 30 32 24
-0.239514 -0.960763 0.139881 104.060356
21439 31 14 9
-0.231768 0.616977 0.752079 73.456520
23743 31 14 10
-0.427806 0.876412 0.221098 80.804695
26047 31 14 11
-0.473697 0.843177 -0.254290 79.923561
21487 31 15 9
-0.386762 0.115091 0.914970 78.986862
23791 31 15 10
-0.758967 0.375109 0.532224 89.516006
26095 31 15 11
-0.829086 0.550057 -0.100266 91.925331
28399 31 15 12
-0.710229 0.600250 -0.367797 87.271111
30703 31 15 13
-0.617662 0.651166 -0.440995 78.060165
23839 31 16 10
-0.773391 -0.166739 0.611608 90.294930
26143 31 16 11
-0.984005 0.047024 0.171820 96.169937
28447 31 16 12
-0.939476 0.310408 -0.145025 96.004570
30751 31 16 13
-0.809644 0.514704 -0.282057 91.556236
23887 31 17 10
-0.737035 -0.297192 0.607006 85.851791
23935 31 18 10
-0.763064 -0.170375 0.623462 81.053215
35455 31 18 15
-0.787420 0.556278 -0.265566 106.499596
35503 31 19 15
-0.898808 0.378546 -0.221013 115.746864
37807 31 19 16
-0.806788 0.361108 -0.467647 108.653397
35551 31 20 15
-0.958412 0.150815 -0.242284 120.225807
37855 31 20 16
-0.887499 0.110386 -0.447393 113.476173
35599 31 21 15
-0.954588 -0.021745 -0.297134 121.187286
37903 31 21 16
-0.914163 -0.059595 -0.400941 113.781441
24127 31 22 10
-0.803825 0.200974 0.559887 101.185104
26431 31 22 11
-0.880359 0.245903 0.405586 115.752190
28735 31 22 12
-0.945518 0.232497 0.227904 124.086662
31039 31 22 13
-0.991725 0.126482 0.021976 126.950874
33343 31 22 14
-0.982121 -0.028312 -0.186110 125.228973
35647 31 22 15
-0.939237 -0.122438 -0.320692 119.594261
37951 31 22 16
-0.928044 -0.133931 -0.347559 111.354034
49471 31 22 21
-0.890318 0.455048 -0.016278 105.425972
51775 31 22 22
-0.751787 0.590049 -0.294379 101.145363
54079 31 22 23
-0.576892 0.647386 -0.498084 89.416206
24175 31 23 10
-0.822195 0.017583 0.568935 104.810699
26479 31 23 11
-0.927860 0.020570 0.372361 119.703659
28783 31 23 12
-0.991385 -0.025350 0.128506 126.711700
31087 31 23 13
-0.989030 -0.112704 -0.095486 127.022430
33391 31 23 14
-0.954073 -0.182890 -0.237268 122.715218
35695 31 23 15
-0.934092 -0.196840 -0.297868 115.567223
37999 31 23 16
-0.943012 -0.168052 -0.287205 107.238380
49519 31 23 21
-0.952343 0.258823 0.161411 114.989769
51823 31 23 22
-0.858268 0.470454 -0.205059 114.804153
54127 31 23 23
-0.631080 0.599941 -0.491741 106.346077
24223 31 24 10
-0.806351 -0.177840 0.564066 102.107430
26527 31 24 11
-0.916523 -0.219423 0.334425 116.644363
28831 31 24 12
-0.959413 -0.274655 0.063968 122.463203
31135 31 24 13
-0.940406 -0.312404 -0.134317 121.205826
33439 31 24 14
-0.925803 -0.306892 -0.220696 115.901749
35743 31 24 15
-0.936955 -0.255917 -0.237953 108.976845
38047 31 24 16
-0.959330 -0.184492 -0.213654 101.907280
49567 31 24 21
-0.940580 -0.040725 0.337121 117.605377
51871 31 24 22
-0.987123 0.159697 -0.009235 121.294228
54175 31 24 23
-0.776171 0.457449 -0.433935 117.437363
26575 31 25 11
-0.862900 -0.409542 0.296105 106.910873
28879 31 25 12
-0.891248 -0.452407 0.031702 111.675621
31183 31 25 13
-0.886839 -0.444826 -0.125082 109.944443
33487 31 25 14
-0.908100 -0.385584 -0.163342 105.356049
35791 31 25 15
-0.947322 -0.283856 -0.148344 100.465370
51919 31 25 22
-0.926219 -0.283610 0.248363 120.233101
54223 31 25 23
-0.991021 0.029144 -0.130494 121.250183
63439 31 25 27
-0.480460 0.726312 -0.491558 96.544197
65743 31 25 28
-0.431511 0.646530 -0.629124 80.963684
26623 31 26 11
-0.797055 -0.542097 0.266147 92.695763
28927 31 26 12
-0.826210 -0.562651 0.028289 96.681053
31231 31 26 13
-0.852540 -0.516514 -0.079932 95.590324
33535 31 26 14
-0.909508 -0.409696 -0.070319 93.227455
63487 31 26 27
-0.583408 0.640099 -0.499908 113.683365
65791 31 26 28
-0.490444 0.554516 -0.672293 98.174072
26671 31 27 11
-0.729943 -0.633566 0.256470 76.682968
28975 31 27 12
-0.776406 -0.626812 0.065574 80.522354
63535 31 27 27
-0.744596 0.473098 -0.470909 126.046288
65839 31 27 28
-0.593432 0.408435 -0.693556 111.649834
26719 31 28 11
-0.657075 -0.697489 0.285942 61.026634
42847 31 28 18
-0.993017 -0.098014 -0.065658 84.798767
63583 31 28 27
-0.882541 0.205429 -0.422990 132.949600
65887 31 28 28
-0.699984 0.184560 -0.689899 119.698532
24463 31 29 10
-0.508050 -0.713434 0.482594 39.587910
26767 31 29 11
-0.566296 -0.735585 0.371783 47.016602
38287 31 29 16
-0.983749 -0.130174 0.123659 82.578133
40591 31 29 17
-0.984564 -0.165425 -0.057162 83.188911
36031 31 30 15
-0.860082 -0.297921 0.414129 73.226059
38335 31 30 16
-0.939580 -0.332762 0.080369 77.794357
36079 31 31 15
-0.684407 -0.610503 0.398589 65.942162
38383 31 31 16
-0.764346 -0.644715 -0.010873 68.909050
40687 31 31 17
-0.752037 -0.620804 -0.221458 66.268333
49903 31 31 21
-0.744631 -0.431469 0.509274 75.096352
52207 31 31 22
-0.722982 -0.412775 0.553999 89.055817
54511 31 31 23
-0.720451 -0.467462 0.512279 102.726952
56815 31 31 24
-0.705231 -0.600532 0.376843 113.202690
59119 31 31 25
-0.638945 -0.758958 0.125431 118.683525
36127 31 32 15
-0.423463 -0.858980 0.287806 54.527058
38431 31 32 16
-0.490688 -0.866645 -0.090288 55.908455
52255 31 32 22
-0.534845 -0.676527 0.506213 74.656982
54559 31 32 23
-0.498352 -0.763564 0.410628 86.881340
56863 31 32 24
-0.432486 -0.871124 0.232591 95.327789
59167 31 32 25
-0.345567 -0.938358 0.008277 98.430939
61471 31 32 26
-0.283745 -0.937674 -0.200639 95.762726
36175 31 33 15
-0.230923 -0.955905 0.181442 40.410675
38479 31 33 16
-0.281814 -0.951379 -0.124338 40.707821
52303 31 33 22
-0.362629 -0.831808 0.420233 55.002071
54607 31 33 23
-0.312106 -0.899815 0.304832 64.480156
19088 32 13 8
-0.421051 0.575377 0.701183 47.248547
21392 32 13 9
-0.560798 0.754130 0.341751 55.754784
19136 32 14 8
-0.529946 0.225495 0.817502 53.832561
21440 32 14 9
-0.762858 0.393594 0.512963 65.238518
23744 32 14 10
-0.856613 0.514459 0.039314 69.800697
23792 32 15 10
-0.977994 0.099915 0.183152 75.287125
26096 32 15 11
-0.958135 0.237822 -0.159428 75.171181
23840 32 16 10
-0.938814 -0.190071 0.287230 73.977829
21584 32 17 9
-0.758093 -0.326650 0.564442 58.276134
35456 32 18 15
-0.849084 0.491519 -0.193561 87.375023
37760 32 18 16
-0.752464 0.521674 -0.402063 79.937424
35504 32 19 15
-0.939637 0.296032 -0.171605 96.799377
37808 32 19 16
-0.859535 0.290630 -0.420397 89.813675
33248 32 20 14
-0.988137 0.125452 0.088584 101.979904
35552 32 20 15
-0.978365 0.055011 -0.199439 100.726707
37856 32 20 16
-0.910404 0.022088 -0.413131 93.349152
28688 32 21 12
-0.926817 0.184846 0.326867 93.490730
30992 32 21 13
-0.976495 0.099162 0.191374 100.788765
33296 32 21 14
-0.999490 -0.023989 -0.021085 103.123520
35600 32 21 15
-0.962005 -0.121914 -0.244303 99.692238
37904 32 21 16
-0.913249 -0.152652 -0.377722 91.449440
31040 32 22 13
-0.997866 -0.028496 0.058745 101.784767
33344 32 22 14
-0.981989 -0.141086 -0.125665 100.822540
51824 32 23 22
-0.855435 0.516961 -0.031325 94.580338
51872 32 24 22
-0.945414 0.277207 0.171313 103.958260
54176 32 24 23
-0.822392 0.519493 -0.231944 103.290947
51920 32 25 22
-0.901308 -0.151997 0.405637 105.293610
54224 32 25 23
-0.991951 0.119935 0.040617 109.121361
51968 32 26 22
-0.747091 -0.430611 0.506387 99.367821
54272 32 26 23
-0.858959 -0.345736 0.377699 107.118858
63488 32 26 27
-0.661596 0.552119 -0.507400 98.991791
65792 32 26 28
-0.564875 0.488636 -0.664944 83.433464
63536 32 27 27
-0.806595 0.349892 -0.476424 109.560883
65840 32 27 28
-0.656394 0.319778 -0.683293 94.694054
63584 32 28 27
-0.899368 0.118745 -0.420757 114.706329
65888 32 28 28
-0.729623 0.120444 -0.673160 100.744957
63632 32 29 27
-0.907985 -0.114072 -0.403175 114.779037
65936 32 29 28
-0.746691 -0.098095 -0.657898 101.092842
61376 32 30 26
-0.936639 -0.346937 -0.048400 114.650818
63680 32 30 27
-0.821028 -0.379096 -0.426849 109.212975
65984 32 30 28
-0.687742 -0.334843 -0.644120 95.201302
36080 32 31 15
-0.925329 -0.316547 0.208723 52.488354
56816 32 31 24
-0.805277 -0.417892 0.420590 95.838173
59120 32 31 25
-0.808595 -0.555825 0.192956 103.217766
61424 32 31 26
-0.745304 -0.651915 -0.139748 103.884659
63728 32 31 27
-0.638940 -0.635831 -0.432984 96.851929
66032 32 31 28
-0.561341 -0.559183 -0.610091 82.820320
36128 32 32 15
-0.774466 -0.609315 0.170109 45.006065
38432 32 32 16
-0.781508 -0.604743 -0.153399 44.956074
56864 32 32 24
-0.635835 -0.706853 0.309956 81.740219
59168 32 32 25
-0.581409 -0.809335 0.083309 86.808029
61472 32 32 26
-0.504874 -0.844848 -0.177016 85.609825
63776 32 32 27
-0.442229 -0.803955 -0.397605 77.988609
66080 32 32 28
-0.414906 -0.725141 -0.549566 65.188477
36176 32 33 15
-0.579735 -0.806139 0.118520 34.306477
38480 32 33 16
-0.591950 -0.787745 -0.170451 33.790718
59216 32 33 25
-0.391546 -0.919875 0.022829 64.430878
61520 32 33 26
-0.332252 -0.926907 -0.174505 62.447922
21345 33 12 9
-0.649502 0.751186 0.117752 34.193470
19089 33 13 8
-0.726120 0.418218 0.545751 38.154797
21393 33 13 9
-0.829279 0.518221 0.209148 44.136936
19137 33 14 8
-0.789919 0.110288 0.603212 42.316708
21441 33 14 9
-0.934405 0.197845 0.296219 50.241123
35457 33 18 15
-0.884771 0.454997 -0.100788 66.421822
37761 33 18 16
-0.806353 0.504785 -0.308200 61.826427
33201 33 19 14
-0.964540 0.223044 0.141115 73.844788
35505 33 19 15
-0.967387 0.237605 -0.087788 74.629761
37809 33 19 16
-0.913071 0.238176 -0.331019 69.963966
44721 33 19 19
-0.712747 0.379267 -0.590041 41.176132
33249 33 20 14
-0.992995 0.049231 0.107408 77.276764
35553 33 20 15
-0.992492 -0.013524 -0.121559 77.189613
37857 33 20 16
-0.940404 -0.057107 -0.335229 71.787704
33297 33 21 14
-0.994809 -0.100203 0.017729 76.474808
35601 33 21 15
-0.966644 -0.189369 -0.172449 74.386513
51873 33 24 22
-0.910895 0.333753 0.242650 83.873688
54177 33 24 23
-0.854005 0.513440 -0.083996 85.689209
51921 33 25 22
-0.902090 -0.015388 0.431275 87.653503
54225 33 25 23
-0.975417 0.185314 0.119249 93.361404
56529 33 25 24
-0.890535 0.417343 -0.181031 92.542625
51969 33 26 22
-0.780158 -0.332809 0.529709 83.594177
54273 33 26 23
-0.905990 -0.241142 0.347898 92.664398
56577 33 26 24
-0.996243 0.008193 0.086219 96.503563
58881 33 26 25
-0.950686 0.275457 -0.142544 95.871239
61185 33 26 26
-0.852692 0.412923 -0.320018 91.101845
63489 33 26 27
-0.753357 0.441927 -0.486984 81.473152
54321 33 27 23
-0.782971 -0.404078 0.472946 85.840080
63537 33 27 27
-0.865485 0.233986 -0.442929 89.902779
65841 33 27 28
-0.735398 0.242787 -0.632648 75.665283
63585 33 28 27
-0.923743 0.051059 -0.379594 93.318245
65889 33 28 28
-0.787322 0.074892 -0.611977 79.960106
63633 33 29 27
-0.932350 -0.096487 -0.348444 92.719971
65937 33 29 28
-0.799663 -0.081471 -0.594896 79.866508
61377 33 30 26
-0.969314 -0.244011 -0.029811 93.134651
63681 33 30 27
-0.894489 -0.267261 -0.358416 88.186241
65985 33 30 28
-0.766404 -0.251763 -0.590966 75.377319
56817 33 31 24
-0.858636 -0.316103 0.403514 74.810440
59121 33 31 25
-0.894478 -0.396229 0.207153 82.834671
61425 33 31 26
-0.880623 -0.466788 -0.081320 84.537186
63729 33 31 27
-0.793153 -0.480384 -0.374353 78.721313
66033 33 31 28
-0.683440 -0.442803 -0.580375 66.196747
56865 33 32 24
-0.767497 -0.547116 0.334086 63.777798
59169 33 32 25
-0.761587 -0.633682 0.135764 69.844200
61473 33 32 26
-0.718009 -0.685960 -0.117994 70.129402
63777 33 32 27
-0.642144 -0.675579 -0.362276 64.074715
66081 33 32 28
-0.566220 -0.619660 -0.543523 52.843971
63825 33 33 27
-0.494641 -0.805441 -0.326488 46.309864
42418 34 19 18
-0.779190 0.218089 -0.587623 39.605862
44722 34 19 19
-0.689513 0.282285 -0.666998 31.769415
51922 34 25 22
-0.918269 0.063423 0.390845 67.204163
54226 34 25 23
-0.971312 0.198151 0.131487 73.254036
51970 34 26 22
-0.847455 -0.228911 0.478978 65.168243
54274 34 26 23
-0.949836 -0.143378 0.277947 73.802834
56578 34 26 24
-0.998969 0.012975 0.043493 77.247734
58882 34 26 25
-0.972393 0.178102 -0.150769 75.958572
54322 34 27 23
-0.856982 -0.348407 0.379730 67.964195
56626 34 27 24
-0.951619 -0.228862 0.205044 74.548622
58930 34 27 25
-0.997648 -0.067797 0.010112 76.967690
61234 34 27 26
-0.978820 0.068362 -0.192974 74.813522
63538 34 27 27
-0.908109 0.147486 -0.391900 67.519821
56674 34 28 24
-0.907066 -0.275654 0.318192 68.478439
40163 35 20 17
-0.941935 -0.237104 -0.237781 33.567059
42467 35 20 18
-0.878122 -0.220148 -0.424779 29.737745
40164 36 20 17
-0.960228 -0.264695 -0.088873 22.976875
42468 36 20 18
-0.911076 -0.262495 -0.317864 21.134222
44772 36 20 19
-0.842486 -0.177087 -0.508781 17.712208
