2.000000
48 48 48
5.706035 -25.144679 55.977221
-42.293964 -73.144676 7.977221
78.472136 3148.506230 788.824960
53816 8 17 23
0.828740 0.475826 0.294584 18.004347
53864 8 18 23
0.895853 0.216544 0.388016 20.646528
53912 8 19 23
0.897925 -0.075182 0.433680 21.220348
51513 9 17 22
0.491171 0.444384 0.749182 18.997791
53817 9 17 23
0.664237 0.600948 0.444579 23.736080
53865 9 18 23
0.761462 0.335351 0.554721 27.914574
53913 9 19 23
0.801994 0.008057 0.597278 29.615482
56217 9 19 24
0.969463 0.079772 0.231899 34.266895
53722 10 15 23
0.287014 0.896084 0.338608 15.537161
53770 10 16 23
0.365465 0.813531 0.452330 21.950783
58570 10 20 25
0.988142 -0.153458 -0.005096 48.265427
60874 10 20 26
0.943771 -0.093997 -0.316955 45.416473
56267 11 20 24
0.803968 -0.089737 0.587864 57.845009
58571 11 20 25
0.988434 -0.063248 0.137831 63.408150
60875 11 20 26
0.965307 -0.020946 -0.260277 62.056934
56315 11 21 24
0.767223 -0.407848 0.495005 53.484474
58619 11 21 25
0.906565 -0.395274 0.147982 59.266945
60923 11 21 26
0.936276 -0.306047 -0.172404 58.829700
56220 12 19 24
0.505592 0.452128 0.734818 65.035538
56268 12 20 24
0.652804 0.060697 0.755092 69.101730
58572 12 20 25
0.934499 0.090522 0.344264 77.558487
60876 12 20 26
0.978023 0.101188 -0.182297 78.460632
56316 12 21 24
0.691522 -0.319555 0.647828 66.649422
58620 12 21 25
0.891154 -0.336412 0.304419 75.289276
60924 12 21 26
0.961076 -0.257339 -0.100547 76.928802
65245 13 15 28
0.417774 0.858343 -0.297847 36.129208
67549 13 15 29
0.395062 0.708025 -0.585343 30.412760
65293 13 16 28
0.540906 0.721129 -0.432889 47.032215
67597 13 16 29
0.491512 0.533386 -0.688415 38.744267
56125 13 17 24
0.133897 0.755549 0.641262 48.223438
65341 13 17 28
0.616049 0.553475 -0.560490 56.604935
56173 13 18 24
0.183449 0.687465 0.702665 60.591461
63133 13 19 27
0.724876 0.479634 -0.494475 81.420815
63181 13 20 27
0.806074 0.259281 -0.531995 87.066910
56365 13 22 24
0.566771 -0.508997 0.647837 70.856842
58669 13 22 25
0.715222 -0.555968 0.423506 81.759277
65581 13 22 28
0.895572 -0.121144 -0.428107 79.519356
67885 13 22 29
0.851811 0.091880 -0.515729 70.892776
70189 13 22 30
0.808900 0.303426 -0.503601 61.818035
72493 13 22 31
0.766505 0.500507 -0.402446 54.112644
65629 13 23 28
0.929619 -0.313795 -0.193242 75.325249
67933 13 23 29
0.948055 -0.127367 -0.291495 70.569664
70237 13 23 30
0.952375 0.065341 -0.297845 65.118179
72541 13 23 31
0.940411 0.253943 -0.226140 60.556656
81757 13 23 35
0.893230 0.398596 -0.207994 51.704056
74893 13 24 32
0.999374 0.032927 -0.012960 61.392361
77197 13 24 33
0.994431 0.103838 -0.018039 61.219971
79501 13 24 34
0.986794 0.126016 -0.101773 60.179348
81805 13 24 35
0.963272 0.106719 -0.246410 56.750557
65246 14 15 28
0.118102 0.954070 -0.275322 39.708645
67550 14 15 29
0.138849 0.807730 -0.572969 33.810314
65294 14 16 28
0.248017 0.874323 -0.417189 52.737934
67598 14 16 29
0.262759 0.661968 -0.701966 44.298283
56126 14 17 24
0.007573 0.747241 0.664510 49.342487
58430 14 17 25
0.049431 0.833107 0.550899 60.071632
60734 14 17 26
0.151364 0.932844 0.326941 67.388130
63038 14 17 27
0.301286 0.946323 -0.117047 69.168854
65342 14 17 28
0.374753 0.720948 -0.582919 64.181725
63086 14 18 27
0.403245 0.860072 -0.312520 80.440529
65390 14 18 28
0.434248 0.540664 -0.720494 73.225845
63134 14 19 27
0.458165 0.713217 -0.530477 89.368607
65438 14 19 28
0.425483 0.415047 -0.804177 80.246010
63182 14 20 27
0.526623 0.497512 -0.689311 95.814232
65486 14 20 28
0.416567 0.339910 -0.843169 85.914215
63230 14 21 27
0.704899 0.122635 -0.698626 98.950897
65534 14 21 28
0.495202 0.239391 -0.835145 90.118134
56366 14 22 24
0.428415 -0.506669 0.748162 80.990936
58670 14 22 25
0.539802 -0.601864 0.588536 92.692047
60974 14 22 26
0.744469 -0.628201 0.226118 98.313484
63278 14 22 27
0.856476 -0.370305 -0.359616 97.725838
65582 14 22 28
0.725672 0.017764 -0.687812 91.889877
67886 14 22 29
0.597117 0.302826 -0.742798 82.717072
70190 14 22 30
0.519156 0.536377 -0.665415 72.684746
72494 14 22 31
0.473508 0.733827 -0.487122 64.106575
84014 14 22 36
0.711342 0.657593 -0.248122 52.351028
56414 14 23 24
0.384151 -0.668070 0.637268 68.315842
58718 14 23 25
0.470089 -0.707993 0.527031 80.809723
61022 14 23 26
0.626833 -0.697788 0.346658 88.971878
63326 14 23 27
0.826221 -0.561838 0.041185 92.064514
65630 14 23 28
0.918290 -0.261125 -0.297584 90.360092
67934 14 23 29
0.880156 0.065786 -0.470104 85.290756
70238 14 23 30
0.816653 0.349480 -0.459283 79.067963
72542 14 23 31
0.751022 0.578917 -0.317525 73.787201
74846 14 23 32
0.692367 0.708466 -0.136761 70.632133
81758 14 23 35
0.794341 0.584943 -0.163902 67.749725
84062 14 23 36
0.820194 0.436752 -0.369499 62.849064
63374 14 24 27
0.799470 -0.545502 0.251547 83.306557
74894 14 24 32
0.962532 0.271038 -0.008438 78.048271
77198 14 24 33
0.941650 0.335963 0.020609 78.278816
79502 14 24 34
0.944741 0.320115 -0.070641 78.036018
81806 14 24 35
0.935620 0.237428 -0.261235 75.271774
84110 14 24 36
0.874719 0.128833 -0.467192 68.357178
77246 14 25 33
0.983651 -0.172389 0.052088 79.331749
79550 14 25 34
0.985287 -0.152847 -0.076462 79.274368
81854 14 25 35
0.945440 -0.156305 -0.285854 75.857834
56127 15 17 24
-0.040271 0.777132 0.628048 48.907711
58431 15 17 25
-0.082426 0.832528 0.547816 59.591736
60735 15 17 26
-0.083425 0.920884 0.380805 67.678757
63039 15 17 27
-0.016444 0.999858 0.003682 70.878548
65343 15 17 28
0.107272 0.858333 -0.501753 67.455437
63087 15 18 27
0.045110 0.983610 -0.174573 82.857552
65391 15 18 28
0.194256 0.669519 -0.716944 77.448235
63135 15 19 27
0.037497 0.871584 -0.488810 91.800537
65439 15 19 28
0.166918 0.461073 -0.871522 84.283432
63183 15 20 27
-0.044408 0.632389 -0.773377 98.027008
65487 15 20 28
0.062725 0.350161 -0.934587 89.151222
63231 15 21 27
-0.088635 0.320318 -0.943154 101.540779
65535 15 21 28
-0.010168 0.319159 -0.947647 93.090904
56367 15 22 24
0.250944 -0.549660 0.796807 87.173630
58671 15 22 25
0.214335 -0.678070 0.703051 97.803589
60975 15 22 26
0.214513 -0.897160 0.386118 102.720871
63279 15 22 27
0.181076 -0.321461 -0.929448 101.961525
65583 15 22 28
0.092134 0.308887 -0.946626 96.210091
67887 15 22 29
0.082922 0.521605 -0.849148 87.038269
70191 15 22 30
0.084151 0.697214 -0.711907 76.850540
72495 15 22 31
0.095791 0.862700 -0.496562 68.192238
84015 15 22 36
0.567346 0.804764 -0.174565 64.129395
86319 15 22 37
0.614843 0.645384 -0.453264 58.399151
56415 15 23 24
0.210140 -0.704916 0.677447 74.795403
58719 15 23 25
0.221970 -0.748440 0.624954 87.335175
61023 15 23 26
0.312810 -0.781927 0.539203 95.762466
63327 15 23 27
0.667714 -0.721559 0.183056 99.310577
65631 15 23 28
0.737297 0.149960 -0.658715 97.948547
67935 15 23 29
0.446827 0.561755 -0.696259 92.850258
70239 15 23 30
0.329819 0.755723 -0.565775 86.255173
72543 15 23 31
0.266909 0.896330 -0.354052 80.568291
81759 15 23 35
0.557877 0.828834 -0.042523 79.192917
84063 15 23 36
0.697858 0.627805 -0.344753 76.327538
86367 15 23 37
0.695799 0.389447 -0.603486 68.076591
63375 15 24 27
0.689574 -0.514093 0.510093 94.325363
65679 15 24 28
0.977495 -0.192603 0.086073 97.557045
74895 15 24 32
0.650578 0.759076 -0.023496 88.868134
77199 15 24 33
0.620868 0.779745 0.080749 89.333008
79503 15 24 34
0.696994 0.716879 0.016850 90.111153
81807 15 24 35
0.812393 0.527891 -0.247688 88.876793
84111 15 24 36
0.798460 0.254669 -0.545532 83.288078
63423 15 25 27
0.710439 -0.433775 0.554180 87.754433
65727 15 25 28
0.907728 -0.339451 0.246582 94.214676
74943 15 25 32
0.997736 0.009712 0.066548 93.346764
77247 15 25 33
0.994478 0.057017 0.088101 94.435265
79551 15 25 34
0.996523 0.029940 -0.077749 94.694092
81855 15 25 35
0.923920 -0.064627 -0.377087 91.792549
84159 15 25 36
0.776513 -0.151486 -0.611621 83.902893
63471 15 26 27
0.726827 -0.440179 0.527225 79.703873
65775 15 26 28
0.862331 -0.446908 0.238031 87.308823
77295 15 26 33
0.890584 -0.449555 0.068992 90.595284
79599 15 26 34
0.886203 -0.456618 -0.078391 90.732704
81903 15 26 35
0.828852 -0.450406 -0.331872 87.090904
84207 15 26 36
0.714806 -0.417599 -0.560948 78.186836
86511 15 26 37
0.605716 -0.379130 -0.699549 64.369507
63519 15 27 27
0.728607 -0.491270 0.477269 70.013657
65823 15 27 28
0.826755 -0.527232 0.196223 77.173988
86559 15 27 37
0.576002 -0.509773 -0.639025 54.264812
63567 15 28 27
0.714970 -0.545707 0.437061 59.073856
70671 15 32 30
0.830290 -0.552103 0.076161 34.438156
72975 15 32 31
0.864973 -0.482201 -0.138936 33.922897
65392 16 18 28
0.064681 0.791145 -0.608199 78.810028
67696 16 18 29
0.218868 0.500949 -0.837345 69.352272
65440 16 19 28
0.065272 0.472662 -0.878823 85.351379
67744 16 19 29
0.211579 0.249655 -0.944937 74.409966
54016 16 21 23
0.274757 -0.081679 0.958038 82.127319
56320 16 21 24
0.171882 -0.047056 0.983993 94.742096
58624 16 21 25
-0.228628 0.104851 0.967851 101.539307
54064 16 22 23
0.174137 -0.534768 0.826861 76.190506
56368 16 22 24
0.081693 -0.636237 0.767156 89.737030
58672 16 22 25
-0.096445 -0.741408 0.664088 98.292236
60976 16 22 26
-0.537346 -0.798426 0.271616 101.810013
84016 16 22 36
0.376605 0.924459 -0.059533 71.986992
86320 16 22 37
0.455227 0.776751 -0.435231 67.957283
88624 16 22 38
0.448326 0.582295 -0.678186 57.768864
56416 16 23 24
0.061495 -0.739278 0.670586 77.469727
58720 16 23 25
0.010819 -0.748702 0.662819 89.058495
84064 16 23 36
0.435092 0.871826 -0.224977 84.378777
86368 16 23 37
0.545885 0.536404 -0.643646 78.451477
88672 16 23 38
0.511055 0.295792 -0.807050 66.126373
86416 16 24 37
0.560623 0.116451 -0.819842 83.169228
65728 16 25 28
0.852797 -0.096876 0.513179 104.898964
68032 16 25 29
0.989256 0.143600 -0.027425 106.951324
70336 16 25 30
0.911385 0.322845 -0.255243 105.440964
72640 16 25 31
0.835552 0.509986 -0.204370 103.287186
74944 16 25 32
0.723945 0.689308 -0.027534 102.311386
77248 16 25 33
0.622884 0.778397 0.078184 102.608589
79552 16 25 34
0.671028 0.736533 -0.085086 102.816025
63472 16 26 27
0.526924 -0.401457 0.749121 91.682236
65776 16 26 28
0.774544 -0.457219 0.437073 101.260811
68080 16 26 29
0.890281 -0.451356 0.060637 104.509857
70384 16 26 30
0.905812 -0.413914 -0.090447 104.022079
72688 16 26 31
0.924290 -0.378707 -0.047623 102.955833
74992 16 26 32
0.938501 -0.341296 0.052284 102.996475
77296 16 26 33
0.942786 -0.329552 0.050506 103.737999
79600 16 26 34
0.908426 -0.377141 -0.180354 103.294861
81904 16 26 35
0.739514 -0.421262 -0.525031 99.358391
84208 16 26 36
0.558269 -0.415225 -0.718278 90.287346
63520 16 27 27
0.530839 -0.530285 0.661066 83.043861
65824 16 27 28
0.698259 -0.630788 0.338439 92.348412
79648 16 27 34
0.768147 -0.626476 -0.132203 95.520073
81952 16 27 35
0.673533 -0.627783 -0.390182 90.759636
84256 16 27 36
0.547185 -0.578893 -0.604542 80.702034
86560 16 27 37
0.451061 -0.518758 -0.726247 65.970474
63568 16 28 27
0.522981 -0.619272 0.585656 71.755127
65872 16 28 28
0.657963 -0.695344 0.289105 80.149124
84304 16 28 36
0.543871 -0.660753 -0.517311 66.710579
86608 16 28 37
0.451712 -0.607592 -0.653290 53.100903
63616 16 29 27
0.514177 -0.655758 0.552814 59.421120
68320 16 31 29
0.715644 -0.616432 0.328427 51.346397
70624 16 31 30
0.844896 -0.519570 0.127270 54.825287
72928 16 31 31
0.897641 -0.436141 -0.063421 55.255646
70672 16 32 30
0.736988 -0.649455 0.187235 45.955826
72976 16 32 31
0.812498 -0.580638 -0.052021 46.982246
70720 16 33 30
0.605577 -0.768453 0.206777 35.183693
67649 17 17 29
0.041707 0.865228 -0.499641 61.220631
65393 17 18 28
0.046061 0.901307 -0.430726 79.385643
67697 17 18 29
0.208064 0.646089 -0.734356 72.230865
70001 17 18 30
0.359540 0.498355 -0.788906 61.674805
65441 17 19 28
0.188765 0.539587 -0.820496 86.352112
67745 17 19 29
0.314143 0.247998 -0.916412 77.610199
70049 17 19 30
0.443343 0.175330 -0.879037 66.243317
53969 17 20 23
0.234409 0.482989 0.843667 83.123360
51713 17 21 22
0.189470 -0.171206 0.966845 69.657661
54017 17 21 23
0.148776 -0.189116 0.970619 85.431641
56321 17 21 24
0.033480 -0.187954 0.981607 95.713013
58625 17 21 25
-0.376308 -0.060213 0.924536 100.475822
54065 17 22 23
0.046421 -0.624407 0.779719 78.282158
56369 17 22 24
-0.035249 -0.715230 0.697999 90.013985
58673 17 22 25
-0.149035 -0.785597 0.600521 97.070900
86321 17 22 37
0.250061 0.877424 -0.409385 73.509384
88625 17 22 38
0.261400 0.672192 -0.692696 64.321907
86369 17 23 37
0.269784 0.721943 -0.637193 83.769829
88673 17 23 38
0.323156 0.387568 -0.863343 73.454887
86417 17 24 37
0.283130 0.211765 -0.935410 88.597931
88721 17 24 38
0.342774 -0.018907 -0.939228 76.314240
68033 17 25 29
0.647724 0.760893 -0.038673 112.952721
70337 17 25 30
0.408299 0.832693 -0.374050 111.027573
72641 17 25 31
0.216649 0.918932 -0.329585 107.704872
65777 17 26 28
0.470412 -0.482627 0.738772 109.032967
68081 17 26 29
0.809048 -0.543805 0.222975 113.346756
70385 17 26 30
0.914230 -0.365801 -0.174281 113.271919
72689 17 26 31
0.970562 -0.113437 -0.212465 111.872002
74993 17 26 32
0.969466 0.217778 -0.112736 110.947708
77297 17 26 33
0.845186 0.507381 -0.168004 110.439980
79601 17 26 34
0.614107 0.404415 -0.677733 108.994644
63521 17 27 27
0.217791 -0.545662 0.809210 90.078163
65825 17 27 28
0.381346 -0.748108 0.543055 101.132500
77345 17 27 33
0.812970 -0.581778 -0.024805 108.155525
79649 17 27 34
0.712443 -0.615903 -0.336286 106.390755
81953 17 27 35
0.492490 -0.595951 -0.634268 100.475662
84257 17 27 36
0.343476 -0.547781 -0.762863 89.544167
63569 17 28 27
0.240711 -0.650780 0.720099 79.068230
65873 17 28 28
0.370169 -0.812713 0.449970 89.194328
82001 17 28 35
0.524442 -0.693590 -0.493856 89.522438
84305 17 28 36
0.389806 -0.651471 -0.650874 77.487907
63617 17 29 27
0.293934 -0.684095 0.667546 66.881668
65921 17 29 28
0.411213 -0.790443 0.453986 76.432732
68273 17 30 29
0.601388 -0.712309 0.361867 70.954803
70577 17 30 30
0.765256 -0.603484 0.224033 74.950653
68321 17 31 29
0.556862 -0.693464 0.457178 60.985229
70625 17 31 30
0.718131 -0.627985 0.299872 66.557709
65346 18 17 28
-0.156159 0.980718 -0.117498 64.991562
67650 18 17 29
-0.079261 0.935431 -0.344508 61.010761
65394 18 18 28
-0.051565 0.963606 -0.262306 79.494026
67698 18 18 29
0.078805 0.820738 -0.565843 74.219460
70002 18 18 30
0.242998 0.698734 -0.672846 66.020126
74610 18 18 32
0.577471 0.687032 -0.441038 50.664852
76914 18 18 33
0.633277 0.713895 -0.298856 45.873199
65442 18 19 28
0.218724 0.734229 -0.642703 88.153214
67746 18 19 29
0.342659 0.403537 -0.848377 81.311592
70050 18 19 30
0.473389 0.272036 -0.837794 72.069000
72354 18 19 31
0.663409 0.274080 -0.696253 63.254108
74658 18 19 32
0.832828 0.364004 -0.417011 57.094906
76962 18 19 33
0.852952 0.486251 -0.189822 53.811398
51666 18 20 22
0.032205 0.265058 0.963694 71.210533
53970 18 20 23
-0.036674 0.456878 0.888773 84.800903
56274 18 20 24
-0.125002 0.727377 0.674758 93.011047
51714 18 21 22
-0.041079 -0.257354 0.965444 71.178787
54018 18 21 23
-0.134557 -0.300184 0.944343 85.717934
56322 18 21 24
-0.269734 -0.312151 0.910936 94.977173
54066 18 22 23
-0.116799 -0.659643 0.742448 77.720047
88626 18 22 38
0.047860 0.719014 -0.693346 66.982574
86370 18 23 37
-0.127944 0.823436 -0.552796 84.544487
88674 18 23 38
0.051797 0.481814 -0.874742 76.314278
90978 18 23 39
0.127766 0.316112 -0.940079 61.796410
86418 18 24 37
-0.252503 0.327194 -0.910597 89.021713
88722 18 24 38
0.084429 0.013838 -0.996333 79.613197
91026 18 24 39
0.176162 -0.045910 -0.983290 64.193123
68034 18 25 29
0.226605 0.970516 -0.082148 115.374260
88770 18 25 38
0.105689 -0.322234 -0.940742 77.058479
63474 18 26 27
-0.041986 -0.381724 0.923322 99.316330
65778 18 26 28
-0.015986 -0.512737 0.858397 111.203613
68082 18 26 29
0.150164 -0.799897 0.581048 116.404922
70386 18 26 30
0.629930 -0.434246 -0.643909 116.804214
72690 18 26 31
0.217000 0.731814 -0.646034 115.091629
74994 18 26 32
-0.096742 0.925813 -0.365393 113.028358
63522 18 27 27
-0.072150 -0.529498 0.845238 91.221542
65826 18 27 28
-0.046563 -0.750197 0.659573 103.345444
75042 18 27 32
0.648172 -0.754875 0.100179 113.840981
77346 18 27 33
0.606441 -0.573965 -0.550266 113.440750
79650 18 27 34
0.049943 -0.335164 -0.940835 110.362160
81954 18 27 35
-0.057356 -0.383809 -0.921630 103.486076
84258 18 27 36
-0.016990 -0.458705 -0.888426 92.465675
63570 18 28 27
-0.019501 -0.609965 0.792189 80.931465
79698 18 28 34
0.374944 -0.759389 -0.531738 104.981789
82002 18 28 35
0.189351 -0.668201 -0.719482 96.302048
84306 18 28 36
0.113610 -0.618382 -0.777622 82.979698
86610 18 28 37
0.102812 -0.591657 -0.799607 66.591393
65970 18 30 28
0.296200 -0.736277 0.608410 69.988731
68274 18 30 29
0.372793 -0.762789 0.528373 77.358841
79794 18 30 34
0.434564 -0.728703 -0.529288 80.463326
68322 18 31 29
0.394518 -0.729150 0.559193 67.858810
75234 18 31 32
0.649750 -0.751269 -0.115848 80.607643
77538 18 31 33
0.535048 -0.727886 -0.428842 76.144424
79842 18 31 34
0.398157 -0.699665 -0.593245 66.247559
75282 18 32 32
0.507464 -0.839936 -0.192323 68.811844
77586 18 32 33
0.432944 -0.767623 -0.472562 62.812168
75330 18 33 32
0.380578 -0.903375 -0.197670 53.987129
77634 18 33 33
0.342001 -0.823662 -0.452345 47.898556
63091 19 18 27
-0.301942 0.950489 0.073488 77.721565
65395 19 18 28
-0.282617 0.948149 -0.145403 77.275063
67699 19 18 29
-0.202643 0.906418 -0.370597 73.436714
74611 19 18 32
0.238588 0.916722 -0.320463 56.063450
76915 19 18 33
0.330120 0.915199 -0.231154 52.684177
63139 19 19 27
-0.268831 0.963044 0.016586 90.203407
65443 19 19 28
-0.144215 0.917341 -0.371064 88.626740
67747 19 19 29
0.032842 0.722251 -0.690851 83.444939
70051 19 19 30
0.212683 0.583139 -0.784037 76.038048
72355 19 19 31
0.437915 0.587551 -0.680451 69.071259
74659 19 19 32
0.646579 0.672279 -0.360522 64.615807
76963 19 19 33
0.669756 0.729190 -0.140389 62.604542
79267 19 19 34
0.587894 0.781934 -0.207268 60.874428
51667 19 20 22
-0.325080 0.193574 0.925663 68.902061
53971 19 20 23
-0.488571 0.334654 0.805795 81.560081
56275 19 20 24
-0.600571 0.522277 0.605427 89.622513
65491 19 20 28
0.307447 0.606641 -0.733118 94.704292
79315 19 20 34
0.864752 0.501557 0.025373 67.961113
81619 19 20 35
0.626542 0.720376 -0.297495 66.628029
83923 19 20 36
0.323313 0.775061 -0.542908 61.150539
51715 19 21 22
-0.330707 -0.285089 0.899643 67.943581
54019 19 21 23
-0.473400 -0.293551 0.830494 81.620003
56323 19 21 24
-0.602860 -0.222830 0.766098 91.127151
81667 19 21 35
0.765587 0.641864 0.043427 72.709557
86371 19 23 37
-0.469086 0.728351 -0.499463 82.117119
88675 19 23 38
-0.243919 0.516330 -0.820918 75.071754
90979 19 23 39
-0.101584 0.381286 -0.918859 62.065437
61075 19 24 26
0.035874 -0.372117 0.927492 94.314804
86419 19 24 37
-0.731460 0.281107 -0.621245 85.769630
88723 19 24 38
-0.271841 0.059009 -0.960531 78.628212
91027 19 24 39
-0.062411 -0.000725 -0.998050 65.276657
93331 19 24 40
0.026675 -0.017052 -0.999499 48.094742
63427 19 25 27
-0.086312 -0.324320 0.942001 103.360023
65731 19 25 28
-0.136327 -0.141432 0.980516 113.035812
68035 19 25 29
-0.187207 0.964547 -0.186015 115.670456
88771 19 25 38
-0.193599 -0.343512 -0.918977 76.600739
91075 19 25 39
-0.016033 -0.328291 -0.944441 62.297272
63475 19 26 27
-0.211378 -0.452301 0.866454 97.024750
65779 19 26 28
-0.311620 -0.566463 0.762898 109.198936
68083 19 26 29
-0.509223 -0.709263 0.487482 115.048874
70387 19 26 30
-0.897342 -0.291571 -0.331305 115.834534
72691 19 26 31
-0.595569 0.587806 -0.547522 113.718651
75043 19 27 32
-0.968956 -0.199334 -0.146257 113.265198
77347 19 27 33
-0.843126 0.225693 -0.488059 111.543823
79651 19 27 34
-0.735586 0.142021 -0.662377 107.023415
81955 19 27 35
-0.624322 -0.093720 -0.775525 99.481445
84259 19 27 36
-0.448278 -0.337540 -0.827716 89.093605
86563 19 27 37
-0.252310 -0.489186 -0.834887 76.080078
88867 19 27 38
-0.098957 -0.544589 -0.832844 60.920650
77395 19 28 33
-0.515663 -0.776802 -0.361482 109.601334
79699 19 28 34
-0.448106 -0.542462 -0.710588 104.773453
82003 19 28 35
-0.356151 -0.508555 -0.783918 95.067001
84307 19 28 36
-0.264767 -0.543183 -0.796775 81.620682
86611 19 28 37
-0.169723 -0.577775 -0.798354 65.992622
88915 19 28 38
-0.081906 -0.590811 -0.802641 49.734684
79747 19 29 34
-0.171779 -0.745136 -0.644410 96.431587
82051 19 29 35
-0.170214 -0.662602 -0.729374 84.691483
65971 19 30 28
0.238502 -0.692351 0.681004 73.335571
68275 19 30 29
0.157203 -0.750526 0.641870 80.275299
77491 19 30 33
0.008046 -0.896605 -0.442757 92.821793
79795 19 30 34
-0.044833 -0.754920 -0.654283 84.351097
82099 19 30 35
-0.071363 -0.694262 -0.716176 70.722313
66019 19 31 28
0.357329 -0.720173 0.594699 64.504227
68323 19 31 29
0.272688 -0.754749 0.596653 72.210312
75235 19 31 32
0.127060 -0.983979 -0.125061 85.773140
77539 19 31 33
0.056056 -0.848163 -0.526761 81.217628
79843 19 31 34
0.008059 -0.735965 -0.676972 70.476295
82147 19 31 35
-0.021188 -0.688482 -0.724944 55.768375
75283 19 32 32
0.112997 -0.970584 -0.212598 73.706528
77587 19 32 33
0.063083 -0.846085 -0.529302 67.443741
73027 19 33 31
0.129457 -0.983673 0.125015 58.931110
75331 19 33 32
0.094383 -0.972421 -0.213280 58.197742
77635 19 33 33
0.059994 -0.872361 -0.485167 51.694458
56132 20 17 24
-0.396216 0.881999 0.255129 45.006668
58436 20 17 25
-0.432424 0.883555 0.179834 48.812008
60740 20 17 26
-0.458645 0.880155 0.122359 51.637810
53876 20 18 23
-0.479278 0.769195 0.422647 53.842197
56180 20 18 24
-0.524333 0.801131 0.288554 60.024517
58484 20 18 25
-0.541132 0.812662 0.216233 64.490295
60788 20 18 26
-0.541296 0.824593 0.164452 68.027687
63092 20 18 27
-0.531217 0.843928 0.074789 70.368599
76916 20 18 33
-0.114124 0.985036 -0.129153 54.123535
51620 20 19 22
-0.529960 0.490188 0.691996 55.496670
53924 20 19 23
-0.639338 0.579164 0.505782 65.647125
58532 20 19 25
-0.668949 0.689957 0.276527 77.707062
60836 20 19 26
-0.628511 0.744297 0.225821 81.829788
63140 20 19 27
-0.580324 0.807766 0.103625 84.556847
65444 20 19 28
-0.511342 0.850033 -0.126389 84.522491
72356 20 19 31
-0.196487 0.868270 -0.455521 70.131996
74660 20 19 32
-0.068904 0.978464 -0.194575 67.131889
76964 20 19 33
0.047352 0.997828 -0.045787 66.301933
79268 20 19 34
0.094283 0.975211 -0.200186 65.175980
81572 20 19 35
0.077214 0.886738 -0.455779 60.790329
51668 20 20 22
-0.605783 0.141814 0.782889 61.006386
53972 20 20 23
-0.751603 0.231572 0.617630 72.422798
60884 20 20 26
-0.693902 0.631503 0.345983 91.713448
63188 20 20 27
-0.580413 0.800537 0.149201 94.788834
65492 20 20 28
-0.378148 0.877542 -0.294830 94.304375
79316 20 20 34
0.486416 0.873075 -0.033768 73.774155
81620 20 20 35
0.236863 0.833243 -0.499602 71.403069
83924 20 20 36
0.048168 0.721360 -0.690883 63.920357
51716 20 21 22
-0.549707 -0.236392 0.801212 60.084339
54020 20 21 23
-0.685362 -0.186893 0.703810 72.704948
60932 20 21 26
-0.665699 0.432460 0.608131 97.592583
63236 20 21 27
-0.442673 0.844380 0.301767 101.548920
65540 20 21 28
0.061806 0.857783 -0.510282 100.895042
79364 20 21 34
0.909430 0.169039 0.379952 76.821236
81668 20 21 35
0.587867 0.690426 -0.421573 76.990128
83972 20 21 36
0.021643 0.684388 -0.728797 72.425690
63284 20 22 27
-0.104628 0.672606 0.732567 105.787109
58724 20 23 25
-0.259374 -0.418541 0.870373 85.548050
61028 20 23 26
-0.197766 -0.260953 0.944877 98.502899
63332 20 23 27
-0.005890 0.065698 0.997822 107.641586
58772 20 24 25
-0.143978 -0.486925 0.861495 77.310196
61076 20 24 26
-0.151540 -0.408860 0.899927 93.468475
63380 20 24 27
-0.145632 -0.316537 0.937334 106.234451
65684 20 24 28
-0.051734 0.184402 0.981488 112.740753
88724 20 24 38
-0.575288 0.071668 -0.814805 73.922958
91028 20 24 39
-0.333780 0.044217 -0.941613 62.258682
93332 20 24 40
-0.189036 0.024707 -0.981659 46.747925
61124 20 25 26
-0.179331 -0.464370 0.867295 85.258507
63428 20 25 27
-0.258395 -0.469552 0.844247 100.800606
65732 20 25 28
-0.415285 -0.501166 0.759191 110.868439
88772 20 25 38
-0.508009 -0.337069 -0.792661 72.149940
91076 20 25 39
-0.277969 -0.319975 -0.905731 59.955326
93380 20 25 40
-0.147234 -0.279381 -0.948825 44.477348
63476 20 26 27
-0.319816 -0.515002 0.795293 92.167587
65780 20 26 28
-0.445687 -0.611403 0.653873 104.171654
68084 20 26 29
-0.627806 -0.679659 0.379373 110.502914
70388 20 26 30
-0.887931 -0.434299 -0.151531 111.676544
72692 20 26 31
-0.804644 0.251137 -0.538031 109.239426
75044 20 27 32
-0.968304 -0.064239 -0.241373 107.133675
77348 20 27 33
-0.889715 0.147688 -0.431966 103.755173
79652 20 27 34
-0.839121 0.110656 -0.532570 97.748550
86564 20 27 37
-0.525833 -0.481890 -0.700914 69.429161
88868 20 27 38
-0.339724 -0.570707 -0.747584 56.891647
75092 20 28 32
-0.865765 -0.498165 0.047770 104.283150
77396 20 28 33
-0.881508 -0.322077 -0.345268 102.610054
79700 20 28 34
-0.774840 -0.284787 -0.564375 96.337158
82004 20 28 35
-0.669297 -0.353204 -0.653673 86.149803
84308 20 28 36
-0.558146 -0.460892 -0.689965 73.584717
86612 20 28 37
-0.430106 -0.555210 -0.711864 59.938148
88916 20 28 38
-0.301101 -0.606128 -0.736171 46.030502
77444 20 29 33
-0.737217 -0.574238 -0.356037 96.999100
79748 20 29 34
-0.618776 -0.517670 -0.590876 89.626709
82052 20 29 35
-0.520905 -0.524785 -0.673245 77.477402
65972 20 30 28
0.284099 -0.621819 0.729814 75.791580
77492 20 30 33
-0.569229 -0.679830 -0.462395 88.653450
79796 20 30 34
-0.466257 -0.612345 -0.638465 79.282097
82100 20 30 35
-0.396998 -0.598175 -0.696118 65.417854
66020 20 31 28
0.408326 -0.748274 0.522834 69.316071
75236 20 31 32
-0.448378 -0.866300 -0.220188 83.731819
77540 20 31 33
-0.401438 -0.734039 -0.547754 78.206581
79844 20 31 34
-0.342714 -0.652217 -0.676136 66.878517
75284 20 32 32
-0.264230 -0.922683 -0.280783 72.413948
77588 20 32 33
-0.271323 -0.786823 -0.554341 65.359879
73028 20 33 31
-0.086230 -0.994595 0.057833 59.194992
75332 20 33 32
-0.160855 -0.951580 -0.261955 57.486786
77636 20 33 33
-0.186513 -0.839673 -0.510061 50.365658
53925 21 19 23
-0.791359 0.463778 0.398323 53.082176
51669 21 20 22
-0.730602 0.160960 0.663561 49.776375
53973 21 20 23
-0.838020 0.232656 0.493552 59.139591
65493 21 20 28
-0.658688 0.752416 0.000188 87.440376
67797 21 20 29
-0.548605 0.782063 -0.295651 85.287033
70101 21 20 30
-0.447094 0.753639 -0.481805 80.025879
72405 21 20 31
-0.426540 0.788977 -0.442243 74.744530
79317 21 20 34
-0.376746 0.924133 -0.063571 73.733528
81621 21 20 35
-0.319824 0.810255 -0.491121 70.717506
83925 21 20 36
-0.272219 0.664477 -0.695965 62.132050
51717 21 21 22
-0.646568 -0.133985 0.750998 49.985134
63237 21 21 27
-0.705850 0.605748 0.367213 95.203033
65541 21 21 28
-0.600360 0.799552 -0.016866 97.781685
67845 21 21 29
-0.345909 0.784781 -0.514263 94.818878
70149 21 21 30
-0.124030 0.648668 -0.750897 87.834038
72453 21 21 31
0.015910 0.633462 -0.773610 80.674728
79365 21 21 34
-0.091847 0.966600 0.239268 79.098854
81669 21 21 35
-0.295048 0.690134 -0.660804 77.598007
83973 21 21 36
-0.311642 0.540779 -0.781305 70.733170
63285 21 22 27
-0.661218 0.451125 0.599398 101.966812
65589 21 22 28
-0.552752 0.833063 0.021724 105.453163
79413 21 22 34
0.888483 -0.134951 0.438619 80.076874
81717 21 22 35
-0.116800 0.164896 -0.979371 79.731247
84021 21 22 36
-0.429755 0.358268 -0.828827 75.340813
56421 21 23 24
-0.369151 -0.376870 0.849527 65.466248
58725 21 23 25
-0.429550 -0.257917 0.865428 79.754028
61029 21 23 26
-0.481644 -0.135609 0.865811 93.629791
63333 21 23 27
-0.567502 0.030404 0.822810 104.685883
65637 21 23 28
-0.748885 0.555149 0.361913 110.004967
63381 21 24 27
-0.452012 -0.362454 0.815054 102.382195
65685 21 24 28
-0.701539 -0.316376 0.638552 110.296959
91029 21 24 39
-0.556523 0.063268 -0.828420 55.523075
93333 21 24 40
-0.404701 0.054046 -0.912850 41.932293
63429 21 25 27
-0.401775 -0.522258 0.752212 95.263863
65733 21 25 28
-0.561201 -0.572969 0.597294 105.556587
68037 21 25 29
-0.824404 -0.550685 0.130785 109.712418
70341 21 25 30
-0.693121 0.019158 -0.720566 107.793503
88773 21 25 38
-0.696161 -0.313428 -0.645851 64.260788
91077 21 25 39
-0.520352 -0.290446 -0.803041 53.693157
93381 21 25 40
-0.369431 -0.256289 -0.893217 40.260468
68085 21 26 29
-0.656565 -0.669396 0.347607 103.547783
70389 21 26 30
-0.823693 -0.565422 -0.042750 105.382904
72693 21 26 31
-0.851299 -0.128409 -0.508725 103.215073
88821 21 26 38
-0.601800 -0.502689 -0.620598 58.141193
75045 21 27 32
-0.913404 -0.209066 -0.349263 98.284431
77349 21 27 33
-0.850538 -0.039411 -0.524435 93.321877
86565 21 27 37
-0.666303 -0.492131 -0.560220 59.230698
88869 21 27 38
-0.529074 -0.575288 -0.623798 49.196774
75093 21 28 32
-0.898852 -0.414442 -0.142486 94.748741
77397 21 28 33
-0.862823 -0.282857 -0.418961 90.997284
86613 21 28 37
-0.591934 -0.539302 -0.598972 49.981506
88917 21 28 38
-0.479047 -0.607689 -0.633426 38.925186
65925 21 29 28
-0.286096 -0.217108 0.933281 78.914146
77445 21 29 33
-0.805194 -0.411843 -0.426672 85.775177
79749 21 29 34
-0.719771 -0.398842 -0.568203 76.970238
63669 21 30 27
0.658400 -0.176513 0.731678 73.755669
65973 21 30 28
0.449188 -0.500372 0.740174 77.824905
63717 21 31 27
0.591879 -0.657923 0.465635 69.569878
66021 21 31 28
0.427255 -0.834618 0.347657 73.513023
63765 21 32 27
0.412932 -0.849018 0.329628 58.969044
66069 21 32 28
0.280408 -0.923675 0.261143 63.315639
73029 21 33 31
-0.202385 -0.977690 -0.056239 56.733444
70102 22 20 30
-0.625743 0.744801 -0.231770 71.795868
72406 22 20 31
-0.621425 0.754353 -0.211620 67.986046
79318 22 20 34
-0.643520 0.762863 -0.062627 67.342316
81622 22 20 35
-0.590949 0.711909 -0.379426 64.029549
83926 22 20 36
-0.497854 0.615191 -0.611295 55.385006
67846 22 21 29
-0.649756 0.742229 -0.164053 87.749275
70150 22 21 30
-0.539478 0.740344 -0.401065 83.360130
72454 22 21 31
-0.497316 0.764744 -0.409686 77.900391
79366 22 21 34
-0.680703 0.730285 -0.057691 75.998192
81670 22 21 35
-0.631510 0.595672 -0.496356 73.096550
83974 22 21 36
-0.526375 0.486746 -0.697142 64.750519
65590 22 22 28
-0.775488 0.588733 0.228058 97.876183
67894 22 22 29
-0.657383 0.706847 -0.261180 97.829163
79414 22 22 34
-0.620307 0.747914 -0.236314 80.291489
81718 22 22 35
-0.611704 0.340554 -0.714032 77.576935
84022 22 22 36
-0.559247 0.299681 -0.772939 70.311836
56422 22 23 24
-0.311049 -0.166022 0.935781 60.164471
63334 22 23 27
-0.727164 0.097663 0.679481 96.241226
65638 22 23 28
-0.882955 0.257570 0.392491 103.384689
67942 22 23 29
-0.816038 0.497813 -0.293709 104.194443
81766 22 23 35
-0.403900 -0.132854 -0.905105 78.288559
63382 22 24 27
-0.607303 -0.311386 0.730905 94.566376
65686 22 24 28
-0.805327 -0.285129 0.519760 103.120712
67990 22 24 29
-0.991695 -0.118486 -0.050018 105.886536
88726 22 24 38
-0.769831 0.009052 -0.638184 56.018299
91030 22 24 39
-0.691753 0.056462 -0.719924 45.966518
93334 22 24 40
-0.578218 0.063539 -0.813405 34.423298
65734 22 25 28
-0.638796 -0.553684 0.534203 97.349220
68038 22 25 29
-0.802882 -0.546028 0.239235 102.475815
70342 22 25 30
-0.881070 -0.353692 -0.314034 102.507439
88774 22 25 38
-0.763529 -0.291425 -0.576276 53.906288
91078 22 25 39
-0.676505 -0.254380 -0.691110 44.405533
93382 22 25 40
-0.556448 -0.226198 -0.799500 33.197720
68086 22 26 29
-0.665892 -0.647032 0.371400 95.112000
70390 22 26 30
-0.767732 -0.632811 0.100687 98.024094
72694 22 26 31
-0.801054 -0.472261 -0.367806 97.182533
86518 22 26 37
-0.733017 -0.471473 -0.490305 55.627129
88822 22 26 38
-0.694243 -0.479883 -0.536412 47.886383
72742 22 27 31
-0.762537 -0.646057 -0.033869 92.576675
75046 22 27 32
-0.739706 -0.466695 -0.484800 90.369705
77350 22 27 33
-0.640754 -0.316340 -0.699545 84.371445
86566 22 27 37
-0.687733 -0.522282 -0.504226 47.781654
88870 22 27 38
-0.630212 -0.565747 -0.531755 39.429890
75094 22 28 32
-0.768987 -0.521628 -0.369544 85.741089
77398 22 28 33
-0.694769 -0.389903 -0.604377 79.997772
63622 22 29 27
0.459980 0.715150 0.526288 75.654343
65926 22 29 28
-0.230983 0.733671 0.639041 77.862335
63670 22 30 27
0.902232 0.111907 0.416478 78.408424
65974 22 30 28
0.975419 0.015014 0.219844 79.343094
61414 22 31 26
0.638998 -0.598550 0.483135 71.379486
63718 22 31 27
0.533316 -0.809917 0.244149 75.307312
66022 22 31 28
0.299602 -0.952546 0.053797 76.370842
61462 22 32 26
0.384510 -0.856726 0.343762 60.173454
63766 22 32 27
0.262559 -0.948019 0.179784 64.327858
66070 22 32 28
0.128901 -0.986700 0.099032 66.231285
73030 22 33 31
-0.216074 -0.962884 -0.161763 53.322872
72455 23 21 31
-0.647272 0.735252 -0.201104 69.709869
81671 23 21 35
-0.712898 0.577283 -0.398147 63.623440
67895 23 22 29
-0.780981 0.623795 -0.030798 87.389648
70199 23 22 30
-0.690746 0.668731 -0.275078 84.845894
72503 23 22 31
-0.604665 0.731726 -0.314575 80.449432
79415 23 22 34
-0.720597 0.648478 -0.245388 75.719452
81719 23 22 35
-0.699694 0.437029 -0.565186 71.057159
84023 23 22 36
-0.637300 0.329268 -0.696729 61.809441
56423 23 23 24
0.176259 0.294306 0.939317 58.769138
67943 23 23 29
-0.920683 0.390291 0.003874 94.901138
70247 23 23 30
-0.784094 0.524543 -0.331740 92.835411
79463 23 23 34
-0.559831 0.489393 -0.668643 80.357437
81767 23 23 35
-0.582401 0.154942 -0.797999 74.522423
84071 23 23 36
-0.616334 0.102943 -0.780728 65.140129
67991 23 24 29
-0.984095 -0.090208 0.153033 96.794357
70295 23 24 30
-0.958771 0.151538 -0.240403 96.442734
79511 23 24 34
-0.132231 -0.042929 -0.990289 81.645538
81815 23 24 35
-0.372227 -0.206189 -0.904949 74.233353
91031 23 24 39
-0.757864 0.040383 -0.651162 35.020935
68039 23 25 29
-0.815848 -0.479895 0.322635 93.408531
70343 23 25 30
-0.926459 -0.370455 0.066615 95.489838
72647 23 25 31
-0.907877 -0.140060 -0.395150 94.740250
68087 23 26 29
-0.649763 -0.613523 0.448774 86.880028
70391 23 26 30
-0.713640 -0.622457 0.321349 90.971252
72695 23 26 31
-0.720383 -0.692498 -0.038663 92.366058
72743 23 27 31
-0.509595 -0.851876 0.120914 87.757011
59015 23 29 25
0.872151 0.339371 0.352391 76.031464
61319 23 29 26
0.821117 0.561768 0.100909 79.151474
59063 23 30 25
0.860788 -0.081140 0.502454 78.438065
61367 23 30 26
0.978794 0.003875 0.204809 82.541397
59111 23 31 25
0.588051 -0.630908 0.506113 73.070091
61415 23 31 26
0.513698 -0.824979 0.235637 78.149864
59159 23 32 25
0.323580 -0.858084 0.398732 59.876312
61463 23 32 26
0.205195 -0.960185 0.189580 65.183411
68375 23 32 29
-0.074963 -0.997114 0.012044 66.914352
70679 23 32 30
-0.101514 -0.992044 -0.074456 66.710022
72983 23 32 31
-0.145676 -0.930018 -0.337411 64.221771
75287 23 32 32
-0.195651 -0.771133 -0.605867 57.546318
77591 23 32 33
-0.234215 -0.619062 -0.749604 46.714092
73031 23 33 31
-0.184469 -0.958920 -0.215508 50.108215
75335 23 33 32
-0.215721 -0.862586 -0.457614 44.604156
67896 24 22 29
-0.779133 0.626305 0.026337 73.811531
70200 24 22 30
-0.755317 0.643897 -0.122036 72.799889
72504 24 22 31
-0.710984 0.690043 -0.135434 70.369476
79416 24 22 34
-0.739733 0.632067 -0.230838 66.245796
81720 24 22 35
-0.729545 0.486102 -0.481113 60.398403
28776 24 23 12
0.888322 0.448779 0.097375 59.799080
31080 24 23 13
0.867650 0.491893 -0.072286 59.999989
67944 24 23 29
-0.896192 0.439782 0.058578 82.665741
70248 24 23 30
-0.850964 0.515334 -0.101441 82.221428
72552 24 23 31
-0.760186 0.637589 -0.124891 80.509521
79464 24 23 34
-0.706346 0.539891 -0.457814 74.503334
81768 24 23 35
-0.669412 0.304194 -0.677756 66.793037
84072 24 23 36
-0.648047 0.186044 -0.738527 55.413910
56472 24 24 24
0.900220 0.294298 0.320924 68.487015
58776 24 24 25
0.810358 0.437006 0.390316 72.070999
67992 24 24 29
-0.981600 0.069711 0.177772 86.094093
70296 24 24 30
-0.967224 0.251652 0.033909 87.168159
79512 24 24 34
-0.538861 0.223461 -0.812216 78.824203
81816 24 24 35
-0.516389 0.002800 -0.856350 69.044662
68040 24 25 29
-0.861288 -0.342693 0.375159 84.714729
70344 24 25 30
-0.935486 -0.142009 0.323573 87.782120
79560 24 25 34
-0.244776 -0.215075 -0.945425 78.710503
81864 24 25 35
-0.334253 -0.284300 -0.898581 66.945229
68088 24 26 29
-0.584182 -0.535965 0.609485 80.962997
70392 24 26 30
-0.636960 -0.422366 0.644894 85.538467
72696 24 26 31
-0.677719 -0.480246 0.556831 89.081184
59016 24 29 25
0.972693 0.215167 0.087015 89.858765
56760 24 30 24
0.762647 -0.345514 0.546799 83.174576
59064 24 30 25
0.888200 -0.374573 0.266077 89.516037
61368 24 30 26
0.885623 -0.343268 -0.312792 89.647675
56808 24 31 24
0.473474 -0.700040 0.534572 73.285049
59112 24 31 25
0.419492 -0.856848 0.299729 80.800850
61416 24 31 26
0.274198 -0.960102 -0.054957 82.563431
70632 24 31 30
0.161961 -0.980622 -0.110226 76.983673
72936 24 31 31
0.132866 -0.856647 -0.498500 74.229950
59160 24 32 25
0.163416 -0.953461 0.253391 64.523605
61464 24 32 26
0.042931 -0.998283 0.039855 67.263611
68376 24 32 29
-0.101725 -0.994658 0.017547 65.615364
70680 24 32 30
-0.080101 -0.994662 -0.065051 65.516182
72984 24 32 31
-0.078879 -0.941083 -0.328849 62.786297
75288 24 32 32
-0.099339 -0.791564 -0.602958 55.428982
77592 24 32 33
-0.126431 -0.635186 -0.761941 43.853455
67897 25 22 29
-0.724728 0.688586 -0.024878 60.277382
70201 25 22 30
-0.747717 0.657212 -0.094827 59.079502
72505 25 22 31
-0.735865 0.672560 -0.078521 57.361519
28777 25 23 12
0.811424 0.578599 0.082551 79.390427
31081 25 23 13
0.776170 0.625196 -0.081788 79.252174
33385 25 23 14
0.765702 0.617352 -0.180489 76.035164
35689 25 23 15
0.788054 0.568563 -0.236025 70.927917
67945 25 23 29
-0.813179 0.580788 -0.037746 70.492790
70249 25 23 30
-0.818226 0.571388 -0.063418 69.646538
72553 25 23 31
-0.777444 0.628367 -0.027126 68.873436
79465 25 23 34
-0.753989 0.546114 -0.365049 63.779934
81769 25 23 35
-0.718336 0.378544 -0.583694 55.370625
26521 25 24 11
0.899181 0.103385 0.425189 81.798523
28825 25 24 12
0.956442 0.220808 0.190953 88.659096
31129 25 24 13
0.945282 0.325619 -0.020325 90.378922
33433 25 24 14
0.905595 0.391273 -0.163716 88.215111
56473 25 24 24
0.868541 0.494735 0.029576 81.239693
58777 25 24 25
0.758197 0.642176 -0.112901 80.625656
77209 25 24 33
-0.768913 0.580964 -0.266936 77.142784
79513 25 24 34
-0.711325 0.363198 -0.601751 71.129868
81817 25 24 35
-0.631225 0.158225 -0.759289 60.172020
28873 25 25 12
0.932335 -0.227690 0.280907 88.429588
77257 25 25 33
-0.732735 0.325698 -0.597511 82.402061
79561 25 25 34
-0.534219 0.029509 -0.844831 73.957451
81865 25 25 35
-0.472607 -0.107768 -0.874659 60.579487
77305 25 26 33
-0.374873 -0.157373 -0.913622 83.124367
79609 25 26 34
-0.278850 -0.264536 -0.923181 72.086525
38233 25 28 16
0.767182 -0.628949 0.125915 69.671776
40537 25 28 17
0.839715 -0.542516 -0.023568 70.897278
42841 25 28 18
0.882394 -0.453016 -0.127111 69.027168
45145 25 28 19
0.923825 -0.374454 -0.079570 66.535583
56713 25 29 24
0.907287 -0.178746 0.380631 100.870453
59017 25 29 25
0.986346 -0.063050 -0.152142 102.694839
54457 25 30 23
0.542278 -0.554446 0.631288 84.390472
56761 25 30 24
0.591714 -0.658096 0.465601 94.601440
59065 25 30 25
0.635315 -0.772112 0.014777 98.259903
61369 25 30 26
0.536859 -0.677035 -0.503394 95.619499
56809 25 31 24
0.279828 -0.871583 0.402542 80.703148
59113 25 31 25
0.191226 -0.975501 0.108769 85.613457
61417 25 31 26
0.093546 -0.978393 -0.184382 84.891983
70633 25 31 30
0.113962 -0.991789 -0.058028 78.448341
72937 25 31 31
0.071112 -0.899307 -0.431498 75.583107
75241 25 31 32
0.005108 -0.696497 -0.717542 66.904053
77545 25 31 33
-0.043639 -0.541436 -0.839609 52.917553
59161 25 32 25
0.034463 -0.991310 0.126950 66.438797
61465 25 32 26
-0.048116 -0.997464 -0.052452 67.077614
75289 25 32 32
-0.120197 -0.816946 -0.564049 53.700680
77593 25 32 33
-0.129255 -0.666771 -0.733969 41.782280
61513 25 33 26
-0.089988 -0.995942 -0.001000 46.435364
49418 26 21 21
0.920494 0.363758 -0.142728 79.959381
51722 26 21 22
0.740782 0.531564 -0.410709 74.385269
49466 26 22 21
0.990918 0.126069 0.046784 84.541031
51770 26 22 22
0.892889 0.378679 -0.243623 82.890045
24170 26 23 10
0.698487 0.392590 0.598322 82.527679
26474 26 23 11
0.746853 0.583997 0.318053 92.568665
49514 26 23 21
0.972242 -0.013546 0.233584 85.329781
51818 26 23 22
0.972230 0.231126 0.036745 87.731079
65642 26 23 28
-0.417861 0.866355 -0.273535 63.790600
67946 26 23 29
-0.645464 0.724662 -0.241333 60.283348
24218 26 24 10
0.689474 0.009314 0.724251 87.118393
26522 26 24 11
0.846471 0.150071 0.510847 100.384277
28826 26 24 12
0.921348 0.329119 0.206876 106.895737
31130 26 24 13
0.884566 0.465054 -0.035614 108.153114
33434 26 24 14
0.833506 0.527603 -0.164022 106.269310
35738 26 24 15
0.808597 0.532127 -0.251022 102.235542
38042 26 24 16
0.803907 0.497675 -0.325659 96.094612
51866 26 24 22
0.933148 0.159608 0.322118 90.469017
54170 26 24 23
0.880622 0.463007 0.100641 93.539803
56474 26 24 24
0.700596 0.697140 -0.152187 93.095596
58778 26 24 25
0.530260 0.788517 -0.311553 89.656471
61082 26 24 26
0.391702 0.818703 -0.419875 84.461838
79514 26 24 34
-0.776982 0.413053 -0.475064 58.763653
26570 26 25 11
0.757337 -0.338206 0.558622 98.117416
28874 26 25 12
0.887620 -0.314738 0.336260 106.903709
31178 26 25 13
0.970657 -0.207837 0.120947 110.581322
33482 26 25 14
0.998894 -0.018657 -0.043157 111.114380
35786 26 25 15
0.965038 0.176639 -0.193649 109.287453
38090 26 25 16
0.893228 0.300582 -0.334357 104.614296
51914 26 25 22
0.845706 0.165529 0.507328 92.737564
54218 26 25 23
0.865848 0.356203 0.351320 98.916504
56522 26 25 24
0.840405 0.541793 0.013392 101.400131
58826 26 25 25
0.746486 0.587461 -0.312488 99.298912
61130 26 25 26
0.649786 0.544137 -0.530747 93.503204
77258 26 25 33
-0.816180 0.424100 -0.392415 73.037231
79562 26 25 34
-0.707047 0.201345 -0.677897 64.299812
28922 26 26 12
0.671964 -0.661405 0.333178 96.553970
31226 26 26 13
0.706616 -0.672203 0.220991 102.216331
33530 26 26 14
0.784644 -0.599648 0.157341 105.683609
35834 26 26 15
0.910058 -0.412479 0.040679 107.473602
38138 26 26 16
0.972342 -0.143133 -0.184563 106.431038
54266 26 26 23
0.819101 0.279295 0.501066 103.120384
56570 26 26 24
0.905064 0.407789 0.120693 107.344620
58874 26 26 25
0.853556 0.409998 -0.321471 105.884384
75002 26 26 32
-0.827076 0.522008 -0.208456 82.381927
77306 26 26 33
-0.705322 0.171129 -0.687921 77.207870
79610 26 26 34
-0.533126 -0.051070 -0.844493 65.539597
28970 26 27 12
0.544748 -0.783696 0.298445 79.127884
31274 26 27 13
0.523159 -0.815015 0.249109 85.615829
33578 26 27 14
0.544330 -0.798263 0.257839 91.383797
35882 26 27 15
0.641921 -0.730976 0.231544 96.706345
38186 26 27 16
0.794956 -0.602595 0.070177 99.842697
40490 26 27 17
0.890157 -0.407865 -0.203143 98.755981
42794 26 27 18
0.891079 -0.231137 -0.390582 93.577217
45098 26 27 19
0.925057 -0.132490 -0.355973 87.481339
47402 26 27 20
0.996491 -0.078233 0.029741 84.907211
49706 26 27 21
0.841246 -0.013358 0.540487 88.435593
52010 26 27 22
0.702697 0.060823 0.708885 96.894234
54314 26 27 23
0.761101 0.163491 0.627691 106.109978
56618 26 27 24
0.932779 0.289292 0.215019 111.482056
58922 26 27 25
0.888721 0.301835 -0.345066 110.475227
75050 26 27 32
-0.630441 0.298082 -0.716722 85.771614
77354 26 27 33
-0.417151 -0.110826 -0.902055 77.476402
33626 26 28 14
0.433196 -0.849650 0.300726 71.910645
35930 26 28 15
0.484191 -0.818668 0.308775 79.382256
38234 26 28 16
0.588432 -0.781311 0.208086 85.563805
40538 26 28 17
0.695055 -0.718954 -0.001829 87.896309
42842 26 28 18
0.753534 -0.628409 -0.193104 85.868378
45146 26 28 19
0.804742 -0.561862 -0.191576 82.218208
52058 26 28 22
0.590773 -0.199123 0.781881 96.084229
54362 26 28 23
0.646710 -0.112389 0.754410 106.645729
56666 26 28 24
0.924635 -0.015526 0.380538 113.178741
58970 26 28 25
0.918468 0.091363 -0.384798 112.944595
75098 26 28 32
-0.178102 -0.113150 -0.977485 86.298164
77402 26 28 33
-0.190173 -0.265286 -0.945229 74.594063
52106 26 29 22
0.432711 -0.493484 0.754476 90.696182
54410 26 29 23
0.434160 -0.500570 0.748956 102.599724
56714 26 29 24
0.594823 -0.636750 0.490648 110.365852
59018 26 29 25
0.733225 -0.597452 -0.324704 111.325989
61322 26 29 26
0.635439 -0.309020 -0.707619 106.236900
75146 26 29 32
-0.049782 -0.370962 -0.927313 83.660522
52154 26 30 22
0.308254 -0.685681 0.659409 79.707420
54458 26 30 23
0.251632 -0.748661 0.613342 92.245308
56762 26 30 24
0.218977 -0.898889 0.379536 100.844925
59066 26 30 25
0.205997 -0.975255 -0.080264 103.077850
61370 26 30 26
0.232608 -0.867477 -0.439746 99.644630
72890 26 30 31
0.018919 -0.798393 -0.601839 86.455444
75194 26 30 32
-0.090708 -0.570722 -0.816118 76.956192
77498 26 30 33
-0.119566 -0.456812 -0.881491 61.382534
52202 26 31 22
0.239777 -0.790316 0.563833 63.956264
54506 26 31 23
0.162421 -0.857919 0.487437 75.788673
56810 26 31 24
0.084896 -0.952975 0.290915 84.284477
59114 26 31 25
0.022013 -0.999627 0.016195 87.364136
61418 26 31 26
0.000991 -0.981500 -0.191459 85.549141
70634 26 31 30
-0.047421 -0.994753 -0.090654 78.908783
72938 26 31 31
-0.127685 -0.902653 -0.410991 75.209221
75242 26 31 32
-0.163261 -0.723572 -0.670664 65.601654
77546 26 31 33
-0.167250 -0.575361 -0.800617 50.994766
61466 26 32 26
-0.066705 -0.993756 -0.089434 65.756195
40059 27 18 17
0.858538 0.506390 -0.080512 75.187439
42363 27 18 18
0.672537 0.693530 -0.258284 72.073250
44667 27 18 19
0.482450 0.800416 -0.355775 66.081818
40107 27 19 17
0.958624 0.245966 0.143317 81.475609
42411 27 19 18
0.869353 0.493210 -0.031130 82.408890
44715 27 19 19
0.676244 0.710662 -0.194046 80.491112
47067 27 20 20
0.711679 0.677751 -0.184841 89.306213
49371 27 20 21
0.501405 0.746233 -0.437868 83.658188
51675 27 20 22
0.339322 0.723571 -0.601087 72.517761
47115 27 21 20
0.947658 0.313243 0.061832 96.846428
49419 27 21 21
0.762502 0.545966 -0.347149 94.924927
51723 27 21 22
0.484290 0.625368 -0.611865 86.634865
24123 27 22 10
0.510872 0.706340 0.489993 83.518372
49467 27 22 21
0.988052 0.129624 -0.083371 99.453758
51771 27 22 22
0.704983 0.466836 -0.533912 95.484543
21867 27 23 9
0.381676 0.212785 0.899470 77.960999
24171 27 23 10
0.519292 0.445284 0.729423 95.594353
26475 27 23 11
0.611415 0.698798 0.371285 105.966202
51819 27 23 22
0.953454 0.234072 -0.190092 99.384819
65643 27 23 28
-0.270767 0.859329 -0.433865 59.079918
24219 27 24 10
0.479763 -0.002316 0.877395 100.017578
26523 27 24 11
0.712007 0.189914 0.676002 113.665413
35739 27 24 15
0.700672 0.653576 -0.286176 115.394806
38043 27 24 16
0.683849 0.596582 -0.420048 110.248543
51867 27 24 22
0.885848 0.039885 0.462259 100.342155
54171 27 24 23
0.675760 0.735638 -0.046747 101.844368
56475 27 24 24
0.304133 0.895514 -0.324897 99.779419
58779 27 24 25
0.174739 0.899270 -0.400973 94.940414
61083 27 24 26
0.122042 0.875468 -0.467613 88.276039
63387 27 24 27
0.046718 0.827534 -0.559469 80.258896
24267 27 25 10
0.411969 -0.361905 0.836246 95.678963
26571 27 25 11
0.574961 -0.443410 0.687611 111.166435
28875 27 25 12
0.754348 -0.516473 0.405235 119.106873
35787 27 25 15
0.943581 0.141156 -0.299550 120.648277
38091 27 25 16
0.748526 0.373400 -0.547979 116.891945
51915 27 25 22
0.472992 0.037003 0.880289 100.530685
54219 27 25 23
0.463941 0.564707 0.682543 106.058365
56523 27 25 24
0.360692 0.932676 0.004032 108.198120
58827 27 25 25
0.305182 0.863788 -0.400916 106.073112
61131 27 25 26
0.302998 0.740378 -0.600027 99.994713
77259 27 25 33
-0.834513 0.439636 -0.332128 59.055676
26619 27 26 11
0.453586 -0.700673 0.550742 99.606430
28923 27 26 12
0.459807 -0.828601 0.319372 108.243164
31227 27 26 13
0.413750 -0.890435 0.189570 112.372162
33531 27 26 14
0.399921 -0.896017 0.192917 115.026352
35835 27 26 15
0.519757 -0.840931 0.150625 117.154510
38139 27 26 16
0.783341 -0.540917 -0.306244 117.017189
51963 27 26 22
0.102093 0.055996 0.993198 100.950729
54267 27 26 23
0.084680 0.294116 0.952011 108.814560
56571 27 26 24
0.280141 0.827018 0.487403 113.620079
58875 27 26 25
0.451974 0.773135 -0.444952 113.267349
61179 27 26 26
0.464160 0.532300 -0.707963 107.652451
75003 27 26 32
-0.822146 0.508081 -0.256766 72.109940
77307 27 26 33
-0.803397 0.286314 -0.522089 65.688690
79611 27 26 34
-0.696761 0.097348 -0.710667 54.227333
28971 27 27 12
0.373084 -0.892360 0.253971 90.201599
31275 27 27 13
0.292096 -0.934577 0.203088 94.966087
35883 27 27 15
0.250963 -0.913179 0.321124 105.276749
38187 27 27 16
0.370621 -0.911486 0.178418 109.381241
40491 27 27 17
0.527065 -0.776720 -0.344832 108.926628
42795 27 27 18
0.475239 -0.432013 -0.766493 103.315514
45099 27 27 19
0.420334 -0.294160 -0.858364 95.803123
47403 27 27 20
0.605996 -0.598257 -0.524269 91.459969
49707 27 27 21
-0.008143 -0.224026 0.974549 93.481033
52011 27 27 22
-0.130105 -0.063909 0.989438 101.032646
54315 27 27 23
-0.169017 0.047288 0.984478 110.152664
56619 27 27 24
-0.074585 0.362651 0.928936 116.409531
58923 27 27 25
0.551442 0.578372 -0.601163 117.101913
61227 27 27 26
0.533252 0.312784 -0.786008 112.047417
75051 27 27 32
-0.784424 0.357219 -0.507024 78.470741
77355 27 27 33
-0.682309 0.078407 -0.726848 68.854614
40539 27 28 17
0.369952 -0.928968 0.012390 97.925171
42843 27 28 18
0.386591 -0.856865 -0.341071 95.508812
45147 27 28 19
0.342956 -0.820920 -0.456586 90.391335
52059 27 28 22
-0.195206 -0.327278 0.924545 99.123955
54363 27 28 23
-0.274363 -0.270939 0.922668 109.146057
56667 27 28 24
-0.355427 -0.391880 0.848588 116.224808
58971 27 28 25
0.240315 -0.635703 -0.733574 117.617737
61275 27 28 26
0.494030 -0.073546 -0.866329 113.357628
75099 27 28 32
-0.645102 0.057796 -0.761907 81.326035
77403 27 28 33
-0.517116 -0.126965 -0.846446 68.357536
52107 27 29 22
-0.120047 -0.590834 0.797812 93.374527
54411 27 29 23
-0.219501 -0.598020 0.770838 104.135773
56715 27 29 24
-0.283283 -0.794177 0.537618 111.698212
59019 27 29 25
-0.124338 -0.982214 -0.140698 113.638634
61323 27 29 26
0.226482 -0.730123 -0.644690 110.333046
72843 27 29 31
-0.583380 -0.240863 -0.775663 89.530106
75147 27 29 32
-0.485730 -0.275075 -0.829699 79.648758
77451 27 29 33
-0.399494 -0.295563 -0.867783 64.215851
52155 27 30 22
-0.004943 -0.754660 0.656097 82.674721
54459 27 30 23
-0.091209 -0.803660 0.588057 93.645653
56763 27 30 24
-0.141241 -0.928348 0.343832 101.255547
59067 27 30 25
-0.101102 -0.994489 -0.027766 103.538742
61371 27 30 26
0.024665 -0.954573 -0.296955 101.145081
70587 27 30 30
-0.271732 -0.903825 -0.330547 89.341637
72891 27 30 31
-0.412737 -0.684536 -0.600881 83.803688
75195 27 30 32
-0.395262 -0.525781 -0.753208 72.599869
77499 27 30 33
-0.346822 -0.440965 -0.827807 56.540051
52203 27 31 22
0.088246 -0.838963 0.536986 67.428329
59115 27 31 25
-0.047018 -0.998894 0.000193 86.953522
61419 27 31 26
-0.018697 -0.987802 -0.154588 85.269676
63723 27 31 27
0.017210 -0.984888 -0.172337 82.028519
70635 27 31 30
-0.235371 -0.952734 -0.192090 76.623398
72939 27 31 31
-0.335688 -0.837175 -0.431800 71.082748
75243 27 31 32
-0.354899 -0.689914 -0.630925 60.414497
61467 27 32 26
-0.016197 -0.994805 -0.100503 64.736214
28444 28 16 12
0.954707 0.155014 0.253979 68.358559
30748 28 16 13
0.909705 0.399700 0.112592 71.181152
33052 28 16 14
0.736996 0.673426 -0.057745 71.599686
30796 28 17 13
0.930642 -0.006913 0.365865 73.839668
33100 28 17 14
0.920356 0.280266 0.272756 78.256111
35404 28 17 15
0.776936 0.628862 0.030048 80.289909
37708 28 17 16
0.509386 0.822808 -0.252018 78.673332
40012 28 17 17
0.278764 0.861434 -0.424526 72.984734
42316 28 17 18
0.130107 0.858655 -0.495766 64.053230
35452 28 18 15
0.909699 0.206685 0.360179 85.326538
37756 28 18 16
0.822779 0.567698 0.027448 87.780098
40060 28 18 17
0.493056 0.807809 -0.323017 85.847244
42364 28 18 18
0.207310 0.865913 -0.455211 79.993790
44668 28 18 19
0.053657 0.878895 -0.473987 71.525116
23980 28 19 10
0.718064 0.435039 0.543254 54.113358
35500 28 19 15
0.879850 0.046847 0.472937 86.562309
37804 28 19 16
0.929214 0.200312 0.310543 91.756775
40108 28 19 17
0.823932 0.566249 -0.022303 93.374268
42412 28 19 18
0.394593 0.865604 -0.308263 91.596664
44716 28 19 19
0.094662 0.918918 -0.382922 87.163231
24028 28 20 10
0.478037 0.756606 0.446125 62.709351
42460 28 20 18
0.751668 0.653006 0.092618 98.074005
44764 28 20 19
0.235850 0.961223 -0.142917 97.864212
47068 28 20 20
0.011850 0.938404 -0.345337 95.247665
49372 28 20 21
-0.027500 0.854397 -0.518893 88.366913
51676 28 20 22
-0.023007 0.768001 -0.640035 76.177055
24076 28 21 10
0.314654 0.825395 0.468738 76.313202
42508 28 21 18
0.913439 0.137231 0.383140 100.334465
44812 28 21 19
0.658352 0.484694 0.575885 102.531097
47116 28 21 20
0.184480 0.980187 -0.072114 103.680122
49420 28 21 21
0.033943 0.824325 -0.565098 100.738884
51724 28 21 22
0.015512 0.703214 -0.710809 91.383911
21820 28 22 9
0.118321 0.467208 0.876195 76.018913
24124 28 22 10
0.221793 0.739813 0.635204 91.091187
42556 28 22 18
0.985029 -0.122022 0.121770 100.261208
44860 28 22 19
0.555421 -0.549960 0.623740 101.981834
47164 28 22 20
0.411792 -0.536415 0.736672 104.932922
49468 28 22 21
0.450593 0.530169 -0.718253 105.641594
51772 28 22 22
0.089040 0.586201 -0.805258 100.651833
54076 28 22 23
0.019627 0.638768 -0.769149 89.551308
21868 28 23 9
0.056069 0.182000 0.981699 83.058998
24172 28 23 10
0.145928 0.439880 0.886121 102.103973
26476 28 23 11
0.297857 0.788246 0.538469 113.569618
42604 28 23 18
0.647633 0.006163 -0.761927 99.879715
51820 28 23 22
0.243462 0.233119 -0.941479 103.858124
24220 28 24 10
0.083819 -0.028272 0.996080 105.751831
26524 28 24 11
0.239927 0.169133 0.955944 120.057022
38044 28 24 16
0.154927 0.625539 -0.764656 116.195282
40348 28 24 17
0.060906 0.446857 -0.892530 108.603119
63388 28 24 27
-0.140379 0.835378 -0.531448 79.440575
65692 28 24 28
-0.189378 0.757329 -0.624971 69.045990
24268 28 25 10
0.073314 -0.372227 0.925242 101.318092
26572 28 25 11
0.135827 -0.548486 0.825054 117.044472
38092 28 25 16
-0.433625 0.104120 -0.895058 119.328590
40396 28 25 17
-0.313215 0.243115 -0.918037 112.036179
61132 28 25 26
-0.138094 0.840780 -0.523468 101.018707
63436 28 25 27
-0.050142 0.735554 -0.675608 92.515991
65740 28 25 28
-0.081769 0.660697 -0.746186 81.143898
24316 28 26 10
0.111975 -0.557632 0.822501 90.631554
26620 28 26 11
0.133983 -0.783573 0.606681 105.824265
38140 28 26 16
-0.674521 -0.684137 -0.277451 117.090546
40444 28 26 17
-0.613021 -0.169736 -0.771618 112.617867
61180 28 26 26
-0.160147 0.735017 -0.658865 109.455452
63484 28 26 27
0.051188 0.595773 -0.801520 101.661110
26668 28 27 11
0.184312 -0.869872 0.457550 89.407303
40492 28 27 17
-0.596914 -0.715757 -0.362471 108.530609
42796 28 27 18
-0.560147 -0.359737 -0.746207 102.507599
45100 28 27 19
-0.619232 -0.233288 -0.749752 94.064453
58924 28 27 25
-0.964717 0.192168 0.179981 115.308006
61228 28 27 26
-0.306869 0.453857 -0.836568 113.654793
63532 28 27 27
0.121584 0.418073 -0.900240 107.223076
75052 28 27 32
-0.813303 0.330863 -0.478610 65.432564
26716 28 28 11
0.247307 -0.906764 0.341493 70.927834
40540 28 28 17
-0.278664 -0.960163 -0.020802 99.030617
42844 28 28 18
-0.370923 -0.798249 -0.474568 95.846985
45148 28 28 19
-0.497337 -0.645720 -0.579397 89.330406
58972 28 28 25
-0.892263 -0.357919 0.275246 114.690117
61276 28 28 26
-0.507848 -0.407452 -0.758995 114.053574
63580 28 28 27
0.137200 -0.002955 -0.990539 109.245041
75100 28 28 32
-0.769150 0.104994 -0.630384 69.606285
77404 28 28 33
-0.694102 -0.031789 -0.719174 56.242229
24460 28 29 10
0.303873 -0.812189 0.498006 45.932301
26764 28 29 11
0.300546 -0.918809 0.255857 52.818668
42892 28 29 18
-0.081498 -0.969292 -0.232017 83.883820
45196 28 29 19
-0.228585 -0.920409 -0.317168 79.703819
63628 28 29 27
0.068191 -0.764753 -0.640705 106.652473
65932 28 29 28
0.056135 -0.559898 -0.826658 101.536407
68236 28 29 29
-0.393960 -0.298656 -0.869253 95.934280
70540 28 29 30
-0.706762 -0.128607 -0.695664 89.595093
72844 28 29 31
-0.739574 -0.130422 -0.660318 81.034973
75148 28 29 32
-0.682272 -0.176484 -0.709478 68.923752
24508 28 30 10
0.324951 -0.857027 0.399890 32.115849
26812 28 30 11
0.336099 -0.917790 0.211421 36.748646
42940 28 30 18
0.138101 -0.983844 -0.113925 68.373856
45244 28 30 19
0.012791 -0.992998 -0.117437 66.165901
52156 28 30 22
-0.312345 -0.676291 0.667137 80.092018
63676 28 30 27
0.036804 -0.960583 -0.275547 97.884781
65980 28 30 28
-0.017960 -0.943254 -0.331585 94.125206
68284 28 30 29
-0.277264 -0.872219 -0.402938 89.896019
70588 28 30 30
-0.531732 -0.681769 -0.502446 84.191589
72892 28 30 31
-0.606967 -0.518892 -0.601949 75.346664
52204 28 31 22
-0.054195 -0.822230 0.566570 67.790260
68332 28 31 29
-0.188709 -0.957442 -0.218388 75.994087
70636 28 31 30
-0.371494 -0.865567 -0.335836 71.012291
72940 28 31 31
-0.475514 -0.734396 -0.484303 62.907791
26093 29 15 11
0.857666 0.463518 0.222622 74.014526
28397 29 15 12
0.633543 0.756599 -0.161807 74.320824
30701 29 15 13
0.296602 0.884149 -0.360982 70.684334
33005 29 15 14
0.081561 0.908543 -0.409753 64.551033
26141 29 16 11
0.855880 -0.115553 0.504100 76.144135
28445 29 16 12
0.941754 0.233840 0.241700 79.617401
30749 29 16 13
0.543537 0.827946 -0.138109 79.917595
33053 29 16 14
0.123669 0.947894 -0.293604 77.803658
35357 29 16 15
-0.028520 0.929958 -0.366559 73.302521
28493 29 17 12
0.700892 -0.402956 0.588538 78.431297
30797 29 17 13
0.745440 0.007811 0.666527 82.617210
33101 29 17 14
0.408227 0.859275 0.308215 85.313583
35405 29 17 15
0.057277 0.984071 -0.168299 85.456642
37709 29 17 16
-0.072178 0.914857 -0.397276 81.774666
40013 29 17 17
-0.135894 0.850910 -0.507429 73.996346
33149 29 18 14
0.562893 0.152597 0.812321 87.863243
35453 29 18 15
0.447263 0.775938 0.444833 92.233894
37757 29 18 16
0.055268 0.959040 -0.277828 92.428062
40061 29 18 17
-0.154540 0.840288 -0.519647 87.724388
42365 29 18 18
-0.248779 0.795513 -0.552510 79.184807
23981 29 19 10
0.330937 0.347267 0.877432 60.393875
37805 29 19 16
0.517462 0.850528 0.093995 98.051254
40109 29 19 17
-0.178068 0.829007 -0.530131 96.243477
42413 29 19 18
-0.394896 0.752429 -0.527169 90.945457
44717 29 19 19
-0.443100 0.770969 -0.457459 83.764244
24029 29 20 10
0.062767 0.736432 0.673594 66.901634
44765 29 20 19
-0.700391 0.647364 -0.300619 94.298027
47069 29 20 20
-0.605051 0.728800 -0.320568 90.006416
49373 29 20 21
-0.473721 0.763319 -0.439242 82.966545
21773 29 21 9
-0.168176 0.532114 0.829802 65.411842
24077 29 21 10
-0.095207 0.767822 0.633549 78.477852
44813 29 21 19
-0.971665 0.235582 -0.019171 99.192207
47117 29 21 20
-0.875763 0.473559 -0.093703 98.845589
49421 29 21 21
-0.660208 0.652797 -0.371457 95.842720
51725 29 21 22
-0.418286 0.683120 -0.598652 87.307098
21821 29 22 9
-0.248897 0.373039 0.893808 74.586166
24125 29 22 10
-0.222134 0.628943 0.745042 91.165062
40253 29 22 17
-0.581519 0.147216 -0.800102 102.561340
42557 29 22 18
-0.922832 -0.235261 -0.305014 99.238319
44861 29 22 19
-0.951169 -0.275796 0.138613 98.864532
47165 29 22 20
-0.964806 -0.116421 0.235788 100.902901
49469 29 22 21
-0.955615 0.262179 -0.134392 101.788574
51773 29 22 22
-0.562341 0.555026 -0.612959 97.473984
54077 29 22 23
-0.306119 0.624839 -0.718239 86.822411
21869 29 23 9
-0.288425 0.128947 0.948780 80.242798
24173 29 23 10
-0.327278 0.319205 0.889380 100.291183
26477 29 23 11
-0.321639 0.634842 0.702513 113.591278
40301 29 23 17
-0.639248 0.086935 -0.764071 103.374786
42605 29 23 18
-0.839837 -0.226416 -0.493365 97.304146
44909 29 23 19
-0.878324 -0.477016 0.031679 95.169662
49517 29 23 21
-0.847625 -0.428557 0.312842 100.970230
51821 29 23 22
-0.909248 0.121271 -0.398197 101.218307
54125 29 23 23
-0.432869 0.564105 -0.703143 95.796814
24221 29 24 10
-0.357653 -0.050979 0.932462 102.830139
26525 29 24 11
-0.502705 0.030597 0.863916 118.173653
38045 29 24 16
-0.728310 0.073671 -0.681276 112.679337
40349 29 24 17
-0.722032 0.028845 -0.691258 104.024185
63389 29 24 27
-0.297422 0.822308 -0.485129 75.220848
65693 29 24 28
-0.293780 0.743745 -0.600447 64.474304
24269 29 25 10
-0.319071 -0.320375 0.891938 98.524155
26573 29 25 11
-0.455546 -0.479918 0.749771 114.526772
38093 29 25 16
-0.865616 -0.191336 -0.462708 111.800575
40397 29 25 17
-0.816163 -0.048369 -0.575794 103.898392
63437 29 25 27
-0.303198 0.752969 -0.584045 89.559402
65741 29 25 28
-0.262143 0.657574 -0.706313 78.031044
26621 29 26 11
-0.336469 -0.726370 0.599313 104.119049
40445 29 26 17
-0.892144 -0.164067 -0.420906 102.218407
42749 29 26 18
-0.842239 -0.058619 -0.535907 93.852303
63485 29 26 27
-0.329825 0.644918 -0.689417 99.789047
65789 29 26 28
-0.242818 0.565913 -0.787897 88.805336
26669 29 27 11
-0.209570 -0.858485 0.468064 89.448273
40493 29 27 17
-0.907739 -0.338755 -0.247498 98.175575
42797 29 27 18
-0.861510 -0.184294 -0.473114 91.939407
45101 29 27 19
-0.862620 -0.152077 -0.482451 83.681290
63533 29 27 27
-0.409438 0.469600 -0.782200 105.855667
65837 29 27 28
-0.262525 0.458551 -0.849006 96.553917
24413 29 28 10
-0.067146 -0.739851 0.669411 63.132500
26717 29 28 11
-0.086951 -0.931699 0.352670 72.799561
40541 29 28 17
-0.810911 -0.577902 -0.091934 91.251045
42845 29 28 18
-0.809183 -0.420867 -0.409993 87.183212
45149 29 28 19
-0.822468 -0.333724 -0.460624 80.040260
63581 29 28 27
-0.530590 0.021852 -0.847347 108.013939
65885 29 28 28
-0.331174 0.209425 -0.920035 100.799431
24461 29 29 10
0.012307 -0.834093 0.551487 48.903473
26765 29 29 11
0.014976 -0.962157 0.272084 55.921696
40589 29 29 17
-0.549267 -0.835647 0.000613 81.547989
42893 29 29 18
-0.613961 -0.709635 -0.345646 78.879700
45197 29 29 19
-0.691352 -0.607027 -0.391857 73.288498
63629 29 29 27
-0.320988 -0.757713 -0.568188 105.771889
65933 29 29 28
-0.330531 -0.418702 -0.845835 100.170677
68237 29 29 29
-0.518925 -0.182067 -0.835205 91.320541
70541 29 29 30
-0.671645 -0.082709 -0.736242 80.301292
72845 29 29 31
-0.735798 -0.076228 -0.672898 67.779327
24509 29 30 10
0.064433 -0.891836 0.447746 35.141190
26813 29 30 11
0.089411 -0.965204 0.245738 40.249596
40637 29 30 17
-0.168532 -0.985696 -0.001007 69.738426
42941 29 30 18
-0.298505 -0.911183 -0.283971 67.512032
45245 29 30 19
-0.434056 -0.859444 -0.270095 63.394165
65981 29 30 28
-0.149904 -0.851139 -0.503082 93.003441
68285 29 30 29
-0.388257 -0.681764 -0.620044 85.340401
70589 29 30 30
-0.573888 -0.504546 -0.645047 75.249252
72893 29 30 31
-0.650073 -0.393875 -0.649821 63.023399
40685 29 31 17
0.138520 -0.988524 -0.060266 56.697449
42989 29 31 18
-0.015079 -0.970161 -0.241993 54.294968
52205 29 31 22
-0.228780 -0.708739 0.667345 65.651283
68333 29 31 29
-0.227681 -0.877103 -0.422908 72.095116
70637 29 31 30
-0.418285 -0.754829 -0.505244 63.227757
72941 29 31 31
-0.528941 -0.628682 -0.570070 52.378071
23790 30 15 10
0.523285 0.174958 0.834004 77.051216
26094 30 15 11
0.244317 0.966090 -0.083541 80.032684
28398 30 15 12
-0.239072 0.795888 -0.556244 76.971260
30702 30 15 13
-0.341927 0.771970 -0.535862 70.190536
33006 30 15 14
-0.357557 0.802125 -0.478276 61.855301
23838 30 16 10
0.190871 -0.508244 0.839796 74.956955
26142 30 16 11
-0.206059 -0.725345 0.656821 80.411995
28446 30 16 12
-0.942288 0.148525 -0.300056 80.998672
30750 30 16 13
-0.697992 0.609432 -0.376030 78.586731
33054 30 16 14
-0.544893 0.764876 -0.343594 74.525650
28494 30 17 12
-0.679130 -0.565344 0.468154 79.170761
30798 30 17 13
-0.940469 0.151460 0.304267 81.544106
33102 30 17 14
-0.738474 0.672376 0.050668 82.826851
35406 30 17 15
-0.530367 0.826907 -0.186911 81.953255
37710 30 17 16
-0.400447 0.834126 -0.379309 77.490181
23934 30 18 10
-0.195159 -0.465260 0.863392 62.002430
35454 30 18 15
-0.567077 0.809916 0.149868 90.868698
37758 30 18 16
-0.471380 0.814745 -0.337625 89.564850
23982 30 19 10
-0.397295 0.105049 0.911658 59.992283
37806 30 19 16
-0.586398 0.736155 -0.337955 96.895592
24030 30 20 10
-0.452065 0.507557 0.733501 64.134491
51726 30 21 22
-0.638608 0.639016 -0.428765 76.146889
24126 30 22 10
-0.564731 0.418380 0.711362 82.954651
26430 30 22 11
-0.565469 0.599488 0.566445 95.824837
33342 30 22 14
-0.630267 0.775794 -0.030131 110.006927
35646 30 22 15
-0.790084 0.379321 -0.481542 107.985306
37950 30 22 16
-0.781768 0.014530 -0.623400 102.525703
40254 30 22 17
-0.828852 -0.137426 -0.542327 95.152206
42558 30 22 18
-0.931389 -0.190112 -0.310440 88.944946
49470 30 22 21
-0.964203 0.264395 0.020205 89.778198
51774 30 22 22
-0.781469 0.525532 -0.336338 87.376190
54078 30 22 23
-0.515675 0.635528 -0.574616 78.835564
24174 30 23 10
-0.621593 0.183027 0.761658 89.764107
26478 30 23 11
-0.722325 0.312223 0.617060 104.568985
28782 30 23 12
-0.821708 0.422162 0.382851 113.025192
31086 30 23 13
-0.909190 0.412843 0.054163 115.918045
33390 30 23 14
-0.928558 0.226735 -0.293889 114.607018
35694 30 23 15
-0.863873 0.029850 -0.502825 109.833817
37998 30 23 16
-0.819823 -0.074357 -0.567769 102.092957
40302 30 23 17
-0.841562 -0.144118 -0.520580 92.967834
42606 30 23 18
-0.919275 -0.224495 -0.323321 85.592316
44910 30 23 19
-0.957970 -0.285634 0.026590 83.087349
49518 30 23 21
-0.940041 -0.122235 0.318406 90.909370
51822 30 23 22
-0.969618 0.233500 -0.072927 92.934814
54126 30 23 23
-0.640093 0.565044 -0.520583 88.952133
24222 30 24 10
-0.628396 -0.059441 0.775619 91.139458
26526 30 24 11
-0.787352 -0.047759 0.614651 107.057030
28830 30 24 12
-0.948498 -0.084090 0.305417 115.426903
31134 30 24 13
-0.983064 -0.169467 -0.069756 117.089020
35742 30 24 15
-0.884558 -0.208718 -0.417125 108.285583
38046 30 24 16
-0.862258 -0.163062 -0.479502 99.972046
40350 30 24 17
-0.865605 -0.142694 -0.479966 90.306305
51870 30 24 22
-0.873790 -0.292501 0.388502 92.685181
54174 30 24 23
-0.937159 0.278070 -0.210735 93.774445
63390 30 24 27
-0.397946 0.795516 -0.456938 68.148872
65694 30 24 28
-0.384533 0.724758 -0.571717 57.548489
26574 30 25 11
-0.757443 -0.331176 0.562674 102.965240
28878 30 25 12
-0.870007 -0.446407 0.209303 110.642853
31182 30 25 13
-0.861628 -0.497123 -0.102300 111.335930
35790 30 25 15
-0.880436 -0.369094 -0.297662 102.660881
38094 30 25 16
-0.901067 -0.240511 -0.360878 95.770767
40398 30 25 17
-0.901318 -0.143688 -0.408631 87.307655
63438 30 25 27
-0.444907 0.730543 -0.518039 82.983826
65742 30 25 28
-0.390514 0.639523 -0.662200 71.583824
26622 30 26 11
-0.690642 -0.527625 0.494597 93.812798
28926 30 26 12
-0.750192 -0.648142 0.130857 100.104553
40446 30 26 17
-0.937796 -0.152316 -0.311992 84.067139
42750 30 26 18
-0.929322 -0.094196 -0.357053 76.655266
63486 30 26 27
-0.526483 0.625534 -0.575780 93.918411
65790 30 26 28
-0.408480 0.537158 -0.737974 82.984268
26670 30 27 11
-0.602777 -0.680493 0.416639 81.517281
28974 30 27 12
-0.630204 -0.772900 0.073951 86.113243
40494 30 27 17
-0.960460 -0.181747 -0.210916 80.513741
42798 30 27 18
-0.936423 -0.108367 -0.333721 74.653625
45102 30 27 19
-0.941455 -0.129757 -0.311167 68.043129
63534 30 27 27
-0.651839 0.463377 -0.600322 100.621223
65838 30 27 28
-0.448310 0.414122 -0.792162 91.174248
26718 30 28 11
-0.490712 -0.803365 0.337351 67.555908
40542 30 28 17
-0.957836 -0.253886 -0.134507 76.331436
42846 30 28 18
-0.926887 -0.189938 -0.323735 71.817245
45150 30 28 19
-0.922971 -0.182071 -0.339078 65.374733
63582 30 28 27
-0.783454 0.161452 -0.600110 103.576866
65886 30 28 28
-0.497282 0.206844 -0.842571 95.840195
24462 30 29 10
-0.340791 -0.759705 0.553813 46.161613
26766 30 29 11
-0.366525 -0.885547 0.285422 53.048904
40590 30 29 17
-0.908179 -0.403338 -0.111934 71.054169
42894 30 29 18
-0.872892 -0.349599 -0.340354 67.196114
45198 30 29 19
-0.883972 -0.319708 -0.341146 61.331108
65934 30 29 28
-0.463742 -0.218699 -0.858553 96.077492
68238 30 29 29
-0.496978 -0.091788 -0.862895 84.038086
24510 30 30 10
-0.252945 -0.845902 0.469541 33.798309
26814 30 30 11
-0.250932 -0.924424 0.287182 39.140755
40638 30 30 17
-0.739851 -0.652804 -0.162690 64.193863
42942 30 30 18
-0.723676 -0.578344 -0.376578 60.307610
68286 30 30 29
-0.390445 -0.492237 -0.777982 79.215225
70590 30 30 30
-0.519387 -0.367394 -0.771530 65.098343
40686 30 31 17
-0.410130 -0.878796 -0.243949 55.392410
42990 30 31 18
-0.467557 -0.791103 -0.394394 51.187588
52206 30 31 22
-0.441899 -0.492553 0.749744 60.870781
54510 30 31 23
-0.359792 -0.556903 0.748604 71.629837
68334 30 31 29
-0.230274 -0.750587 -0.619349 67.803238
70638 30 31 30
-0.390583 -0.629699 -0.671509 55.209320
40734 30 32 17
-0.120919 -0.953012 -0.277753 44.734756
52254 30 32 22
-0.227503 -0.741654 0.631025 51.506840
54558 30 32 23
-0.141359 -0.824744 0.547554 61.060650
56862 30 32 24
-0.029784 -0.937899 0.345627 68.396317
19087 31 13 8
0.110345 0.562631 0.819311 49.415905
21391 31 13 9
0.060293 0.860872 0.505237 59.331692
23695 31 13 10
-0.054754 0.996775 -0.058671 62.365959
19135 31 14 8
0.040968 0.174340 0.983833 55.132599
21439 31 14 9
-0.079907 0.451190 0.888843 67.700569
23743 31 14 10
-0.387951 0.907142 0.163055 73.147667
26047 31 14 11
-0.440684 0.751420 -0.491086 70.523338
21487 31 15 9
-0.227690 -0.211908 0.950396 68.752953
23791 31 15 10
-0.821049 -0.122277 0.557609 76.304077
26095 31 15 11
-0.901316 0.208286 -0.379799 76.240761
28399 31 15 12
-0.741912 0.377370 -0.554218 70.281494
23839 31 16 10
-0.628406 -0.601730 0.492978 72.220047
26143 31 16 11
-0.914933 -0.403225 -0.017542 74.763748
28447 31 16 12
-0.959903 -0.023640 -0.279332 72.662712
23887 31 17 10
-0.591083 -0.636368 0.495638 64.151878
23935 31 18 10
-0.666271 -0.468359 0.580279 56.551807
23983 31 19 10
-0.745563 -0.059527 0.663771 53.054710
37807 31 19 16
-0.760666 0.562655 -0.323737 90.748932
35551 31 20 15
-0.922677 0.347219 0.167646 95.470078
37855 31 20 16
-0.890636 0.112661 -0.440540 94.064552
35599 31 21 15
-0.987303 0.078929 -0.137849 97.471794
37903 31 21 16
-0.862841 -0.157228 -0.480401 93.447876
26431 31 22 11
-0.783978 0.334247 0.523123 81.414108
28735 31 22 12
-0.837038 0.366857 0.405935 91.498993
31039 31 22 13
-0.917650 0.310859 0.247557 97.752190
33343 31 22 14
-0.990998 0.133108 -0.014310 99.806610
35647 31 22 15
-0.945992 -0.087645 -0.312116 97.232376
51775 31 22 22
-0.833171 0.530420 -0.156466 72.980400
54079 31 22 23
-0.632744 0.654097 -0.414478 67.203453
24175 31 23 10
-0.760524 0.095532 0.642244 72.296585
26479 31 23 11
-0.852725 0.132433 0.505293 87.005028
28783 31 23 12
-0.940472 0.121577 0.317383 96.694397
31087 31 23 13
-0.996208 0.036251 0.079097 100.895432
33391 31 23 14
-0.981453 -0.092176 -0.168087 99.995064
51823 31 23 22
-0.932905 0.346584 0.097815 80.629410
54127 31 23 23
-0.732866 0.602611 -0.315860 78.824158
28831 31 24 12
-0.963798 -0.124672 0.235692 96.535439
31135 31 24 13
-0.979294 -0.201370 -0.020804 98.961571
33439 31 24 14
-0.941938 -0.257545 -0.215462 96.112099
35743 31 24 15
-0.903713 -0.266196 -0.335323 89.483406
51871 31 24 22
-0.888082 -0.031890 0.458577 83.002182
54175 31 24 23
-0.918030 0.394348 -0.041352 85.691399
65695 31 24 28
-0.454559 0.700833 -0.549736 48.891716
28879 31 25 12
-0.935813 -0.310535 0.166801 91.164665
31183 31 25 13
-0.927601 -0.366272 -0.073489 92.122429
33487 31 25 14
-0.902543 -0.373465 -0.214336 88.391335
35791 31 25 15
-0.900497 -0.328569 -0.284864 82.048111
51919 31 25 22
-0.642246 -0.386121 0.662141 80.102432
54223 31 25 23
-0.844503 -0.202708 0.495705 86.760338
63439 31 25 27
-0.523750 0.692801 -0.495695 73.947502
65743 31 25 28
-0.478249 0.615731 -0.626221 62.596729
28927 31 26 12
-0.889770 -0.443632 0.107233 82.010170
31231 31 26 13
-0.873835 -0.475728 -0.100478 81.835373
33535 31 26 14
-0.874230 -0.448438 -0.186080 78.190979
35839 31 26 15
-0.908075 -0.363422 -0.208144 73.400940
54271 31 26 23
-0.540465 -0.484505 0.687861 82.850349
63487 31 26 27
-0.617847 0.584203 -0.526281 85.292755
65791 31 26 28
-0.510595 0.510730 -0.691699 74.139343
28975 31 27 12
-0.835114 -0.546618 0.061582 70.779907
31279 31 27 13
-0.830149 -0.548539 -0.099784 70.093338
63535 31 27 27
-0.739087 0.436159 -0.513338 92.643333
65839 31 27 28
-0.552009 0.391262 -0.736342 82.700745
26719 31 28 11
-0.751339 -0.592220 0.291143 55.811596
29023 31 28 12
-0.771848 -0.633641 0.052451 58.890259
63583 31 28 27
-0.850531 0.239114 -0.468425 96.562660
65887 31 28 28
-0.589321 0.230562 -0.774301 88.047073
24463 31 29 10
-0.611385 -0.615551 0.497297 38.241920
26767 31 29 11
-0.662330 -0.698462 0.271053 44.465759
36031 31 30 15
-0.879528 -0.283285 0.382336 50.694134
38335 31 30 16
-0.966000 -0.242604 0.089366 53.729992
36079 31 31 15
-0.739270 -0.473816 0.478517 46.693291
38383 31 31 16
-0.862568 -0.503065 0.053867 49.580177
54511 31 31 23
-0.560465 -0.352244 0.749536 64.809921
56815 31 31 24
-0.528122 -0.501309 0.685402 75.690056
59119 31 31 25
-0.458238 -0.754252 0.470235 83.466080
61423 31 31 26
-0.325975 -0.944503 0.040680 86.642540
63727 31 31 27
-0.226208 -0.897451 -0.378696 84.196144
36127 31 32 15
-0.513922 -0.734433 0.443276 40.570503
38431 31 32 16
-0.609614 -0.792519 -0.016890 42.786774
40735 31 32 17
-0.589761 -0.723799 -0.358186 40.408390
52255 31 32 22
-0.476484 -0.581335 0.659554 45.949413
54559 31 32 23
-0.423374 -0.668035 0.611950 56.468929
56863 31 32 24
-0.349359 -0.816277 0.460044 65.454437
59167 31 32 25
-0.235573 -0.948889 0.210037 71.012230
61471 31 32 26
-0.125969 -0.989399 -0.072265 72.129570
63775 31 32 27
-0.075853 -0.946733 -0.312960 68.468277
36175 31 33 15
-0.306795 -0.892155 0.331567 32.108448
38479 31 33 16
-0.361216 -0.930348 -0.063048 33.529079
40783 31 33 17
-0.375181 -0.859769 -0.346462 31.023914
54607 31 33 23
-0.284473 -0.847066 0.448948 43.367157
56911 31 33 24
-0.210864 -0.935274 0.284251 49.933067
59215 31 33 25
-0.123379 -0.988721 0.084900 53.383404
61519 31 33 26
-0.050155 -0.993000 -0.106939 53.116447
19088 32 13 8
-0.326856 0.512946 0.793758 47.862160
21392 32 13 9
-0.497321 0.758520 0.421093 56.466808
23696 32 13 10
-0.553007 0.816829 -0.164236 58.025265
19136 32 14 8
-0.413927 0.098271 0.904990 52.309292
21440 32 14 9
-0.736045 0.249518 0.629268 62.856880
23744 32 14 10
-0.914074 0.399293 -0.070946 66.118919
23792 32 15 10
-0.976493 -0.199996 0.080393 67.046722
26096 32 15 11
-0.934003 -0.013025 -0.357028 64.644035
23840 32 16 10
-0.856991 -0.483479 0.178365 61.788181
23888 32 17 10
-0.802019 -0.537617 0.260258 53.517014
23936 32 18 10
-0.826910 -0.420835 0.372986 45.963329
37760 32 18 16
-0.623048 0.774763 -0.107490 73.669830
35504 32 19 15
-0.853246 0.424529 0.302896 80.675323
37808 32 19 16
-0.870670 0.463304 -0.165176 81.967316
35552 32 20 15
-0.977963 0.096934 0.184912 84.304886
37856 32 20 16
-0.954379 -0.094233 -0.283339 83.878555
30992 32 21 13
-0.899899 0.208644 0.382948 75.481293
33296 32 21 14
-0.969899 0.061116 0.235715 81.709084
35600 32 21 15
-0.986872 -0.155938 -0.042031 83.588051
37904 32 21 16
-0.877095 -0.337533 -0.341726 80.340370
28736 32 22 12
-0.919914 0.155885 0.359802 71.572685
31040 32 22 13
-0.972740 0.065848 0.222353 78.470261
33344 32 22 14
-0.995767 -0.087464 0.028249 81.337799
28784 32 23 12
-0.962030 0.003117 0.272927 73.539970
31088 32 23 13
-0.992550 -0.082352 0.089789 78.202850
51824 32 23 22
-0.895971 0.406688 0.178441 65.768738
54128 32 23 23
-0.776707 0.609600 -0.158472 65.926819
51872 32 24 22
-0.874724 0.154177 0.459442 70.634254
54176 32 24 23
-0.889735 0.451455 0.067531 74.805161
56480 32 24 24
-0.709958 0.639705 -0.294511 72.743179
51920 32 25 22
-0.721018 -0.183476 0.668184 70.401939
54224 32 25 23
-0.900100 0.027697 0.434802 78.174568
56528 32 25 24
-0.909900 0.410366 -0.060675 80.234886
65744 32 25 28
-0.551524 0.584577 -0.595055 51.867558
33536 32 26 14
-0.919798 -0.347303 -0.182629 56.300640
51968 32 26 22
-0.552559 -0.409648 0.725856 65.477432
54272 32 26 23
-0.659241 -0.375291 0.651581 75.744934
56576 32 26 24
-0.914054 -0.122277 0.386721 81.782295
63488 32 26 27
-0.692909 0.519747 -0.499740 74.141685
65792 32 26 28
-0.596644 0.479125 -0.643782 62.907246
28976 32 27 12
-0.919690 -0.387971 0.060398 51.516140
31280 32 27 13
-0.914472 -0.394831 -0.088597 51.046215
63536 32 27 27
-0.806726 0.372020 -0.459124 81.699631
65840 32 27 28
-0.647556 0.365190 -0.668810 71.430107
29024 32 28 12
-0.891156 -0.450131 0.056769 43.164925
63584 32 28 27
-0.900558 0.216377 -0.377063 86.090202
65888 32 28 28
-0.695174 0.233782 -0.679764 77.162560
65936 32 29 28
-0.715745 0.028843 -0.697766 79.643005
63680 32 30 27
-0.874311 -0.360379 -0.325125 85.554161
65984 32 30 28
-0.653830 -0.293001 -0.697607 77.599953
56816 32 31 24
-0.714825 -0.346292 0.607542 65.640511
59120 32 31 25
-0.745690 -0.493104 0.448100 74.737503
61424 32 31 26
-0.739634 -0.662263 0.119786 79.341995
63728 32 31 27
-0.631126 -0.708052 -0.316769 77.830795
66032 32 31 28
-0.492792 -0.609330 -0.621187 69.722298
68336 32 31 29
-0.414489 -0.491625 -0.765835 56.418938
36128 32 32 15
-0.844242 -0.455439 0.282543 33.023045
38432 32 32 16
-0.880854 -0.467594 -0.073839 34.204685
56864 32 32 24
-0.618003 -0.626318 0.475182 56.889614
59168 32 32 25
-0.578175 -0.765238 0.283063 63.868774
61472 32 32 26
-0.499222 -0.866412 0.010395 66.581177
63776 32 32 27
-0.404149 -0.870519 -0.280820 64.050674
66080 32 32 28
-0.333115 -0.792193 -0.511336 56.323738
36176 32 33 15
-0.678836 -0.691974 0.245671 26.791393
38480 32 33 16
-0.705246 -0.702171 -0.097897 27.550020
59216 32 33 25
-0.415355 -0.895510 0.159818 48.226002
61520 32 33 26
-0.338177 -0.940065 -0.043757 49.350304
21345 33 12 9
-0.592452 0.785351 0.179509 38.075459
19089 33 13 8
-0.651138 0.394836 0.648170 40.691845
21393 33 13 9
-0.808748 0.517324 0.279826 47.437546
23697 33 13 10
-0.811607 0.553553 -0.186744 47.999287
26001 33 13 11
-0.701013 0.513504 -0.494869 42.449661
21441 33 14 9
-0.929889 0.092340 0.356063 51.737801
23745 33 14 10
-0.979137 0.157626 -0.128237 53.315254
26049 33 14 11
-0.864316 0.210658 -0.456706 48.404152
21585 33 17 9
-0.768962 -0.530079 0.357370 36.487350
40017 33 17 17
-0.338480 0.917587 -0.208486 50.223885
40065 33 18 17
-0.489672 0.815985 -0.307229 63.235218
42369 33 18 18
-0.244768 0.712153 -0.657971 56.760132
44673 33 18 19
-0.109480 0.586064 -0.802834 46.490593
37809 33 19 16
-0.939961 0.322635 0.111267 71.662643
40113 33 19 17
-0.806333 0.296152 -0.511978 69.939095
42417 33 19 18
-0.416924 0.211402 -0.884016 62.742832
44721 33 19 19
-0.242554 0.214895 -0.946038 52.050831
47025 33 19 20
-0.244754 0.298372 -0.922534 40.376423
35553 33 20 15
-0.955654 -0.055957 0.289126 69.478073
37857 33 20 16
-0.964269 -0.262846 -0.033108 71.711617
35601 33 21 15
-0.954237 -0.287496 0.082323 66.147438
37905 33 21 16
-0.859951 -0.484748 -0.159697 65.516624
54177 33 24 23
-0.888134 0.446035 0.110777 60.735237
54225 33 25 23
-0.927735 0.150614 0.341502 65.871986
56529 33 25 24
-0.927717 0.371276 -0.038684 68.142876
54273 33 26 23
-0.821186 -0.214100 0.528976 65.298485
56577 33 26 24
-0.976351 -0.016881 0.215532 70.815331
58881 33 26 25
-0.964716 0.235564 -0.117608 71.340225
54321 33 27 23
-0.686150 -0.398567 0.608558 60.125923
56625 33 27 24
-0.857409 -0.289746 0.425320 68.321655
58929 33 27 25
-0.988467 -0.056597 0.140464 72.469193
61233 33 27 26
-0.972588 0.170753 -0.157850 72.250320
63537 33 27 27
-0.867636 0.290089 -0.403802 67.275024
65841 33 27 28
-0.741884 0.322841 -0.587692 57.480198
56673 33 28 24
-0.784456 -0.306035 0.539418 63.425655
63585 33 28 27
-0.939728 0.154565 -0.304993 71.289017
65889 33 28 28
-0.797750 0.206570 -0.566501 62.826675
65937 33 29 28
-0.835250 0.051296 -0.547472 65.465019
68241 33 29 29
-0.678176 0.066464 -0.731888 52.521778
63681 33 30 27
-0.959146 -0.208131 -0.191628 71.196815
65985 33 30 28
-0.824201 -0.183218 -0.535840 64.349220
68289 33 30 29
-0.663344 -0.146098 -0.733914 51.845409
63729 33 31 27
-0.853025 -0.484637 -0.193585 64.944115
66033 33 31 28
-0.731191 -0.458855 -0.504790 58.296993
68337 33 31 29
-0.597347 -0.392140 -0.699573 46.679317
63777 33 32 27
-0.680739 -0.706353 -0.194064 53.585522
66081 33 32 28
-0.587607 -0.675257 -0.445810 47.435749
23698 34 13 10
-0.912066 0.374599 -0.166767 35.341351
26002 34 13 11
-0.816524 0.371101 -0.442236 30.880434
23746 34 14 10
-0.989408 0.060302 -0.132045 38.483349
26050 34 14 11
-0.908938 0.104571 -0.403604 34.326591
26098 34 15 11
-0.940105 -0.125884 -0.316789 34.067905
21586 34 17 9
-0.840231 -0.489873 0.232459 25.510410
40066 34 18 17
-0.637959 0.768515 -0.048920 56.295231
42370 34 18 18
-0.414736 0.745516 -0.521728 52.856384
44674 34 18 19
-0.209512 0.590941 -0.779033 44.565380
40114 34 19 17
-0.977811 0.169284 -0.123402 61.938885
42418 34 19 18
-0.633265 0.121730 -0.764301 57.931419
44722 34 19 19
-0.304785 0.110112 -0.946035 49.101864
47026 34 19 20
-0.211219 0.155419 -0.965003 37.809711
37858 34 20 16
-0.914430 -0.345166 0.211372 58.739388
40162 34 20 17
-0.819129 -0.549788 -0.163587 59.318695
42466 34 20 18
-0.576120 -0.581372 -0.574537 55.055183
56530 34 25 24
-0.945608 0.324733 -0.019334 52.452148
54274 34 26 23
-0.909568 -0.100166 0.403301 51.051731
56578 34 26 24
-0.991192 0.031430 0.128645 55.616241
54322 34 27 23
-0.818001 -0.313571 0.482232 47.303543
56626 34 27 24
-0.936990 -0.217182 0.273647 53.853664
58930 34 27 25
-0.997695 -0.055869 0.038525 56.511623
61234 34 27 26
-0.979477 0.105453 -0.171771 55.253361
63538 34 27 27
-0.911028 0.215796 -0.351370 50.271812
56674 34 28 24
-0.874031 -0.300263 0.381983 49.132233
58978 34 28 25
-0.966234 -0.169082 0.194431 54.306965
61282 34 28 26
-0.999508 -0.020924 -0.023376 55.902508
26051 35 14 11
-0.936295 0.049451 -0.347715 21.964956
19283 35 17 8
-0.821126 -0.462155 0.334911 14.304356
21587 35 17 9
-0.883811 -0.447697 0.135813 16.274353
40115 35 19 17
-0.981820 0.086187 0.169121 52.194904
42419 35 19 18
-0.895864 0.073115 -0.438272 51.115070
44723 35 19 19
-0.553093 0.068299 -0.830315 44.599648
47027 35 19 20
-0.354129 0.089066 -0.930946 34.593124
40163 35 20 17
-0.846001 -0.524626 0.095132 49.262920
42467 35 20 18
-0.718702 -0.605011 -0.342681 47.939560
44771 35 20 19
-0.524773 -0.497556 -0.690689 42.029423
40211 35 21 17
-0.663091 -0.748256 0.020593 40.222416
56627 35 27 24
-0.968972 -0.165093 0.183947 37.510670
58931 35 27 25
-0.998539 -0.053688 -0.006190 38.974342
61235 35 27 26
-0.983727 0.063200 -0.168186 37.421608
42420 36 19 18
-0.983131 0.063291 -0.171606 41.775520
40164 36 20 17
-0.869905 -0.434733 0.232964 38.438988
42468 36 20 18
-0.847688 -0.508742 -0.150355 39.101547
44772 36 20 19
-0.708252 -0.457521 -0.537638 35.180817
47076 36 20 20
-0.560973 -0.328761 -0.759754 27.956934
42421 37 19 18
-0.996959 0.064984 -0.043007 30.979891
42469 37 20 18
-0.920165 -0.389622 -0.038624 29.112324
44773 37 20 19
-0.842106 -0.369440 -0.392900 26.778284
47077 37 20 20
-0.706394 -0.294979 -0.643424 21.438280
