2.000000
12 12 12
-0.065561 -0.902185 -0.576536
-12.065561 -12.902185 -12.576536
112.045982 1199.334209 308.370235
637 1 5 4
0.806998 0.244077 0.537755 56.446312
505 1 6 3
0.624094 -0.078799 0.777366 43.287689
649 1 6 4
0.826492 -0.077810 0.557546 58.357014
793 1 6 5
0.979543 -0.063402 0.190987 67.561790
638 2 5 4
0.620486 0.277307 0.733552 73.929443
782 2 5 5
0.876415 0.331692 0.349108 88.067375
926 2 5 6
0.931455 0.306878 -0.195490 89.854843
506 2 6 3
0.404912 -0.072846 0.911449 54.957447
650 2 6 4
0.641945 -0.077208 0.762853 76.447426
794 2 6 5
0.923573 -0.069788 0.377018 91.276245
938 2 6 6
0.979629 -0.040072 -0.196779 93.368271
662 2 7 4
0.604349 -0.352477 0.714509 70.588112
806 2 7 5
0.847466 -0.377391 0.373333 85.324295
974 2 9 6
0.763162 -0.646206 -0.000626 62.028694
1118 2 9 7
0.743488 -0.552620 -0.376612 57.159119
986 2 10 6
0.653586 -0.755575 0.043953 45.404510
1130 2 10 7
0.652687 -0.698826 -0.292648 42.673492
915 3 4 6
0.692861 0.716181 -0.083833 98.096062
783 3 5 5
0.704075 0.399692 0.586962 107.414612
927 3 5 6
0.898988 0.416120 -0.136617 113.051620
1071 3 5 7
0.718085 0.283583 -0.635559 101.395607
651 3 6 4
0.395384 -0.060714 0.916507 90.279716
795 3 6 5
0.764598 -0.064238 0.641298 111.383720
939 3 6 6
0.989028 -0.040423 -0.142090 117.413193
975 3 9 6
0.631377 -0.774184 0.044733 80.187103
1119 3 9 7
0.613171 -0.666644 -0.423801 74.881706
987 3 10 6
0.492926 -0.867075 0.072145 58.924812
1131 3 10 7
0.492839 -0.809348 -0.319476 55.815304
916 4 4 6
0.554548 0.832053 0.012792 114.993294
1060 4 4 7
0.518955 0.645578 -0.560281 106.210632
784 4 5 5
0.473371 0.414986 0.776986 121.650978
928 4 5 6
0.829749 0.558078 -0.008171 131.798950
1072 4 5 7
0.623724 0.346289 -0.700752 121.258797
940 4 6 6
0.999282 -0.037581 -0.004723 136.916367
964 4 8 6
0.623926 -0.777741 0.076387 116.268990
1108 4 8 7
0.559536 -0.583811 -0.588289 108.663223
976 4 9 6
0.437351 -0.894235 0.095225 94.560684
1120 4 9 7
0.430485 -0.781740 -0.451182 89.303192
988 4 10 6
0.295459 -0.950519 0.096008 69.170776
1132 4 10 7
0.299031 -0.895913 -0.328514 65.937256
917 5 4 6
0.414172 0.903870 0.107148 127.843910
1061 5 4 7
0.391426 0.724106 -0.567852 120.222969
929 5 5 6
0.712964 0.682683 0.160081 146.278198
1073 5 5 7
0.515954 0.414936 -0.749412 137.190857
821 5 8 5
0.225404 -0.644516 0.730611 114.665611
965 5 8 6
0.400029 -0.901949 0.162678 128.537613
1109 5 8 7
0.371975 -0.701540 -0.607846 121.728142
977 5 9 6
0.213467 -0.967707 0.134069 103.581856
1121 5 9 7
0.222354 -0.868638 -0.442749 98.714905
918 6 4 6
0.278202 0.947493 0.157674 137.320831
1062 6 4 7
0.246972 0.783501 -0.570203 130.239227
930 6 5 6
0.548618 0.785359 0.286756 157.331192
1074 6 5 7
0.365431 0.480024 -0.797519 149.054398
822 6 8 5
0.067618 -0.671312 0.738084 119.363548
966 6 8 6
0.135616 -0.968972 0.206642 135.129333
1110 6 8 7
0.142879 -0.800725 -0.581743 129.096924
834 6 9 5
-0.013358 -0.809622 0.586799 93.758743
978 6 9 6
0.001658 -0.988728 0.149711 106.703888
1122 6 9 7
0.018610 -0.914249 -0.404724 102.371628
919 7 4 6
0.078072 0.984657 0.156062 142.575333
1063 7 4 7
0.044193 0.814426 -0.578582 135.092941
931 7 5 6
0.190790 0.917899 0.347938 163.695847
1075 7 5 7
0.086212 0.519916 -0.849856 155.202362
955 7 7 6
-0.043646 -0.945762 0.321916 158.462936
1099 7 7 7
-0.029823 -0.631973 -0.774417 151.253326
823 7 8 5
-0.103201 -0.709741 0.696862 118.787605
967 7 8 6
-0.141621 -0.969953 0.197826 134.963135
1111 7 8 7
-0.120559 -0.845642 -0.519956 129.432404
979 7 9 6
-0.189686 -0.971272 0.143704 103.516045
1123 7 9 7
-0.174786 -0.918555 -0.354551 99.699326
920 8 4 6
-0.244335 0.963304 0.111115 140.433655
1064 8 4 7
-0.236643 0.785475 -0.571865 132.043823
788 8 5 5
-0.196472 0.363617 0.910594 144.674377
932 8 5 6
-0.519861 0.815431 0.254591 161.360077
1076 8 5 7
-0.336605 0.471782 -0.814935 152.057007
800 8 6 5
-0.251228 -0.167901 0.953254 147.675720
944 8 6 6
-0.820557 -0.408125 0.400150 165.356323
1088 8 6 7
-0.425160 -0.156192 -0.891540 156.499680
956 8 7 6
-0.491204 -0.842987 0.219295 152.308563
1100 8 7 7
-0.410659 -0.631777 -0.657433 145.007156
1244 8 7 8
-0.257857 -0.361395 -0.896049 116.636177
968 8 8 6
-0.397770 -0.904198 0.155578 126.246140
1112 8 8 7
-0.378123 -0.814765 -0.439524 120.970856
1256 8 8 8
-0.283718 -0.587628 -0.757759 97.897667
1124 8 9 7
-0.355372 -0.883656 -0.304733 90.238670
777 9 4 5
-0.443928 0.666440 0.598987 115.928413
921 9 4 6
-0.585008 0.809678 0.046774 127.585968
1065 9 4 7
-0.521958 0.676031 -0.520136 118.650368
789 9 5 5
-0.572445 0.297456 0.764085 132.663116
933 9 5 6
-0.888743 0.449802 0.088401 146.400650
1077 9 5 7
-0.677199 0.339358 -0.652869 136.616684
801 9 6 5
-0.605633 -0.205940 0.768633 133.973114
945 9 6 6
-0.956483 -0.264811 0.122538 148.621323
1089 9 6 7
-0.741485 -0.163282 -0.650799 139.494522
813 9 7 5
-0.547826 -0.543725 0.635807 120.199425
957 9 7 6
-0.740257 -0.662200 0.116238 134.330338
1101 9 7 7
-0.670247 -0.543621 -0.505218 127.046509
1245 9 7 8
-0.493183 -0.364663 -0.789805 101.642380
1113 9 8 7
-0.579445 -0.730539 -0.361324 103.285919
778 10 4 5
-0.696507 0.549462 0.461487 95.753113
922 10 4 6
-0.795903 0.605423 -0.001513 104.087280
790 10 5 5
-0.816040 0.203133 0.541125 109.162163
934 10 5 6
-0.968825 0.247465 0.011811 119.062759
802 10 6 5
-0.818752 -0.199125 0.538511 109.050735
946 10 6 6
-0.978606 -0.202951 0.033797 119.654243
814 10 7 5
-0.733979 -0.487484 0.472899 95.982803
958 10 7 6
-0.852902 -0.519427 0.052473 106.198753
