2.000000
48 48 48
5.032056 38.821421 24.238266
-42.967945 -9.178579 -23.761734
99.189903 3391.612127 1029.414362
42350 14 18 18
0.794462 0.591573 0.137375 50.219456
44654 14 18 19
0.775950 0.625184 -0.083943 50.664703
42398 14 19 18
0.864979 0.475342 0.160812 61.010292
44702 14 19 19
0.866814 0.498056 -0.023960 62.482346
31118 14 24 13
0.746165 0.004619 0.665745 66.205124
33422 14 24 14
0.879607 -0.042945 0.473758 81.155151
40334 14 24 17
0.978087 -0.206259 0.028348 97.240242
42638 14 24 18
0.976288 -0.216040 0.013760 97.773209
44942 14 24 19
0.981465 -0.191639 -0.000993 98.021370
47246 14 24 20
0.988819 -0.137396 -0.057967 97.270462
31166 14 25 13
0.749443 -0.256262 0.610463 62.916218
33470 14 25 14
0.857572 -0.330996 0.393715 75.985367
35774 14 25 15
0.902088 -0.394163 0.175708 83.647675
33518 14 26 14
0.810811 -0.501809 0.301287 64.623840
35822 14 26 15
0.834318 -0.541247 0.104714 70.011803
40047 15 18 17
0.616599 0.684221 0.389418 58.983799
42351 15 18 18
0.637848 0.755438 0.149880 64.437431
44655 15 18 19
0.607676 0.789933 -0.082074 64.999512
42399 15 19 18
0.749637 0.633116 0.192893 78.413673
44703 15 19 19
0.742183 0.670192 -0.002822 80.354309
47007 15 19 20
0.708298 0.684648 -0.171963 78.336060
47055 15 20 20
0.808917 0.577310 -0.111205 93.044289
49359 15 20 21
0.775198 0.554314 -0.302990 87.939217
47103 15 21 20
0.861731 0.499836 -0.087086 105.567276
49407 15 21 21
0.836941 0.461295 -0.294510 100.965027
33327 15 22 14
0.614231 0.547742 0.568066 86.303513
35631 15 22 15
0.713595 0.566094 0.412699 100.388618
33375 15 23 14
0.716682 0.325855 0.616592 99.001198
35679 15 23 15
0.852286 0.318313 0.415073 112.565529
37983 15 23 16
0.939727 0.277696 0.199496 119.826508
40287 15 23 17
0.971441 0.229546 0.060097 122.483772
42591 15 23 18
0.979930 0.198246 0.020878 123.172096
44895 15 23 19
0.981852 0.189382 0.010013 123.520477
31119 15 24 13
0.638306 0.023392 0.769427 84.506721
33423 15 24 14
0.792648 -0.024083 0.609204 103.154144
35727 15 24 15
0.926971 -0.103002 0.360715 115.324806
38031 15 24 16
0.974260 -0.186198 0.127076 120.881760
40335 15 24 17
0.969205 -0.245884 0.013547 122.222649
42639 15 24 18
0.963475 -0.267449 0.013668 122.370056
44943 15 24 19
0.970700 -0.236459 0.042761 123.009605
47247 15 24 20
0.988437 -0.151631 -0.000372 123.647873
49551 15 24 21
0.988992 -0.029509 -0.144996 122.110321
31167 15 25 13
0.661346 -0.237878 0.711362 81.407784
33471 15 25 14
0.793936 -0.333802 0.508175 98.157166
35775 15 25 15
0.871523 -0.424669 0.245161 108.167984
44991 15 25 19
0.861442 -0.500308 0.087237 113.815552
47295 15 25 20
0.901636 -0.423464 0.087926 116.289688
49599 15 25 21
0.952237 -0.305251 -0.008141 117.564468
51903 15 25 22
0.970412 -0.162165 -0.178892 114.998215
54207 15 25 23
0.931517 -0.028213 -0.362602 106.608757
33519 15 26 14
0.781150 -0.487961 0.389484 86.487450
35823 15 26 15
0.824963 -0.544049 0.153120 94.152428
42352 16 18 18
0.392727 0.909974 0.133090 74.734596
44656 16 18 19
0.357137 0.931108 -0.074104 75.159943
42400 16 19 18
0.534902 0.822319 0.194089 91.214073
44704 16 19 19
0.503585 0.863686 0.021196 93.128319
47056 16 20 20
0.622437 0.780991 -0.051240 108.365334
49360 16 20 21
0.624864 0.719234 -0.303722 104.882179
51664 16 20 22
0.572379 0.610005 -0.547975 94.619232
53968 16 20 23
0.492580 0.507349 -0.707080 77.286224
49408 16 21 21
0.702063 0.632896 -0.326421 118.167496
51712 16 21 22
0.611910 0.510188 -0.604380 108.262947
54016 16 21 23
0.504407 0.431521 -0.747905 90.401688
33328 16 22 14
0.519446 0.587384 0.620609 102.851860
35632 16 22 15
0.606730 0.647625 0.460934 118.070648
37936 16 22 16
0.677302 0.694567 0.242565 126.439606
40240 16 22 17
0.687809 0.724097 0.051012 129.131180
51760 16 22 22
0.615908 0.484396 -0.621304 119.134789
54064 16 22 23
0.506706 0.438907 -0.742031 102.300751
33376 16 23 14
0.614050 0.374336 0.694849 116.703568
35680 16 23 15
0.762145 0.417841 0.494514 131.090851
37984 16 23 16
0.879974 0.436178 0.188134 137.642502
40288 16 23 17
0.895985 0.438132 -0.072468 138.377548
42592 16 23 18
0.871616 0.475823 -0.117807 137.060364
44896 16 23 19
0.848614 0.527910 0.034132 136.611343
49504 16 23 21
0.801240 0.517170 -0.300916 135.677429
51808 16 23 22
0.667040 0.483641 -0.566700 128.767776
33424 16 24 14
0.700535 0.018033 0.713390 121.826080
35728 16 24 15
0.886272 -0.055740 0.459800 134.941910
38032 16 24 16
0.982634 -0.152037 0.106370 140.002579
40336 16 24 17
0.966648 -0.226708 -0.119142 139.672195
42640 16 24 18
0.956422 -0.271076 -0.108510 137.966354
44944 16 24 19
0.965980 -0.242491 0.089891 137.763916
47248 16 24 20
0.981543 -0.082079 0.172730 139.225159
49552 16 24 21
0.984196 0.159205 -0.077535 139.908890
51856 16 24 22
0.850947 0.334713 -0.404791 136.320007
54160 16 24 23
0.699717 0.405444 -0.588227 125.884735
56464 16 24 24
0.597395 0.426596 -0.679070 108.279404
33472 16 25 14
0.732852 -0.291286 0.614883 118.112404
35776 16 25 15
0.855944 -0.405618 0.320676 129.534561
44992 16 25 19
0.837616 -0.529887 0.132738 132.048950
47296 16 25 20
0.864849 -0.443139 0.235931 135.247162
49600 16 25 21
0.948604 -0.281194 0.145193 138.626602
51904 16 25 22
0.988255 -0.059987 -0.140550 138.792633
54208 16 25 23
0.894084 0.121669 -0.431056 132.552948
56512 16 25 24
0.762828 0.211753 -0.610945 118.315910
58816 16 25 25
0.657848 0.242694 -0.712977 97.015175
33520 16 26 14
0.760168 -0.429209 0.487775 108.189140
35824 16 26 15
0.837329 -0.503061 0.214032 117.796608
49648 16 26 21
0.863976 -0.465091 0.192964 130.656433
51952 16 26 22
0.924445 -0.380728 0.021179 133.539856
54256 16 26 23
0.935060 -0.253835 -0.247447 130.658020
56560 16 26 24
0.860682 -0.125544 -0.493421 119.678162
58864 16 26 25
0.754847 -0.034743 -0.654980 100.658012
42353 17 18 18
0.089839 0.992150 0.086996 79.526276
44657 17 18 19
0.075493 0.995759 -0.052573 79.691711
42401 17 19 18
0.190152 0.972308 0.135862 97.745918
44705 17 19 19
0.150438 0.987576 0.045403 99.170090
49361 17 20 21
0.371322 0.893324 -0.253166 114.591431
51665 17 20 22
0.387912 0.701085 -0.598334 106.157745
53969 17 20 23
0.340071 0.534184 -0.773951 88.887947
49409 17 21 21
0.357560 0.874111 -0.328757 126.068855
51713 17 21 22
0.363320 0.571456 -0.735824 118.386299
54017 17 21 23
0.306891 0.432540 -0.847778 101.299751
51761 17 22 22
0.208070 0.579266 -0.788135 126.810486
54065 17 22 23
0.231069 0.473254 -0.850081 111.725510
35681 17 23 15
0.675333 0.527692 0.515234 144.907822
37985 17 23 16
0.763920 0.645136 0.015041 149.287659
40289 17 23 17
0.553159 0.677148 -0.485268 146.584686
38033 17 24 16
0.998803 0.007344 -0.048357 153.195496
40337 17 24 17
0.845217 0.034253 -0.533325 150.074936
42641 17 24 18
0.672051 0.176885 -0.719068 145.085922
44945 17 24 19
0.344150 0.845584 -0.408105 142.323898
47249 17 24 20
-0.256594 0.828878 0.497111 142.972000
49553 17 24 21
-0.122130 0.965809 0.228687 144.867142
51857 17 24 22
0.162205 0.908892 -0.384194 143.976227
54161 17 24 23
0.267870 0.727595 -0.631547 136.661545
56465 17 24 24
0.300413 0.627894 -0.717984 121.429962
35777 17 25 15
0.841230 -0.347573 0.414156 146.732040
47297 17 25 20
0.813824 -0.077103 0.575973 144.427368
49601 17 25 21
0.737606 0.238802 0.631594 148.432831
51905 17 25 22
0.810630 0.585002 0.025521 150.814972
54209 17 25 23
0.635097 0.567539 -0.523977 147.547638
56513 17 25 24
0.513920 0.478054 -0.712285 135.767563
58817 17 25 25
0.453266 0.410619 -0.791165 115.231712
61121 17 25 26
0.420938 0.358172 -0.833381 88.829407
33521 17 26 14
0.708687 -0.356137 0.609040 127.745094
35825 17 26 15
0.839601 -0.446553 0.309291 138.594299
51953 17 26 22
0.929098 -0.314135 0.195180 151.178452
54257 17 26 23
0.943455 -0.159130 -0.290809 150.590805
56561 17 26 24
0.764205 -0.003119 -0.644966 141.570602
58865 17 26 25
0.613378 0.071560 -0.786541 122.878662
61169 17 26 26
0.525338 0.102483 -0.844700 96.780273
33569 17 27 14
0.772733 -0.385966 0.503898 118.064034
35873 17 27 15
0.863744 -0.442488 0.241145 127.933578
54305 17 27 23
0.777493 -0.615523 -0.128981 142.162094
56609 17 27 24
0.750447 -0.493083 -0.440112 134.991104
58913 17 27 25
0.670062 -0.331043 -0.664400 118.801979
52049 17 28 22
0.638690 -0.768889 0.029750 123.225685
54353 17 28 23
0.618132 -0.780204 -0.095891 122.412811
56657 17 28 24
0.623070 -0.725622 -0.291987 116.347679
49793 17 29 21
0.606267 -0.794082 -0.043306 98.872681
52097 17 29 22
0.531693 -0.845514 -0.049079 97.486557
54401 17 29 23
0.502698 -0.858401 -0.102191 95.113014
40050 18 18 17
-0.133120 0.967942 0.212996 75.768372
42354 18 18 18
-0.191645 0.980421 0.045235 78.339653
44658 18 18 19
-0.163999 0.986436 -0.006965 78.582657
37794 18 19 16
0.041498 0.912856 0.406168 89.520859
40098 18 19 17
-0.078220 0.979868 0.183685 95.759193
42402 18 19 18
-0.188210 0.980766 0.051722 97.647926
44706 18 19 19
-0.188151 0.978738 0.081674 98.686142
37842 18 20 16
0.135378 0.941624 0.308247 109.928299
40146 18 20 17
-0.003099 0.999333 0.036395 113.167915
49362 18 20 21
0.042296 0.994520 -0.095604 117.708160
51666 18 20 22
0.192948 0.764803 -0.614694 111.910774
53970 18 20 23
0.207602 0.533499 -0.819927 95.966728
37890 18 21 16
0.221890 0.965437 0.136733 128.929062
40194 18 21 17
0.057589 0.967792 -0.245075 128.032455
49410 18 21 21
-0.380091 0.919470 -0.100530 126.424850
51714 18 21 22
0.049867 0.526784 -0.848535 121.458321
54018 18 21 23
0.132734 0.371033 -0.919084 106.336235
51762 18 22 22
-0.342197 0.443829 -0.828201 126.144615
35682 18 23 15
0.501209 0.681794 0.532867 154.339417
35730 18 24 15
0.701532 0.158207 0.694855 159.591553
35778 18 25 15
0.689979 -0.342316 0.637769 158.207108
54210 18 25 23
-0.135106 0.931695 -0.337182 150.687103
56514 18 25 24
0.046550 0.748153 -0.661891 141.956711
58818 18 25 25
0.154207 0.586407 -0.795202 124.242729
61122 18 25 26
0.219366 0.475554 -0.851896 99.381866
33522 18 26 14
0.506595 -0.319468 0.800813 141.647919
35826 18 26 15
0.700155 -0.465790 0.541131 152.923172
38130 18 26 16
0.881149 -0.467606 0.070153 156.873596
56562 18 26 24
0.357005 0.327944 -0.874643 152.105667
58866 18 26 25
0.317212 0.247025 -0.915617 135.650208
61170 18 26 26
0.316241 0.211448 -0.924814 110.538315
33570 18 27 14
0.612898 -0.348002 0.709401 135.139069
35874 18 27 15
0.762344 -0.472360 0.442388 145.835876
38178 18 27 16
0.864454 -0.489627 0.113949 150.171021
40482 18 27 17
0.904971 -0.420727 -0.063380 150.321777
56610 18 27 24
0.500671 -0.628812 -0.594915 149.152771
58914 18 27 25
0.440506 -0.352053 -0.825841 134.504562
61218 18 27 26
0.402029 -0.181329 -0.897492 111.178474
31314 18 28 13
0.602575 -0.295903 0.741178 110.877785
33618 18 28 14
0.703057 -0.397257 0.589828 127.349922
35922 18 28 15
0.804062 -0.489641 0.337248 137.211090
38226 18 28 16
0.850426 -0.517420 0.095147 141.301834
40530 18 28 17
0.856622 -0.514655 -0.036458 141.691223
42834 18 28 18
0.837701 -0.540379 -0.079034 140.396317
45138 18 28 19
0.779145 -0.622647 -0.072414 138.767883
47442 18 28 20
0.664604 -0.746389 -0.034728 137.616669
49746 18 28 21
0.516765 -0.856083 0.008682 137.371155
52050 18 28 22
0.400921 -0.916093 0.005945 137.687302
54354 18 28 23
0.357092 -0.929336 -0.093910 136.804871
56658 18 28 24
0.372873 -0.876228 -0.305271 131.684967
58962 18 28 25
0.402050 -0.727795 -0.555582 119.563942
61266 18 28 26
0.412920 -0.536474 -0.735998 100.050766
29058 18 29 12
0.569091 -0.342135 0.747716 80.912987
31362 18 29 13
0.641281 -0.410681 0.648151 101.315155
33666 18 29 14
0.729672 -0.488354 0.478632 116.746056
35970 18 29 15
0.798714 -0.543774 0.257615 125.939232
38274 18 29 16
0.820515 -0.568445 0.060221 129.598267
40578 18 29 17
0.799496 -0.596658 -0.069324 129.353073
42882 18 29 18
0.739803 -0.657536 -0.142614 126.685417
45186 18 29 19
0.640333 -0.748208 -0.173658 122.642670
47490 18 29 20
0.514289 -0.842025 -0.162789 118.147736
49794 18 29 21
0.393107 -0.911540 -0.120669 114.146576
52098 18 29 22
0.308656 -0.947421 -0.084412 111.126793
56706 18 29 24
0.289711 -0.936222 -0.198885 103.578819
59010 18 29 25
0.329984 -0.869471 -0.367601 94.411377
61314 18 29 26
0.369286 -0.748605 -0.550653 79.869362
31410 18 30 13
0.625706 -0.538120 0.564729 87.437584
33714 18 30 14
0.699784 -0.588672 0.404683 101.884987
42930 18 30 18
0.657914 -0.721513 -0.215799 108.413116
45234 18 30 19
0.544801 -0.794658 -0.267787 101.434708
47538 18 30 20
0.425371 -0.865655 -0.264009 93.526169
49842 18 30 21
0.323356 -0.921594 -0.214723 86.192245
40674 18 31 17
0.678426 -0.721175 -0.140160 93.127014
42978 18 31 18
0.597804 -0.756204 -0.266056 86.984604
45282 18 31 19
0.492002 -0.803743 -0.334560 77.982109
38418 18 32 16
0.643076 -0.765485 0.022058 72.799362
40722 18 32 17
0.617387 -0.772358 -0.149319 70.881973
37747 19 18 16
-0.289628 0.901325 0.322070 64.586449
40051 19 18 17
-0.373933 0.917895 0.132824 69.891319
42355 19 18 18
-0.396475 0.917096 0.041730 71.635811
37795 19 19 16
-0.266018 0.921000 0.284594 86.774925
40099 19 19 17
-0.382718 0.921033 0.072282 90.783226
42403 19 19 18
-0.445737 0.894927 0.020606 91.376999
44707 19 19 19
-0.403198 0.902894 0.149041 92.894615
37843 19 20 16
-0.222398 0.957786 0.182168 108.938210
40147 19 20 17
-0.360513 0.928079 -0.093268 109.717812
49363 19 20 21
-0.227394 0.960159 0.162441 116.489067
51667 19 20 22
0.025513 0.819740 -0.572168 113.666992
53971 19 20 23
0.114480 0.527821 -0.841606 99.760231
37891 19 21 16
-0.168796 0.985568 0.012790 129.505341
40195 19 21 17
-0.286310 0.887030 -0.362222 126.065208
49411 19 21 21
-0.787163 0.495645 0.367031 123.032356
51715 19 21 22
-0.195786 0.376145 -0.905639 120.727036
54019 19 21 23
0.041850 0.274107 -0.960788 107.966843
35635 19 22 15
-0.071251 0.906692 0.415732 144.334869
37939 19 22 16
-0.125342 0.973212 -0.192738 146.635239
40243 19 22 17
-0.180607 0.773684 -0.607284 139.795639
51763 19 22 22
-0.608558 0.113902 -0.785292 121.990761
28771 19 23 12
0.048690 0.398412 0.915913 102.282242
31075 19 23 13
-0.008667 0.430642 0.902481 126.252937
33379 19 23 14
-0.067609 0.515103 0.854458 145.792725
35683 19 23 15
-0.130272 0.800471 0.585044 157.305161
37987 19 23 16
-0.115312 0.908933 -0.400679 158.499268
26515 19 24 11
0.143617 0.151267 0.978004 83.966431
28819 19 24 12
0.074301 0.139969 0.987364 109.380562
31123 19 24 13
-0.023942 0.112837 0.993325 132.628784
33427 19 24 14
-0.135282 0.088678 0.986831 151.138351
35731 19 24 15
-0.292900 0.184560 0.938162 162.245575
38035 19 24 16
-0.223577 0.751060 -0.621227 164.295868
38083 19 25 16
-0.513150 -0.831873 0.211340 164.834290
56515 19 25 24
-0.303946 0.807735 -0.505154 138.876511
58819 19 25 25
-0.135935 0.685176 -0.715580 124.367950
61123 19 25 26
0.013607 0.565952 -0.824326 102.935928
35827 19 26 15
-0.287752 -0.498677 0.817631 156.504013
38131 19 26 16
-0.190739 -0.811867 0.551807 161.900940
40435 19 26 17
0.702032 -0.577070 -0.417302 162.536789
56563 19 26 24
-0.370670 0.580664 -0.724868 151.716568
58867 19 26 25
-0.123687 0.411909 -0.902792 137.895126
61171 19 26 26
0.040902 0.316090 -0.947847 115.823639
33571 19 27 14
-0.060633 -0.306793 0.949843 141.110077
35875 19 27 15
-0.182064 -0.540510 0.821402 151.427612
38179 19 27 16
-0.042785 -0.836680 0.546019 157.037018
40483 19 27 17
0.423183 -0.895915 0.135104 159.126907
42787 19 27 18
0.746122 -0.654352 -0.122983 159.014023
45091 19 27 19
0.829339 -0.531055 -0.173717 157.918411
47395 19 27 20
0.760482 -0.642204 -0.096136 156.936371
49699 19 27 21
0.424028 -0.902905 0.070451 156.848343
58915 19 27 25
-0.029129 -0.332679 -0.942590 139.295715
61219 19 27 26
0.097480 -0.153115 -0.983389 118.353149
31315 19 28 13
0.255142 -0.257015 0.932119 121.570641
33619 19 28 14
0.164313 -0.395630 0.903592 136.585449
35923 19 28 15
0.118263 -0.661033 0.740978 145.959351
38227 19 28 16
0.230805 -0.898220 0.374073 150.742142
40531 19 28 17
0.401986 -0.914499 0.045812 152.354324
42835 19 28 18
0.476624 -0.871390 -0.116232 151.847122
45139 19 28 19
0.447764 -0.876734 -0.175630 149.904449
47443 19 28 20
0.345763 -0.923891 -0.163932 147.274704
49747 19 28 21
0.209780 -0.971827 -0.107447 144.891678
52051 19 28 22
0.087573 -0.993806 -0.068412 143.241028
58963 19 28 25
0.051373 -0.815326 -0.576719 125.953758
61267 19 28 26
0.129364 -0.605561 -0.785214 108.164932
29059 19 29 12
0.362065 -0.358892 0.860294 94.300682
31363 19 29 13
0.357201 -0.437318 0.825324 114.597832
33667 19 29 14
0.373141 -0.572529 0.730053 129.518539
35971 19 29 15
0.427356 -0.753406 0.499746 138.462616
38275 19 29 16
0.481385 -0.863659 0.149534 142.306900
40579 19 29 17
0.476338 -0.871521 -0.116418 142.309906
42883 19 29 18
0.421751 -0.873118 -0.244522 139.400330
45187 19 29 19
0.341252 -0.896079 -0.283882 134.303818
47491 19 29 20
0.252470 -0.931434 -0.262087 128.031982
49795 19 29 21
0.167392 -0.965486 -0.199540 121.968163
59011 19 29 25
0.071097 -0.935463 -0.346200 100.837700
61315 19 29 26
0.124885 -0.828294 -0.546198 87.457291
29107 19 30 12
0.357680 -0.529196 0.769426 82.302322
31411 19 30 13
0.382856 -0.608909 0.694731 102.079597
33715 19 30 14
0.437187 -0.702379 0.561722 117.245689
36019 19 30 15
0.515263 -0.787175 0.338909 126.570206
40627 19 30 17
0.527327 -0.825272 -0.202119 128.495758
42931 19 30 18
0.439128 -0.831355 -0.340612 122.597954
45235 19 30 19
0.340986 -0.858297 -0.383476 113.629333
47539 19 30 20
0.251818 -0.899057 -0.358168 103.321297
59059 19 30 25
0.074375 -0.969448 -0.233752 70.964134
61363 19 30 26
0.110510 -0.916552 -0.384343 62.045956
38371 19 31 16
0.548293 -0.835890 0.025736 112.576233
40675 19 31 17
0.529383 -0.820684 -0.215013 110.101799
42979 19 31 18
0.457015 -0.807387 -0.373182 102.131348
45283 19 31 19
0.370151 -0.818516 -0.439340 90.482567
38419 19 32 16
0.499028 -0.866103 0.028917 89.787468
40723 19 32 17
0.497994 -0.844881 -0.195392 87.321442
40100 20 19 17
-0.554772 0.831268 0.034948 79.536583
51620 20 19 22
-0.080928 0.964479 -0.251458 96.477989
37844 20 20 16
-0.486372 0.867562 0.103815 99.880737
40148 20 20 17
-0.552281 0.827733 -0.099213 99.663956
49364 20 20 21
-0.375602 0.840946 0.389530 112.752357
51668 20 20 22
-0.158156 0.882745 -0.442434 112.889191
53972 20 20 23
0.016661 0.547072 -0.836919 101.281410
37892 20 21 16
-0.492145 0.870458 -0.009832 121.975914
40196 20 21 17
-0.504867 0.811240 -0.294956 118.191605
49412 20 21 21
-0.702308 0.297113 0.646906 118.700851
51716 20 21 22
-0.416718 0.263536 -0.869997 118.772591
54020 20 21 23
-0.016768 0.201637 -0.979317 108.249969
28724 20 22 12
-0.296137 0.585036 0.755008 83.920586
31028 20 22 13
-0.365794 0.602995 0.708937 105.886864
33332 20 22 14
-0.447609 0.652339 0.611636 125.168625
35636 20 22 15
-0.538181 0.762214 0.359708 137.771362
37940 20 22 16
-0.541942 0.832014 -0.118540 140.574493
40244 20 22 17
-0.429572 0.762989 -0.483028 134.319519
26468 20 23 11
-0.249634 0.404966 0.879594 75.105759
28772 20 23 12
-0.355818 0.404216 0.842616 98.181709
31076 20 23 13
-0.470676 0.385645 0.793563 120.077217
33380 20 23 14
-0.595087 0.390784 0.702253 138.544205
35684 20 23 15
-0.738795 0.496358 0.455862 150.491974
37988 20 23 16
-0.712142 0.685574 -0.151137 153.278412
40292 20 23 17
-0.393813 0.699182 -0.596705 147.210098
26516 20 24 11
-0.232846 0.220663 0.947149 83.081802
28820 20 24 12
-0.392625 0.177211 0.902464 105.665131
31124 20 24 13
-0.557961 0.097856 0.824078 126.024414
33428 20 24 14
-0.700221 0.022489 0.713572 142.940338
35732 20 24 15
-0.848557 0.017159 0.528825 154.601379
38036 20 24 16
-0.969693 0.239388 0.048873 159.038208
40340 20 24 17
-0.517564 0.615900 -0.593965 155.962875
26564 20 25 11
-0.169446 0.071547 0.982939 86.425903
28868 20 25 12
-0.383529 0.004761 0.923517 107.563873
31172 20 25 13
-0.598775 -0.096945 0.795029 125.766151
38084 20 25 16
-0.923220 -0.211726 0.320682 158.763458
40388 20 25 17
-0.948906 0.244834 -0.199082 159.975723
42692 20 25 18
-0.204193 0.803558 -0.559106 156.760971
28916 20 26 12
-0.331242 -0.051620 0.942133 106.919479
38132 20 26 16
-0.852934 -0.322133 0.410773 154.803299
40436 20 26 17
-0.901327 -0.288032 0.323491 159.387726
42740 20 26 18
-0.952909 0.302739 -0.017714 160.748779
45044 20 26 19
0.003607 0.924252 -0.381765 159.650299
58868 20 26 25
-0.455466 0.448543 -0.768999 131.750854
61172 20 26 26
-0.238230 0.369427 -0.898204 113.361534
40484 20 27 17
-0.809346 -0.442992 0.385639 155.307175
42788 20 27 18
-0.680607 -0.659920 0.318247 158.777191
45092 20 27 19
-0.316341 -0.948475 0.017990 159.937241
47396 20 27 20
0.012211 -0.939136 -0.343329 159.181259
49700 20 27 21
-0.181075 -0.895149 -0.407333 157.416290
52004 20 27 22
-0.533375 -0.767428 -0.355761 155.283661
54308 20 27 23
-0.692876 -0.578259 -0.430744 152.175644
56612 20 27 24
-0.659024 -0.400102 -0.636871 146.016312
58916 20 27 25
-0.485440 -0.244203 -0.839472 134.413025
61220 20 27 26
-0.262054 -0.133947 -0.955712 116.490829
42836 20 28 18
-0.490557 -0.862588 0.123676 151.756973
45140 20 28 19
-0.148542 -0.984582 -0.092372 151.841675
47444 20 28 20
-0.001513 -0.980395 -0.197038 149.757355
49748 20 28 21
-0.011655 -0.978644 -0.205231 146.403198
52052 20 28 22
-0.102084 -0.977605 -0.184030 142.769882
54356 20 28 23
-0.212798 -0.954262 -0.210003 138.818848
56660 20 28 24
-0.290622 -0.895795 -0.336289 132.958878
58964 20 28 25
-0.290402 -0.785060 -0.547126 122.876205
61268 20 28 26
-0.199954 -0.627975 -0.752108 107.259590
63572 20 28 27
-0.061747 -0.474384 -0.878150 86.990982
65876 20 28 28
0.074891 -0.362615 -0.928925 64.845932
31364 20 29 13
-0.294800 -0.386952 0.873706 115.984009
33668 20 29 14
-0.591577 -0.366968 0.717894 128.366669
59012 20 29 25
-0.153336 -0.929527 -0.335363 99.399399
61316 20 29 26
-0.128082 -0.849202 -0.512300 87.332634
63620 20 29 27
-0.056048 -0.732079 -0.678911 71.330559
65924 20 29 28
0.035208 -0.609122 -0.792294 53.352859
29108 20 30 12
0.018478 -0.574601 0.818225 87.631767
31412 20 30 13
-0.096432 -0.629093 0.771326 106.056435
33716 20 30 14
-0.222366 -0.687737 0.691065 120.192459
36020 20 30 15
-0.308495 -0.784018 0.538652 129.431610
61364 20 30 26
-0.080183 -0.928745 -0.361945 62.363605
63668 20 30 27
-0.046382 -0.857143 -0.512986 51.216881
33764 20 31 14
0.006531 -0.816538 0.577255 104.783051
36068 20 31 15
0.056913 -0.904899 0.421804 115.725563
38372 20 31 16
0.179035 -0.977253 0.113682 120.878975
40676 20 31 17
0.289096 -0.924600 -0.248069 119.523514
36116 20 32 15
0.162397 -0.924812 0.344020 94.555725
38420 20 32 16
0.259225 -0.961381 0.092458 100.322823
40724 20 32 17
0.335321 -0.921684 -0.195085 98.946548
51621 21 19 22
-0.251809 0.957253 -0.142331 92.909866
49365 21 20 21
-0.489050 0.726269 0.483077 106.660072
51669 21 20 22
-0.426578 0.872237 -0.239237 109.312675
53973 21 20 23
-0.172740 0.588996 -0.789459 99.955460
37893 21 21 16
-0.654479 0.754951 0.041311 106.513870
49413 21 21 21
-0.670966 0.347719 0.654901 113.561096
51717 21 21 22
-0.797592 0.312030 -0.516222 115.506630
54021 21 21 23
-0.201662 0.198890 -0.959049 106.857002
33333 21 22 14
-0.693687 0.507892 0.510729 107.856995
35637 21 22 15
-0.750067 0.572208 0.331630 120.861626
37941 21 22 16
-0.737825 0.674250 0.031638 125.982704
40245 21 22 17
-0.614819 0.747641 -0.251058 123.159714
28773 21 23 12
-0.652739 0.353606 0.669996 83.689568
31077 21 23 13
-0.737629 0.292658 0.608486 102.489426
33381 21 23 14
-0.805251 0.255993 0.534826 119.687187
35685 21 23 15
-0.869078 0.294778 0.397253 132.886246
37989 21 23 16
-0.881106 0.458280 0.116752 139.267929
40293 21 23 17
-0.685768 0.682093 -0.253911 137.957748
63333 21 23 27
0.164656 0.719061 -0.675159 55.848915
65637 21 23 28
0.443236 0.692862 -0.568756 45.608753
28821 21 24 12
-0.724340 0.187137 0.663559 91.102226
31125 21 24 13
-0.816746 0.077764 0.571733 107.803658
35733 21 24 15
-0.899670 -0.030344 0.435515 136.096756
38037 21 24 16
-0.953188 0.077681 0.292229 144.671753
40341 21 24 17
-0.893299 0.447936 -0.037014 147.210266
65685 21 24 28
0.404712 0.608775 -0.682350 56.246712
26565 21 25 11
-0.573996 0.170929 0.800820 77.971291
28869 21 25 12
-0.768375 0.075870 0.635487 94.223839
31173 21 25 13
-0.865432 -0.048422 0.498682 107.940292
38085 21 25 16
-0.891797 -0.197471 0.407067 142.973145
40389 21 25 17
-0.941050 -0.023953 0.337419 149.998474
42693 21 25 18
-0.793716 0.607179 0.036723 152.517136
44997 21 25 19
-0.167362 0.946025 -0.277536 151.035385
26613 21 26 11
-0.533616 0.105338 0.839141 80.846848
28917 21 26 12
-0.786899 0.046646 0.615316 95.442223
31221 21 26 13
-0.904520 -0.047625 0.423762 106.519920
40437 21 26 17
-0.840942 -0.261994 0.473471 147.136978
42741 21 26 18
-0.857587 -0.133731 0.496649 154.347702
45045 21 26 19
-0.796034 0.540901 0.271580 157.664566
47349 21 26 20
-0.162740 0.931612 -0.324985 157.195236
49653 21 26 21
-0.147108 0.867896 -0.474464 153.911453
58869 21 26 25
-0.603345 0.407793 -0.685332 120.853638
42789 21 27 18
-0.756622 -0.410269 0.509120 150.285873
45093 21 27 19
-0.656795 -0.618495 0.431375 156.094818
47397 21 27 20
-0.442946 -0.895749 -0.037860 157.869797
49701 21 27 21
-0.292265 -0.744558 -0.600179 155.994720
52005 21 27 22
-0.471939 -0.513967 -0.716318 151.456238
54309 21 27 23
-0.648863 -0.347372 -0.676985 144.834488
56613 21 27 24
-0.699146 -0.238547 -0.674011 135.810760
58917 21 27 25
-0.650757 -0.173633 -0.739167 123.649727
61221 21 27 26
-0.515370 -0.141923 -0.845134 108.149208
47445 21 28 20
-0.145465 -0.985943 -0.082194 148.486542
49749 21 28 21
-0.035449 -0.966428 -0.254481 145.763947
52053 21 28 22
-0.097252 -0.938584 -0.331061 140.593155
54357 21 28 23
-0.244834 -0.890800 -0.382795 133.751343
56661 21 28 24
-0.387020 -0.803015 -0.453192 125.105896
58965 21 28 25
-0.452868 -0.697232 -0.555677 113.897797
61269 21 28 26
-0.418899 -0.602597 -0.679265 99.626358
63573 21 28 27
-0.293094 -0.528273 -0.796884 82.700211
65877 21 28 28
-0.112141 -0.471591 -0.874658 64.434311
31365 21 29 13
-0.820923 -0.189561 0.538658 105.093498
33669 21 29 14
-0.928305 -0.053699 0.367921 114.118805
61317 21 29 26
-0.291736 -0.819805 -0.492757 81.395317
63621 21 29 27
-0.249045 -0.747234 -0.616132 67.369995
65925 21 29 28
-0.150603 -0.672462 -0.724647 52.018387
29109 21 30 12
-0.410595 -0.546323 0.730030 83.095192
31413 21 30 13
-0.612534 -0.477448 0.629957 98.209740
33717 21 30 14
-0.771598 -0.355588 0.527441 110.267197
36021 21 30 15
-0.860859 -0.245824 0.445524 119.518219
31461 21 31 13
-0.389032 -0.673066 0.628996 84.520752
33765 21 31 14
-0.478481 -0.653612 0.586385 99.195709
36069 21 31 15
-0.526767 -0.670098 0.522958 111.069885
38373 21 31 16
-0.484279 -0.801407 0.351029 118.783142
40677 21 31 17
-0.202235 -0.976149 -0.078954 120.912132
36117 21 32 15
-0.228630 -0.861675 0.453039 93.847984
38421 21 32 16
-0.122181 -0.962108 0.243762 102.251923
40725 21 32 17
0.064302 -0.994135 -0.086958 104.040184
51622 22 19 22
-0.454914 0.888815 -0.055328 85.023102
53926 22 19 23
-0.348072 0.793952 -0.498484 78.186584
51670 22 20 22
-0.675398 0.733069 -0.080294 101.265457
53974 22 20 23
-0.456989 0.590531 -0.665157 93.901604
51718 22 21 22
-0.930092 0.324690 -0.171774 108.581131
54022 22 21 23
-0.544948 0.234201 -0.805097 101.357460
35638 22 22 15
-0.816790 0.459811 0.348464 96.796967
37942 22 22 16
-0.799970 0.575462 0.169975 104.858765
40246 22 22 17
-0.705293 0.708726 -0.016407 106.885475
51766 22 22 22
-0.918452 0.049330 -0.392444 109.868141
54070 22 22 23
-0.559485 0.014861 -0.828707 102.735634
35686 22 23 15
-0.883867 0.216010 0.414873 107.571274
37990 22 23 16
-0.889487 0.351360 0.292163 118.046539
40294 22 23 17
-0.799677 0.594106 0.086918 122.824028
54118 22 23 23
-0.547762 0.258215 -0.795790 103.975494
56422 22 23 24
-0.463015 0.305112 -0.832180 92.166992
58726 22 23 25
-0.382506 0.461402 -0.800498 78.670944
61030 22 23 26
-0.234580 0.672929 -0.701527 66.585487
63334 22 23 27
0.080073 0.856021 -0.510701 57.886650
38038 22 24 16
-0.901017 0.035900 0.432296 123.149170
40342 22 24 17
-0.897109 0.285708 0.336995 132.261581
42646 22 24 18
-0.694680 0.713543 0.090975 136.174240
58774 22 24 25
-0.488086 0.585918 -0.646894 87.646126
61078 22 24 26
-0.365941 0.701000 -0.612116 77.112274
63382 22 24 27
-0.021531 0.832881 -0.553033 68.930710
42694 22 25 18
-0.827717 0.248422 0.503161 143.392532
44998 22 25 19
-0.522991 0.843110 0.125086 147.474152
47302 22 25 20
-0.168346 0.949599 -0.264425 146.273560
26614 22 26 11
-0.815364 0.182857 0.549313 66.772270
28918 22 26 12
-0.939584 0.108039 0.324823 76.110703
42742 22 26 18
-0.719528 -0.203243 0.664057 143.088287
45046 22 26 19
-0.744545 0.063044 0.664589 152.246597
47350 22 26 20
-0.548557 0.835687 -0.026680 155.227386
49654 22 26 21
-0.229379 0.783699 -0.577236 152.275589
24358 22 27 10
-0.576604 0.064790 0.814451 56.134350
26662 22 27 11
-0.811201 0.088433 0.578041 69.625893
28966 22 27 12
-0.950709 0.089265 0.296959 78.403297
47398 22 27 20
-0.520342 -0.755432 0.398204 154.995758
49702 22 27 21
-0.307963 -0.661822 -0.683484 154.401749
52006 22 27 22
-0.305491 -0.263515 -0.915006 148.239365
54310 22 27 23
-0.460807 -0.139790 -0.876422 138.033691
56614 22 27 24
-0.587782 -0.105468 -0.802115 125.253807
65830 22 27 28
-0.171273 -0.405884 -0.897733 69.577782
24406 22 28 10
-0.524547 -0.137420 0.840218 55.526241
26710 22 28 11
-0.768998 -0.093335 0.632401 69.720825
52054 22 28 22
0.004005 -0.864405 -0.502781 139.755341
54358 22 28 23
-0.153166 -0.770354 -0.618946 129.849609
65878 22 28 28
-0.261117 -0.608800 -0.749119 60.680031
68182 22 28 29
-0.052067 -0.616015 -0.786012 46.760860
24454 22 29 10
-0.455770 -0.351379 0.817806 50.826351
26758 22 29 11
-0.672451 -0.322835 0.666024 65.624634
29062 22 29 12
-0.867207 -0.214793 0.449240 77.172256
31366 22 29 13
-0.957570 -0.065674 0.280619 85.159248
26806 22 30 11
-0.550048 -0.513965 0.658246 56.793507
29110 22 30 12
-0.724153 -0.438195 0.532529 69.899323
31414 22 30 13
-0.853733 -0.295584 0.428683 80.986557
36070 22 31 15
-0.784938 -0.347678 0.512828 96.495972
38374 22 31 16
-0.794103 -0.364427 0.486408 107.365585
40678 22 31 17
-0.736505 -0.581395 0.345746 114.575562
42982 22 31 18
-0.309075 -0.944070 -0.114911 116.336441
45286 22 31 19
0.179044 -0.880468 -0.438999 112.056587
36118 22 32 15
-0.547557 -0.662916 0.510612 83.874474
38422 22 32 16
-0.501699 -0.764483 0.404801 95.128487
40726 22 32 17
-0.339245 -0.927262 0.158423 101.401581
43030 22 32 18
-0.048743 -0.982185 -0.181483 101.132256
45334 22 32 19
0.192234 -0.894608 -0.403389 94.450287
38470 22 33 16
-0.290983 -0.909136 0.297995 74.134064
40774 22 33 17
-0.161175 -0.983898 0.077249 79.117943
43078 22 33 18
0.008444 -0.986986 -0.160584 77.975906
51623 23 19 22
-0.635855 0.771783 -0.006286 72.267387
53927 23 19 23
-0.558277 0.723286 -0.406428 67.193069
51671 23 20 22
-0.816064 0.577697 -0.017472 87.457420
53975 23 20 23
-0.695434 0.518531 -0.497490 81.737999
51719 23 21 22
-0.948187 0.306827 -0.082451 95.738289
54023 23 21 23
-0.789528 0.239445 -0.565076 89.544693
37943 23 22 16
-0.805302 0.519581 0.285525 81.164276
40247 23 22 17
-0.731035 0.661900 0.165761 87.551445
51767 23 22 22
-0.946326 0.200353 -0.253625 99.297836
54071 23 22 23
-0.793296 0.087865 -0.602463 92.157532
56375 23 22 24
-0.639207 0.148282 -0.754603 79.216499
37991 23 23 16
-0.855804 0.307739 0.415807 93.481956
40295 23 23 17
-0.800189 0.515522 0.306488 103.538559
54119 23 23 23
-0.725703 0.240972 -0.644428 94.516373
56423 23 23 24
-0.669849 0.240542 -0.702454 82.486412
58727 23 23 25
-0.633094 0.384769 -0.671673 70.290039
61031 23 23 26
-0.539682 0.678015 -0.499038 61.334942
40343 23 24 17
-0.826628 0.223819 0.516324 113.075882
42647 23 24 18
-0.750795 0.543825 0.374915 123.337326
56471 23 24 24
-0.627551 0.448729 -0.636256 88.902069
58775 23 24 25
-0.659512 0.497591 -0.563425 77.697853
61079 23 24 26
-0.630236 0.670805 -0.390927 70.176575
42695 23 25 18
-0.745947 0.135378 0.652102 130.200043
44999 23 25 19
-0.701678 0.579485 0.414543 139.802399
47303 23 25 20
-0.478320 0.870556 -0.115510 141.874084
26615 23 26 11
-0.917166 0.210239 0.338534 48.589859
42743 23 26 18
-0.629074 -0.183799 0.755304 129.124283
45047 23 26 19
-0.668108 -0.004963 0.744048 143.863098
47351 23 26 20
-0.782359 0.551345 0.289712 150.654205
49655 23 26 21
-0.460160 0.722742 -0.515652 148.794312
51959 23 26 22
-0.373904 0.602896 -0.704778 139.696121
24359 23 27 10
-0.799658 0.102740 0.591601 43.164448
26663 23 27 11
-0.934144 0.115932 0.337543 51.986893
49703 23 27 21
-0.698839 -0.341263 -0.628620 152.134293
52007 23 27 22
-0.343600 0.020253 -0.938898 145.178818
54311 23 27 23
-0.374390 0.070906 -0.924556 132.095108
56615 23 27 24
-0.477562 0.048690 -0.877248 115.810951
65831 23 27 28
-0.359799 -0.685813 -0.632618 65.966713
68135 23 27 29
-0.005138 -0.778386 -0.627765 57.330830
24407 23 28 10
-0.775748 -0.090871 0.624466 43.337334
26711 23 28 11
-0.924290 -0.045080 0.379020 52.798931
52055 23 28 22
-0.018497 -0.731916 -0.681144 139.986465
54359 23 28 23
-0.122608 -0.555704 -0.822290 127.617989
65879 23 28 28
-0.366242 -0.722571 -0.586309 54.980080
24455 23 29 10
-0.711279 -0.299094 0.636101 39.850586
26759 23 29 11
-0.864209 -0.247134 0.438256 49.935699
29063 23 29 12
-0.957758 -0.140901 0.250690 56.959305
31367 23 29 13
-0.986077 -0.013011 0.165779 61.480186
26807 23 30 11
-0.760095 -0.432475 0.484996 43.185417
29111 23 30 12
-0.871664 -0.330339 0.362047 51.817436
31415 23 30 13
-0.933572 -0.183939 0.307587 59.256561
38375 23 31 16
-0.832128 -0.160252 0.530925 89.145554
40679 23 31 17
-0.813817 -0.259455 0.519986 101.180557
42983 23 31 18
-0.723560 -0.575085 0.381757 109.397369
45287 23 31 19
-0.291740 -0.954794 -0.057063 111.850792
47591 23 31 20
0.118838 -0.917973 -0.378422 107.976067
49895 23 31 21
0.259481 -0.835347 -0.484629 98.668800
38423 23 32 16
-0.695817 -0.531593 0.482958 80.417488
40727 23 32 17
-0.630758 -0.685024 0.364535 90.809746
43031 23 32 18
-0.443660 -0.888445 0.117609 96.205154
45335 23 32 19
-0.143822 -0.971728 -0.187241 95.412468
47639 23 32 20
0.094900 -0.916965 -0.387517 88.729668
38471 23 33 16
-0.518102 -0.763914 0.384715 63.430244
40775 23 33 17
-0.429179 -0.874137 0.227353 71.449539
43079 23 33 18
-0.275918 -0.961021 0.017572 74.623703
51672 24 20 22
-0.884011 0.467408 -0.007421 68.744453
53976 24 20 23
-0.825842 0.430105 -0.364684 64.360626
51720 24 21 22
-0.952655 0.294911 -0.073997 77.143684
54024 24 21 23
-0.887057 0.229326 -0.400673 71.778893
51768 24 22 22
-0.939772 0.264830 -0.216086 82.655312
54072 24 22 23
-0.881637 0.148687 -0.447893 75.580215
56376 24 22 24
-0.797940 0.161112 -0.580806 64.348404
40296 24 23 17
-0.775055 0.467090 0.425579 82.522705
42600 24 23 18
-0.708304 0.644351 0.288301 92.161743
54120 24 23 23
-0.809089 0.272636 -0.520619 79.693672
40344 24 24 17
-0.771259 0.215942 0.598773 92.037735
42648 24 24 18
-0.753541 0.452958 0.476451 106.435524
44952 24 24 19
-0.696968 0.684432 0.213981 114.841347
70296 24 24 30
0.984563 -0.131983 0.114962 82.238167
72600 24 24 31
0.834816 -0.370560 -0.407145 79.597855
45000 24 25 19
-0.763572 0.442337 0.470421 127.253868
47304 24 25 20
-0.701088 0.713072 -0.001807 131.920288
49608 24 25 21
-0.573163 0.727241 -0.377629 127.575333
65736 24 25 28
-0.552155 -0.094671 0.828349 72.436768
68040 24 25 29
0.288726 -0.839966 0.459449 76.806702
70344 24 25 30
0.532744 -0.799704 -0.276872 76.740433
72648 24 25 31
0.494898 -0.685633 -0.533838 70.114380
45048 24 26 19
-0.691360 0.037082 0.721558 131.973038
47352 24 26 20
-0.854791 0.408373 0.320256 141.661835
49656 24 26 21
-0.692243 0.625510 -0.359913 140.915436
65784 24 26 28
-0.665099 -0.744762 0.054518 68.773071
68088 24 26 29
-0.124981 -0.980556 -0.151291 68.461136
70392 24 26 30
0.151742 -0.902682 -0.402665 64.437798
49704 24 27 21
-0.964137 0.093841 -0.248261 146.376404
52008 24 27 22
-0.584301 0.231498 -0.777818 139.286926
54312 24 27 23
-0.469635 0.227781 -0.852971 124.561386
56616 24 27 24
-0.488242 0.183137 -0.853277 106.055168
54360 24 28 23
-0.317260 -0.312714 -0.895297 123.956047
56664 24 28 24
-0.339452 -0.257086 -0.904809 105.342224
47544 24 30 20
-0.503951 -0.836525 0.215082 119.544426
49848 24 30 21
-0.171752 -0.943033 -0.284937 118.587463
42984 24 31 18
-0.786954 -0.351217 0.507296 95.370384
45288 24 31 19
-0.684309 -0.666458 0.295898 103.773270
47592 24 31 20
-0.396835 -0.913540 -0.089252 105.681816
49896 24 31 21
-0.123138 -0.917353 -0.378551 100.724396
52200 24 31 22
0.008189 -0.854154 -0.519955 90.003349
54504 24 31 23
0.045947 -0.802069 -0.595462 75.489662
43032 24 32 18
-0.674608 -0.670610 0.308523 83.486023
45336 24 32 19
-0.515928 -0.853683 0.071018 88.052338
47640 24 32 20
-0.292585 -0.936339 -0.194071 86.579048
49944 24 32 21
-0.105368 -0.916234 -0.386540 79.438019
52248 24 32 22
0.004708 -0.866361 -0.499396 68.138992
54552 24 32 23
0.051473 -0.822833 -0.565948 54.712860
79369 25 21 34
0.914218 -0.065648 -0.399871 80.488510
72505 25 22 31
0.574471 0.626182 0.527142 88.059097
74809 25 22 32
0.968375 0.240418 -0.066693 91.456947
77113 25 22 33
0.845590 -0.202822 -0.493803 86.629730
79417 25 22 34
0.701874 -0.383774 -0.600075 75.296165
70249 25 23 30
0.151152 0.442672 0.883852 86.355034
72553 25 23 31
0.946499 -0.028405 0.321455 92.555275
74857 25 23 32
0.681929 -0.476449 -0.554949 89.877342
77161 25 23 33
0.523507 -0.532598 -0.665042 79.251465
42649 25 24 18
-0.767124 0.413629 0.490338 86.573952
44953 25 24 19
-0.770840 0.589909 0.240442 96.597984
47257 25 24 20
-0.740684 0.669400 -0.057369 98.981178
67993 25 24 29
-0.365133 0.033461 0.930354 78.024422
70297 25 24 30
-0.154941 -0.624244 0.765710 86.780724
72601 25 24 31
0.224956 -0.909354 -0.349958 87.665123
74905 25 24 32
0.272498 -0.731497 -0.625025 79.863487
45001 25 25 19
-0.812933 0.388226 0.434075 109.474648
47305 25 25 20
-0.809814 0.585449 0.038084 115.404007
49609 25 25 21
-0.714023 0.632484 -0.300225 111.646439
68041 25 25 29
-0.549857 -0.618762 0.561062 74.336304
70345 25 25 30
-0.275493 -0.960923 0.027038 78.196548
72649 25 25 31
-0.028300 -0.907186 -0.419776 74.605904
45049 25 26 19
-0.764597 0.091168 0.638028 115.442215
47353 25 26 20
-0.902181 0.343394 0.261056 126.316605
49657 25 26 21
-0.823776 0.514408 -0.238280 126.259705
68089 25 26 29
-0.518545 -0.846740 0.118922 63.706516
70393 25 26 30
-0.285776 -0.940232 -0.185190 63.119320
72697 25 26 31
-0.114606 -0.895565 -0.429916 56.891953
47401 25 27 20
-0.871577 -0.025651 0.489586 129.560913
49705 25 27 21
-0.980499 0.172981 -0.093267 133.634537
52009 25 27 22
-0.788567 0.283108 -0.545905 126.868759
54313 25 27 23
-0.640649 0.293103 -0.709690 112.005562
56617 25 27 24
-0.596472 0.257820 -0.760098 93.231552
49753 25 28 21
-0.945294 -0.322391 0.049822 132.373016
52057 25 28 22
-0.816653 -0.218048 -0.534353 127.879036
54361 25 28 23
-0.622915 -0.122957 -0.772566 114.368347
56665 25 28 24
-0.533344 -0.099805 -0.839990 95.402756
58969 25 28 25
-0.529442 -0.147614 -0.835405 75.388870
56713 25 29 24
-0.406084 -0.439821 -0.801033 88.566032
59017 25 29 25
-0.390598 -0.421352 -0.818472 68.520348
47545 25 30 20
-0.764427 -0.561154 0.317423 107.731995
49849 25 30 21
-0.654402 -0.751940 -0.079651 110.352783
54457 25 30 23
-0.352492 -0.704747 -0.615695 91.846275
56761 25 30 24
-0.289626 -0.635224 -0.715966 74.630112
47593 25 31 20
-0.709451 -0.694854 0.117717 93.714577
49897 25 31 21
-0.548679 -0.815117 -0.185839 92.861122
52201 25 31 22
-0.385242 -0.823208 -0.417033 85.300301
54505 25 31 23
-0.274684 -0.780791 -0.561172 72.642647
56809 25 31 24
-0.217046 -0.728932 -0.649268 57.226101
47641 25 32 20
-0.597481 -0.801775 -0.013129 75.493607
49945 25 32 21
-0.454860 -0.858707 -0.236062 72.301231
52249 25 32 22
-0.324593 -0.853663 -0.407306 64.102539
54553 25 32 23
-0.231657 -0.819758 -0.523767 52.609940
77018 26 20 33
0.524255 0.704365 0.478567 90.808426
79322 26 20 34
0.914713 0.400943 0.050438 95.201218
81626 26 20 35
0.926752 -0.035787 -0.373965 92.212189
83930 26 20 36
0.799703 -0.241999 -0.549464 82.534187
74762 26 21 32
0.208694 0.688675 0.694387 92.671906
77066 26 21 33
0.909103 0.357714 0.213478 98.128052
79370 26 21 34
0.827586 -0.327472 -0.455921 95.874908
81674 26 21 35
0.675309 -0.469722 -0.568611 86.883934
72506 26 22 31
-0.269656 0.466780 0.842260 90.323112
74810 26 22 32
-0.102470 -0.043759 0.993773 97.285240
77114 26 22 33
0.386974 -0.729725 -0.563695 95.898994
79418 26 22 34
0.408545 -0.673714 -0.615793 87.238670
72554 26 23 31
-0.744007 -0.358182 0.564056 91.765465
74858 26 23 32
-0.322602 -0.879273 -0.350439 92.432869
77162 26 23 33
0.030225 -0.800890 -0.598048 84.905533
79466 26 23 34
0.188570 -0.753820 -0.629442 71.905342
44954 26 24 19
-0.820118 0.525048 0.227444 74.890656
47258 26 24 20
-0.804988 0.591916 -0.040371 77.442520
70298 26 24 30
-0.743204 -0.429962 0.512621 80.263428
72602 26 24 31
-0.610517 -0.791309 -0.033154 84.055687
74906 26 24 32
-0.298677 -0.844542 -0.444455 79.402382
45002 26 25 19
-0.857049 0.357072 0.371439 87.277267
47306 26 25 20
-0.867123 0.496231 0.043037 93.097466
68042 26 25 29
-0.740551 -0.473854 0.476494 63.943661
70346 26 25 30
-0.664869 -0.730108 0.157775 69.980972
72650 26 25 31
-0.483430 -0.847228 -0.220227 69.200996
45050 26 26 19
-0.839075 0.125647 0.529307 94.022964
47354 26 26 20
-0.934660 0.295945 0.197047 104.228027
49658 26 26 21
-0.890914 0.421204 -0.169878 104.372398
68090 26 26 29
-0.694358 -0.691590 0.198920 53.012665
70394 26 26 30
-0.563497 -0.825010 -0.042777 54.597134
47402 26 27 20
-0.935080 0.023437 0.353661 108.463303
49706 26 27 21
-0.986002 0.158406 -0.052045 112.418510
52010 26 27 22
-0.889194 0.251840 -0.381983 106.341019
54314 26 27 23
-0.777437 0.285103 -0.560632 92.863373
47450 26 28 20
-0.882924 -0.201796 0.423937 105.888344
49754 26 28 21
-0.984788 -0.165819 0.051925 112.294632
52058 26 28 22
-0.939115 -0.091979 -0.331062 108.631660
54362 26 28 23
-0.816433 -0.033206 -0.576485 96.582237
56666 26 28 24
-0.714796 -0.017927 -0.699103 79.505554
58970 26 28 25
-0.669666 -0.059265 -0.740294 61.476562
49802 26 29 21
-0.910531 -0.407038 0.072482 104.827324
52106 26 29 22
-0.869013 -0.407940 -0.280003 102.092621
54410 26 29 23
-0.758786 -0.364019 -0.540124 91.232727
56714 26 29 24
-0.649800 -0.322744 -0.688183 74.983528
59018 26 29 25
-0.578290 -0.316051 -0.752125 56.992992
56762 26 30 24
-0.554199 -0.538212 -0.634974 63.716335
47594 26 31 20
-0.814279 -0.550389 0.184451 74.058304
49898 26 31 21
-0.756311 -0.652054 -0.053087 75.862228
49946 26 32 21
-0.671425 -0.732594 -0.111781 57.741886
81531 27 18 35
0.338464 0.867495 0.364546 86.507103
83835 27 18 36
0.604953 0.795576 -0.033023 90.054634
86139 27 18 37
0.710350 0.490573 -0.504718 85.204483
88443 27 18 38
0.631579 0.216839 -0.744372 72.597923
79275 27 19 34
0.179681 0.792726 0.582495 93.379021
81579 27 19 35
0.591230 0.768339 0.245158 100.100784
83883 27 19 36
0.845271 0.283057 -0.453207 98.736412
86187 27 19 37
0.691391 -0.056693 -0.720253 89.085915
88491 27 19 38
0.572646 -0.165406 -0.802943 72.889618
77019 27 20 33
-0.082251 0.650357 0.755162 94.318741
79323 27 20 34
0.340197 0.621318 0.705854 102.724388
81627 27 20 35
0.890251 -0.236940 -0.388989 103.751671
83931 27 20 36
0.645690 -0.414913 -0.641040 97.019333
86235 27 20 37
0.560625 -0.420037 -0.713630 83.591194
77067 27 21 33
-0.491129 0.024001 0.870756 99.515137
79371 27 21 34
0.197931 -0.956911 -0.212474 101.680252
81675 27 21 35
0.406877 -0.750914 -0.520173 96.899712
83979 27 21 36
0.467593 -0.651937 -0.596938 86.199898
74811 27 22 32
-0.796529 -0.278922 0.536418 91.988220
77115 27 22 33
-0.479135 -0.874971 -0.069676 94.674461
79419 27 22 34
0.006857 -0.911655 -0.410899 90.803040
74859 27 23 32
-0.702477 -0.711672 0.007025 84.406448
77163 27 23 33
-0.359951 -0.877160 -0.317845 81.314476
47355 27 26 20
-0.955505 0.255760 0.146957 77.771561
47403 27 27 20
-0.965981 0.035867 0.256115 81.968216
49707 27 27 21
-0.990496 0.131097 -0.041610 85.032822
47451 27 28 20
-0.934332 -0.161630 0.317647 80.015129
49755 27 28 21
-0.992677 -0.115101 0.036666 85.228500
52059 27 28 22
-0.971537 -0.054854 -0.230450 82.302589
49803 27 29 21
-0.947359 -0.312920 0.067764 78.847878
88396 28 17 38
0.286313 0.739329 -0.609440 72.906693
90700 28 17 39
0.306135 0.451855 -0.837919 58.969032
81532 28 18 35
-0.147993 0.850031 0.505515 88.279709
83836 28 18 36
-0.025502 0.981408 0.190229 94.989563
86140 28 18 37
0.237317 0.783448 -0.574361 93.024658
88444 28 18 38
0.312606 0.288472 -0.905020 81.994385
90748 28 18 39
0.296443 0.080209 -0.951677 64.273857
81580 28 19 35
-0.246358 0.800060 0.547003 101.871605
83884 28 19 36
0.071916 0.884092 -0.461746 104.057922
86188 28 19 37
0.308518 -0.032671 -0.950657 97.339096
88492 28 19 38
0.303190 -0.179188 -0.935931 82.506485
90796 28 19 39
0.287554 -0.204606 -0.935654 62.612144
79324 28 20 34
-0.423155 0.409646 0.808165 101.196350
81628 28 20 35
-0.609973 -0.436681 0.661243 106.151123
83932 28 20 36
0.297239 -0.588847 -0.751604 103.416145
86236 28 20 37
0.340972 -0.470190 -0.814039 92.853905
77068 28 21 33
-0.579297 -0.099966 0.808963 93.994987
79372 28 21 34
-0.403070 -0.806319 0.432880 100.202347
81676 28 21 35
0.135605 -0.951193 -0.277206 100.379120
83980 28 21 36
0.351802 -0.756255 -0.551646 94.138435
77116 28 22 33
-0.509969 -0.811057 0.286563 87.977455
90653 29 16 39
0.025512 0.780254 -0.624943 50.264519
88397 29 17 38
-0.165721 0.819664 -0.548350 74.029190
90701 29 17 39
-0.003535 0.496992 -0.867748 61.873466
86141 29 18 37
-0.511131 0.803209 -0.305943 91.131325
88445 29 18 38
-0.207417 0.372942 -0.904374 82.989487
90749 29 18 39
-0.009965 0.101836 -0.994751 67.172409
86189 29 19 37
-0.443288 0.224965 -0.867690 96.814285
88493 29 19 38
-0.081762 -0.092017 -0.992395 84.635422
90654 30 16 39
-0.190313 0.801053 -0.567534 48.753468
88398 30 17 38
-0.490094 0.786502 -0.375795 68.819504
90702 30 17 39
-0.267788 0.516960 -0.813044 59.506138
93006 30 17 40
-0.100988 0.296133 -0.949793 44.752728
88446 30 18 38
-0.572896 0.429616 -0.698011 77.397545
90750 30 18 39
-0.268514 0.138033 -0.953335 64.606430
88638 30 22 38
0.307442 -0.405565 -0.860811 73.320930
90942 30 22 39
0.227308 -0.293843 -0.928433 55.154617
86382 30 23 37
0.423651 -0.790109 -0.442998 74.524345
88686 30 23 38
0.358380 -0.637334 -0.682180 62.740765
90990 30 23 39
0.281058 -0.491616 -0.824209 47.359425
88734 30 24 38
0.327842 -0.798275 -0.505250 47.773914
90703 31 17 39
-0.374996 0.548694 -0.747204 54.646484
90751 31 18 39
-0.376710 0.179312 -0.908811 59.435699
67903 31 22 29
0.839634 -0.240318 0.487096 74.587364
81727 31 22 35
0.432375 -0.901540 -0.016660 103.761948
84031 31 22 36
0.192760 -0.790106 -0.581872 100.820671
86335 31 22 37
0.013984 -0.484263 -0.874811 91.476479
88639 31 22 38
-0.044377 -0.310317 -0.949597 76.031471
90943 31 22 39
-0.057488 -0.227629 -0.972050 56.947777
93247 31 22 40
-0.055931 -0.185138 -0.981120 37.906494
81775 31 23 35
0.241628 -0.969067 0.050242 88.681602
84079 31 23 36
0.162569 -0.961648 -0.220919 87.246063
86383 31 23 37
0.074922 -0.832154 -0.549461 79.878372
88687 31 23 38
0.009253 -0.634747 -0.772665 66.697884
90991 31 23 39
-0.024448 -0.473538 -0.880434 49.970188
93295 31 23 40
-0.038054 -0.366113 -0.929792 33.151154
86431 31 24 37
0.069076 -0.941680 -0.329343 61.065220
88735 31 24 38
0.022409 -0.826532 -0.562443 51.490772
90704 32 17 39
-0.261305 0.624882 -0.735692 50.563511
93008 32 17 40
-0.119883 0.328094 -0.937007 40.145874
90752 32 18 39
-0.273278 0.208222 -0.939129 55.009361
67856 32 21 29
0.719575 0.173763 0.672323 94.976730
77072 32 21 33
0.778006 0.614879 -0.128958 110.233284
79376 32 21 34
0.176150 0.935046 -0.307668 108.957756
81680 32 21 35
-0.401813 0.730950 -0.551596 106.140038
83984 32 21 36
-0.520404 0.414778 -0.746417 100.000679
67904 32 22 29
0.700287 -0.365619 0.613124 92.799744
70208 32 22 30
0.780474 -0.535924 0.321942 102.275345
77120 32 22 33
0.431865 -0.901856 0.012166 106.723587
79424 32 22 34
0.102854 -0.992801 -0.061381 106.633163
81728 32 22 35
-0.302873 -0.880105 -0.365628 104.761711
84032 32 22 36
-0.469455 -0.570178 -0.674173 98.931976
86336 32 22 37
-0.438791 -0.359823 -0.823401 87.782722
88640 32 22 38
-0.370174 -0.259163 -0.892079 71.729324
90944 32 22 39
-0.307023 -0.211409 -0.927924 53.055660
67952 32 23 29
0.587025 -0.691746 0.420582 80.922668
70256 32 23 30
0.540244 -0.828885 0.145209 87.042915
79472 32 23 34
0.025214 -0.998864 0.040431 90.147957
81776 32 23 35
-0.137609 -0.987165 -0.081049 89.972641
84080 32 23 36
-0.276723 -0.905720 -0.321086 86.084793
86384 32 23 37
-0.343359 -0.742736 -0.574846 76.990929
88688 32 23 38
-0.340478 -0.570654 -0.747281 63.051281
90992 32 23 39
-0.307915 -0.440632 -0.843227 46.501953
93296 32 23 40
-0.270222 -0.352836 -0.895816 30.472481
86432 32 24 37
-0.258464 -0.893260 -0.367809 58.830994
88736 32 24 38
-0.286121 -0.773478 -0.565567 48.608799
63536 32 27 27
0.479590 -0.767402 0.425544 24.715586
65840 32 27 28
0.475972 -0.879461 -0.000148 26.635990
90705 33 17 39
0.063697 0.676417 -0.733759 49.454094
93009 33 17 40
0.031190 0.349586 -0.936385 39.543056
90753 33 18 39
0.070106 0.189029 -0.979466 53.757668
93057 33 18 40
0.036922 -0.006912 -0.999294 41.643719
65505 33 20 28
0.074537 0.537888 0.839714 76.383537
67809 33 20 29
0.105307 0.738178 0.666337 94.154266
70113 33 20 30
0.112343 0.937443 0.329513 104.480507
72417 33 20 31
0.058078 0.997746 -0.033619 107.051659
74721 33 20 32
-0.039553 0.974436 -0.221154 104.334633
77025 33 20 33
-0.149492 0.954310 -0.258738 99.542503
65553 33 21 28
0.080314 0.173851 0.981491 85.094070
67857 33 21 29
0.136003 0.234204 0.962627 104.238289
70161 33 21 30
0.247715 0.428657 0.868844 115.270012
72465 33 21 31
0.216476 0.971264 -0.098912 118.196404
74769 33 21 32
-0.270812 0.633804 -0.724536 115.802879
77073 33 21 33
-0.539072 0.541702 -0.644950 111.244354
79377 33 21 34
-0.683256 0.480073 -0.550174 106.147507
81681 33 21 35
-0.723646 0.373013 -0.580687 100.263535
67905 33 22 29
0.127873 -0.528626 0.839168 101.629913
70209 33 22 30
0.128217 -0.899435 0.417824 110.974167
72513 33 22 31
0.023445 -0.998305 -0.053274 112.991379
74817 33 22 32
-0.142495 -0.960284 -0.239895 110.751305
77121 33 22 33
-0.357757 -0.891250 -0.278719 107.148453
79425 33 22 34
-0.566847 -0.761062 -0.315388 103.177551
81729 33 22 35
-0.679137 -0.597750 -0.425990 97.952736
84033 33 22 36
-0.672268 -0.458269 -0.581416 89.862419
86337 33 22 37
-0.594281 -0.363793 -0.717276 77.891609
67953 33 23 29
0.109427 -0.863788 0.491830 88.724472
70257 33 23 30
0.069846 -0.991653 0.108380 94.352203
72561 33 23 31
0.005565 -0.996420 -0.084359 94.202393
74865 33 23 32
-0.081372 -0.989251 -0.121496 91.525146
77169 33 23 33
-0.196675 -0.975319 -0.100358 88.823433
79473 33 23 34
-0.329636 -0.937899 -0.108100 86.494659
81777 33 23 35
-0.452375 -0.869745 -0.197232 83.170799
84081 33 23 36
-0.530066 -0.768355 -0.358692 77.005318
86385 33 23 37
-0.544588 -0.646086 -0.534786 66.965691
68001 33 24 29
0.111727 -0.969333 0.218885 71.015205
70305 33 24 30
0.061286 -0.996274 -0.060683 72.178864
63537 33 27 27
0.130006 -0.874691 0.466920 27.545443
65841 33 27 28
0.124167 -0.992185 -0.012270 29.646177
63585 33 28 27
0.068335 -0.949986 0.304723 19.715311
65889 33 28 28
0.067382 -0.993081 -0.096174 20.558817
90706 34 17 39
0.275592 0.651668 -0.706667 51.557358
93010 34 17 40
0.126224 0.367231 -0.921525 40.725151
90754 34 18 39
0.339679 0.146555 -0.929053 56.268978
93058 34 18 40
0.157006 -0.011541 -0.987530 43.158249
65506 34 20 28
-0.369081 0.491717 0.788666 72.506462
67810 34 20 29
-0.475673 0.645613 0.597428 89.586220
70114 34 20 30
-0.562231 0.782014 0.268981 99.365593
72418 34 20 31
-0.570507 0.819139 -0.059433 101.362419
74722 34 20 32
-0.539102 0.810176 -0.230183 98.022972
65554 34 21 28
-0.427410 0.158263 0.890098 80.687859
67858 34 21 29
-0.626285 0.180991 0.758294 99.004616
70162 34 21 30
-0.889789 0.202334 0.409068 109.379517
72466 34 21 31
-0.977269 0.193594 -0.086408 111.563103
74770 34 21 32
-0.917474 0.186672 -0.351277 108.187378
77074 34 21 33
-0.885711 0.196222 -0.420729 102.586487
79378 34 21 34
-0.875978 0.180929 -0.447132 96.810158
67906 34 22 29
-0.610015 -0.413797 0.675762 96.629303
70210 34 22 30
-0.729586 -0.628409 0.269828 105.284042
72514 34 22 31
-0.713110 -0.694494 -0.095666 106.473351
74818 34 22 32
-0.688285 -0.679345 -0.254468 103.006981
77122 34 22 33
-0.701092 -0.649578 -0.294141 97.838318
79426 34 22 34
-0.718572 -0.618366 -0.318243 92.353462
81730 34 22 35
-0.700926 -0.591358 -0.398746 86.146194
67954 34 23 29
-0.484455 -0.758866 0.435231 84.747414
70258 34 23 30
-0.465108 -0.882218 0.073249 89.742126
74866 34 23 32
-0.421785 -0.889187 -0.177327 84.865219
77170 34 23 33
-0.453298 -0.874281 -0.173647 80.412125
79474 34 23 34
-0.501058 -0.846152 -0.181571 76.148010
81778 34 23 35
-0.541928 -0.803424 -0.246624 71.225296
65698 34 24 28
-0.379748 -0.703623 0.600588 61.481796
68002 34 24 29
-0.380599 -0.904521 0.192318 68.348930
70306 34 24 30
-0.327339 -0.941124 -0.084467 69.017014
65746 34 25 28
-0.352215 -0.853164 0.384781 49.801037
63490 34 26 27
-0.300268 -0.721302 0.624149 34.597870
65794 34 26 28
-0.321420 -0.934934 0.150290 38.847057
63538 34 27 27
-0.286089 -0.853208 0.436107 26.780811
65842 34 27 28
-0.286162 -0.958031 -0.016986 28.785685
90755 35 18 39
0.321896 0.161069 -0.932974 60.860546
93059 35 18 40
0.131319 0.016695 -0.991200 45.613335
90803 35 19 39
0.288951 -0.258218 -0.921863 59.710228
67811 35 20 29
-0.738274 0.486093 0.467616 73.998978
70115 35 20 30
-0.800666 0.557911 0.218336 82.754387
67859 35 21 29
-0.838318 0.135203 0.528151 82.043465
70163 35 21 30
-0.957086 0.129264 0.259380 91.384689
72467 35 21 31
-0.992534 0.121814 -0.006205 94.013512
65699 35 24 28
-0.677410 -0.541323 0.498082 52.021229
63443 35 25 27
-0.612351 -0.451150 0.649222 35.746544
65747 35 25 28
-0.663027 -0.677075 0.319319 42.462505
63491 35 26 27
-0.613809 -0.601004 0.511891 29.426245
65795 35 26 28
-0.624851 -0.769792 0.130311 33.115002
90708 36 17 39
-0.018897 0.663279 -0.748134 56.667068
86148 36 18 37
0.440274 0.884595 0.153784 79.433922
88452 36 18 38
0.315381 0.621584 -0.717055 76.308434
90756 36 18 39
0.078460 0.224845 -0.971231 64.083298
93060 36 18 40
-0.025172 0.068598 -0.997327 46.666706
86196 36 19 37
0.909938 0.283262 -0.302945 85.851517
88500 36 19 38
0.394158 -0.145908 -0.907386 78.863243
90804 36 19 39
0.140756 -0.222979 -0.964608 63.749542
88405 37 17 38
-0.282022 0.891358 -0.354887 63.766518
90709 37 17 39
-0.305768 0.634014 -0.710304 53.741154
86149 37 18 37
-0.164992 0.985640 0.035926 81.293633
88453 37 18 38
-0.268689 0.643206 -0.717003 76.421257
90757 37 18 39
-0.256961 0.283813 -0.923808 62.464787
86197 37 19 37
-0.015314 0.723957 -0.689675 89.514656
88501 37 19 38
-0.121864 -0.018386 -0.992377 80.853172
90805 37 19 39
-0.147470 -0.130544 -0.980414 63.775730
83941 37 20 36
0.530025 -0.555413 0.640773 90.271454
86245 37 20 37
0.169534 -0.651652 -0.739330 87.992699
88549 37 20 38
0.014724 -0.486819 -0.873379 76.119942
83989 37 21 36
0.205057 -0.966163 -0.156465 83.274200
86293 37 21 37
0.134417 -0.814105 -0.564947 77.390167
86150 38 18 37
-0.615115 0.785578 -0.067080 74.765488
88454 38 18 38
-0.616163 0.542787 -0.570724 68.639526
90758 38 18 39
-0.517198 0.306922 -0.798940 54.622433
86198 38 19 37
-0.793665 0.466987 -0.389895 84.741524
88502 38 19 38
-0.572032 0.115605 -0.812044 74.918022
83942 38 20 36
-0.942879 -0.084711 0.322185 88.487022
86246 38 20 37
-0.608488 -0.364842 -0.704722 85.434792
88550 38 20 38
-0.385800 -0.336321 -0.859097 72.588982
81686 38 21 35
-0.418989 -0.682955 0.598349 80.663086
83990 38 21 36
-0.358625 -0.920044 -0.157817 82.828705
86294 38 21 37
-0.262175 -0.747533 -0.610294 76.590790
88598 38 21 38
-0.217226 -0.597103 -0.772192 62.547569
74822 38 22 32
-0.636594 -0.420318 0.646592 56.108456
77126 38 22 33
-0.428767 -0.704439 0.565619 61.338257
79430 38 22 34
-0.257991 -0.884627 0.388428 66.504288
84038 38 22 36
-0.130903 -0.960789 -0.244434 68.497711
86342 38 22 37
-0.119287 -0.850408 -0.512422 60.813240
74870 38 23 32
-0.287461 -0.932659 0.217977 49.194530
77174 38 23 33
-0.183452 -0.973123 0.139199 51.249023
86199 39 19 37
-0.889510 0.360920 -0.280193 70.997086
88503 39 19 38
-0.763442 0.176454 -0.621305 61.353657
83943 39 20 36
-0.993611 0.098054 0.055880 77.671135
86247 39 20 37
-0.874725 -0.088051 -0.476553 73.811951
88551 39 20 38
-0.667159 -0.168003 -0.725723 61.448414
81687 39 21 35
-0.868362 -0.335212 0.365487 72.875526
83991 39 21 36
-0.837635 -0.524202 -0.153561 74.392792
86295 39 21 37
-0.657766 -0.518521 -0.546333 67.944206
88599 39 21 38
-0.510386 -0.457039 -0.728438 54.538231
72519 39 22 31
-0.707425 0.079804 0.702269 45.004898
74823 39 22 32
-0.776579 -0.188656 0.601111 50.469494
77127 39 22 33
-0.721843 -0.471516 0.506571 55.736244
79431 39 22 34
-0.645618 -0.678519 0.350412 60.866158
81735 39 22 35
-0.587035 -0.805308 0.082877 64.064384
84039 39 22 36
-0.517376 -0.820228 -0.244023 62.619179
86343 39 22 37
-0.436455 -0.742520 -0.508105 55.086475
72567 39 23 31
-0.542331 -0.694473 0.472847 42.444904
74871 39 23 32
-0.508789 -0.827816 0.236333 45.415459
77175 39 23 33
-0.447017 -0.882875 0.143899 47.434406
79479 39 23 34
-0.395473 -0.915900 0.068759 48.958313
81783 39 23 35
-0.357959 -0.931192 -0.068894 49.030602
84087 39 23 36
-0.326486 -0.908576 -0.260571 45.986893
86248 40 20 37
-0.934328 0.021282 -0.355778 55.710926
81688 40 21 35
-0.972363 -0.139500 0.187219 58.001045
83992 40 21 36
-0.955943 -0.260352 -0.135612 58.532757
86296 40 21 37
-0.843625 -0.311844 -0.437092 52.689674
72520 40 22 31
-0.862026 0.167296 0.478458 37.975910
74824 40 22 32
-0.933277 -0.038903 0.357043 42.078167
81736 40 22 35
-0.840138 -0.541218 0.035359 51.864952
84040 40 22 36
-0.777561 -0.590383 -0.216440 50.228416
86344 40 22 37
-0.683147 -0.573739 -0.451812 43.676357
70264 40 23 30
-0.711322 -0.293423 0.638689 32.710999
72568 40 23 31
-0.825082 -0.462764 0.324176 36.718987
74872 40 23 32
-0.802148 -0.583565 0.126536 38.687084
81784 40 23 35
-0.633331 -0.769974 -0.077670 40.236145
84088 40 23 36
-0.585888 -0.771916 -0.246742 37.440899
70312 40 24 30
-0.526395 -0.738216 0.421836 28.116373
72616 40 24 31
-0.556594 -0.823154 0.112343 30.473047
70265 41 23 30
-0.891828 -0.168980 0.419629 25.755255
70313 41 24 30
-0.764615 -0.568009 0.304515 22.444733
