2.000000
48 48 48
34.611062 25.221960 16.079522
-13.388938 -22.778040 -31.920479
88.585899 2529.310652 608.737957
56262 6 20 24
0.908006 -0.237651 -0.345032 41.092106
58566 6 20 25
0.801006 -0.225882 -0.554407 33.641983
56310 6 21 24
0.787286 -0.532342 -0.311114 34.225052
58614 6 21 25
0.697050 -0.517807 -0.495981 27.966434
56215 7 19 24
0.835766 0.142820 -0.530186 59.084759
58519 7 19 25
0.667038 0.124522 -0.734544 47.165241
56263 7 20 24
0.789022 -0.321782 -0.523356 57.254154
58567 7 20 25
0.627844 -0.293242 -0.720986 45.627178
56311 7 21 24
0.634871 -0.631706 -0.444844 47.454796
58615 7 21 25
0.513972 -0.596347 -0.616606 37.607666
46952 8 18 20
0.592550 0.640705 0.488245 70.336777
49256 8 18 21
0.668327 0.710595 0.219985 79.006485
51560 8 18 22
0.678639 0.729789 -0.082811 80.636108
56168 8 18 24
0.493752 0.615280 -0.614524 65.009056
58472 8 18 25
0.359886 0.511030 -0.780596 50.786953
44696 8 19 19
0.598992 0.265031 0.755624 65.978165
47000 8 19 20
0.768294 0.303104 0.563784 81.965752
49304 8 19 21
0.916677 0.317050 0.243276 91.018799
51608 8 19 22
0.944477 0.285923 -0.161898 91.918259
53912 8 19 23
0.815101 0.222850 -0.534742 85.437416
56216 8 19 24
0.595618 0.158664 -0.787442 73.155533
58520 8 19 25
0.390837 0.112516 -0.913557 57.075787
44744 8 20 19
0.673888 -0.079564 0.734537 68.254356
47048 8 20 20
0.841756 -0.163830 0.514400 83.549919
49352 8 20 21
0.946679 -0.276488 0.165388 91.296524
51656 8 20 22
0.900720 -0.375608 -0.218226 90.726639
53960 8 20 23
0.735719 -0.423217 -0.528777 83.162315
56264 8 20 24
0.529622 -0.407840 -0.743752 70.506615
58568 8 20 25
0.346798 -0.347406 -0.871229 54.717316
44792 8 21 19
0.691591 -0.369071 0.620877 62.462090
47096 8 21 20
0.783097 -0.502013 0.367071 75.062477
49400 8 21 21
0.783544 -0.619141 0.052189 80.311691
51704 8 21 22
0.687307 -0.690726 -0.224738 78.038177
56312 8 21 24
0.399540 -0.702214 -0.589290 58.400028
58616 8 21 25
0.270599 -0.639367 -0.719712 44.838146
44649 9 18 19
0.185658 0.636887 0.748269 64.326202
46953 9 18 20
0.233102 0.790648 0.566162 80.612663
49257 9 18 21
0.269853 0.929329 0.252048 90.106682
51561 9 18 22
0.255269 0.953696 -0.159066 91.154770
53865 9 18 23
0.182415 0.834819 -0.519425 84.293777
56169 9 18 24
0.095030 0.660624 -0.744678 71.317490
58473 9 18 25
0.027798 0.506519 -0.861781 54.721767
44697 9 19 19
0.300727 0.383957 0.873006 77.146873
47001 9 19 20
0.427976 0.509820 0.746271 95.207069
49305 9 19 21
0.627502 0.692058 0.356787 104.733139
51609 9 19 22
0.607718 0.635957 -0.475645 104.332390
53913 9 19 23
0.300871 0.329092 -0.895084 95.232872
56217 9 19 24
0.108151 0.163564 -0.980587 79.844093
58521 9 19 25
0.010546 0.091861 -0.995716 60.973309
44745 9 20 19
0.450478 0.017384 0.892618 82.056427
47049 9 20 20
0.660922 -0.095926 0.744299 99.300125
49353 9 20 21
0.906590 -0.374882 0.193801 106.915871
51657 9 20 22
0.630085 -0.533359 -0.564376 104.180313
53961 9 20 23
0.291997 -0.492417 -0.819917 93.185898
56265 9 20 24
0.102923 -0.426611 -0.898560 76.897011
58569 9 20 25
0.000391 -0.354655 -0.934997 58.124996
44793 9 21 19
0.570204 -0.326741 0.753729 78.159088
47097 9 21 20
0.693495 -0.554372 0.460149 92.395287
49401 9 21 21
0.657089 -0.752993 -0.035147 96.847237
51705 9 21 22
0.450953 -0.787391 -0.420306 91.640274
56313 9 21 24
0.105204 -0.697787 -0.708537 64.099808
58617 9 21 25
0.006830 -0.624479 -0.781012 47.595325
47145 9 22 20
0.666813 -0.706271 0.237785 77.440063
49449 9 22 21
0.580546 -0.804209 -0.127333 78.695198
46954 10 18 20
-0.195243 0.825069 0.530228 80.893860
49258 10 18 21
-0.272502 0.938715 0.211085 89.872498
51562 10 18 22
-0.332982 0.922842 -0.193613 90.125275
53866 10 18 23
-0.349471 0.773094 -0.529335 82.333382
56170 10 18 24
-0.332781 0.595618 -0.731092 68.617676
58474 10 18 25
-0.302448 0.453039 -0.838618 51.791340
47002 10 19 20
-0.146408 0.681760 0.716776 97.839745
49306 10 19 21
-0.361924 0.897752 0.251102 106.344566
51610 10 19 22
-0.497992 0.676836 -0.542123 104.368973
53914 10 19 23
-0.438324 0.320515 -0.839727 93.537376
56218 10 19 24
-0.381994 0.149313 -0.912023 76.817955
58522 10 19 25
-0.337397 0.073880 -0.938459 57.441830
44746 10 20 19
0.151955 0.220300 0.963523 88.939621
47050 10 20 20
0.142066 0.230456 0.962656 105.842407
49354 10 20 21
-0.799389 -0.586037 0.132429 111.856285
51658 10 20 22
-0.286904 -0.351542 -0.891125 106.590012
53962 10 20 23
-0.293132 -0.350229 -0.889614 92.869377
56266 10 20 24
-0.303917 -0.338123 -0.890678 74.483887
58570 10 20 25
-0.302238 -0.308257 -0.902014 54.759434
44794 10 21 19
0.427855 -0.164233 0.888801 89.583466
47098 10 21 20
0.580580 -0.522637 0.624321 103.601349
49402 10 21 21
0.404560 -0.867580 -0.289200 105.939392
51706 10 21 22
0.077996 -0.729008 -0.680047 97.292702
54010 10 21 23
-0.080154 -0.648513 -0.756972 81.589531
56314 10 21 24
-0.171316 -0.601711 -0.780125 63.188381
58618 10 21 25
-0.223260 -0.553407 -0.802431 45.194695
44842 10 22 19
0.608880 -0.456195 0.648962 82.335953
47146 10 22 20
0.660622 -0.715756 0.226434 92.508575
49450 10 22 21
0.488593 -0.816367 -0.307932 91.353859
51754 10 22 22
0.255611 -0.770751 -0.583615 80.465088
47194 10 23 20
0.660253 -0.748463 0.062199 75.527367
49498 10 23 21
0.535055 -0.786262 -0.309044 72.157867
46955 11 18 20
-0.465814 0.782951 0.412318 72.051651
49259 11 18 21
-0.580176 0.804731 0.125712 79.114182
51563 11 18 22
-0.645229 0.740804 -0.186787 78.339813
53867 11 18 23
-0.646605 0.617861 -0.447381 70.539970
56171 11 18 24
-0.603728 0.488828 -0.629729 57.852177
58475 11 18 25
-0.540997 0.382894 -0.748809 42.944572
47003 11 19 20
-0.480195 0.730262 0.485932 90.689919
49307 11 19 21
-0.699197 0.713273 0.048633 96.657295
51611 11 19 22
-0.765746 0.507985 -0.394442 92.905449
53915 11 19 23
-0.711763 0.289445 -0.640011 81.395172
56219 11 19 24
-0.635974 0.148295 -0.757328 65.277542
58523 11 19 25
-0.562499 0.071302 -0.823718 47.697495
47051 11 20 20
-0.397156 0.659782 0.637930 103.629501
49355 11 20 21
-0.829759 0.493423 -0.260834 106.593048
51659 11 20 22
-0.691283 0.055181 -0.720474 98.622360
53963 11 20 23
-0.591391 -0.125826 -0.796508 83.176743
56267 11 20 24
-0.541579 -0.203860 -0.815557 64.479706
58571 11 20 25
-0.503254 -0.230601 -0.832801 45.887646
44795 11 21 19
0.295088 0.180281 0.938308 96.730698
47099 11 21 20
0.382175 0.064747 0.921819 108.501610
49403 11 21 21
-0.193879 -0.436778 -0.878428 107.468742
51707 11 21 22
-0.279494 -0.398675 -0.873465 95.181038
44843 11 22 19
0.620622 -0.274198 0.734605 95.696167
47147 11 22 20
0.748902 -0.645828 0.148498 104.301132
49451 11 22 21
0.367439 -0.683489 -0.630739 99.712090
51755 11 22 22
0.083554 -0.581346 -0.809355 84.503937
44891 11 23 19
0.682016 -0.561103 0.469060 85.936890
47195 11 23 20
0.678439 -0.734165 -0.026885 91.536644
49499 11 23 21
0.482239 -0.721895 -0.496299 84.966621
51803 11 23 22
0.277004 -0.644670 -0.712509 69.258308
47243 11 24 20
0.611669 -0.787973 -0.070421 72.553719
44844 12 22 19
0.636034 0.032719 0.770967 107.134911
47148 12 22 20
0.933878 -0.247312 -0.258279 112.648552
49452 12 22 21
0.134443 -0.275628 -0.951816 103.901825
51756 12 22 22
-0.072777 -0.280948 -0.956960 84.572021
44892 12 23 19
0.687285 -0.533975 0.492454 101.713028
47196 12 23 20
0.653129 -0.728711 -0.205919 105.180443
49500 12 23 21
0.347063 -0.600559 -0.720330 94.869919
51804 12 23 22
0.147490 -0.481882 -0.863734 74.873802
44940 12 24 19
0.567707 -0.766272 0.300891 85.544212
47244 12 24 20
0.516424 -0.840709 -0.162830 87.524254
49548 12 24 21
0.375754 -0.747576 -0.547666 77.783569
44845 13 22 19
0.565101 0.454341 0.688648 115.907722
47149 13 22 20
0.241104 0.529518 -0.813314 116.965118
49453 13 22 21
-0.127619 0.098691 -0.986901 103.797211
51757 13 22 22
-0.203294 -0.022486 -0.978860 81.137115
44893 13 23 19
0.639211 -0.597567 0.484069 114.105560
47197 13 23 20
0.413782 -0.725427 -0.550036 114.078857
49501 13 23 21
0.082127 -0.438395 -0.895022 99.853203
51805 13 23 22
-0.032425 -0.323313 -0.945736 76.476891
42637 13 24 18
0.438213 -0.669663 0.599601 86.496132
44941 13 24 19
0.414891 -0.874725 0.250444 98.341057
47245 13 24 20
0.296049 -0.907329 -0.298510 97.862640
49549 13 24 21
0.149717 -0.724530 -0.672786 84.995461
51853 13 24 22
0.059430 -0.558595 -0.827309 64.299774
44989 13 25 19
0.295778 -0.941538 0.161311 73.735085
47293 13 25 20
0.227167 -0.953239 -0.199326 73.251022
47102 14 21 20
-0.276282 0.873980 -0.399784 101.751534
42542 14 22 18
0.401315 0.421626 0.813129 110.734505
44846 14 22 19
0.215329 0.927473 0.305659 120.511841
47150 14 22 20
-0.265723 0.538952 -0.799326 116.071068
49454 14 22 21
-0.317912 0.237542 -0.917881 98.753136
51758 14 22 22
-0.320582 0.117112 -0.939953 74.115257
42590 14 23 18
0.449904 -0.376104 0.810020 111.213348
44894 14 23 19
0.379465 -0.880260 0.284867 120.873230
47198 14 23 20
-0.128390 -0.545956 -0.827918 116.042648
49502 14 23 21
-0.218009 -0.290007 -0.931863 98.120338
51806 14 23 22
-0.228824 -0.208845 -0.950801 72.855148
42638 14 24 18
0.309565 -0.782430 0.540345 96.737320
44942 14 24 19
0.162422 -0.981181 0.104417 105.278320
47246 14 24 20
-0.029424 -0.893404 -0.448291 101.053566
49550 14 24 21
-0.127862 -0.659303 -0.740926 85.251579
51854 14 24 22
-0.156996 -0.492682 -0.855930 62.965076
44990 14 25 19
0.102687 -0.992324 0.068908 79.361916
47294 14 25 20
-0.006544 -0.959326 -0.282223 76.301544
49598 14 25 21
-0.077676 -0.827725 -0.555732 64.363930
51902 14 25 22
-0.108933 -0.683378 -0.721892 47.429890
42495 15 21 18
0.081759 0.930730 0.356451 99.533829
44799 15 21 19
-0.175355 0.976298 -0.126856 102.486153
47103 15 21 20
-0.355281 0.780924 -0.513744 93.865768
40239 15 22 17
0.370519 0.351697 0.859666 100.609222
42543 15 22 18
0.245812 0.677050 0.693671 116.540390
44847 15 22 19
-0.305767 0.890180 -0.337766 119.761864
47151 15 22 20
-0.448341 0.431279 -0.782936 109.355904
49455 15 22 21
-0.441068 0.254005 -0.860779 88.656937
51759 15 22 22
-0.421627 0.167020 -0.891255 63.670914
40287 15 23 17
0.407806 -0.266697 0.873251 101.697502
42591 15 23 18
0.329475 -0.549474 0.767805 117.848701
44895 15 23 19
-0.305756 -0.845626 -0.437528 121.159523
47199 15 23 20
-0.432218 -0.333908 -0.837671 110.623833
49503 15 23 21
-0.414610 -0.196104 -0.888618 89.560402
51807 15 23 22
-0.387517 -0.142142 -0.910838 64.071617
42639 15 24 18
0.180758 -0.905299 0.384396 102.848114
44943 15 24 19
-0.087260 -0.986187 -0.140786 105.953201
47247 15 24 20
-0.278954 -0.776427 -0.565107 96.905777
49551 15 24 21
-0.336393 -0.563962 -0.754180 78.517860
51855 15 24 22
-0.337088 -0.426817 -0.839165 56.125431
44991 15 25 19
-0.045384 -0.996172 -0.074708 79.980942
47295 15 25 20
-0.185120 -0.907010 -0.378236 73.350517
49599 15 25 21
-0.259479 -0.763721 -0.591102 59.545872
40192 16 21 17
0.122188 0.840570 0.527743 90.888695
42496 16 21 18
-0.076793 0.990104 0.117459 99.591667
44800 16 21 19
-0.293672 0.893841 -0.338830 96.488625
47104 16 21 20
-0.411244 0.687136 -0.598935 83.064972
40240 16 22 17
0.274042 0.515422 0.811937 107.916809
42544 16 22 18
-0.049488 0.961301 0.271020 117.965057
44848 16 22 19
-0.449411 0.632814 -0.630537 114.062973
47152 16 22 20
-0.494432 0.351398 -0.795020 98.019562
49456 16 22 21
-0.496053 0.235582 -0.835723 75.031319
37984 16 23 16
0.382477 -0.164113 0.909273 88.891464
40288 16 23 17
0.388289 -0.303275 0.870205 110.321022
42592 16 23 18
0.143585 -0.892372 0.427850 120.425034
44896 16 23 19
-0.454874 -0.443650 -0.772182 116.347893
47200 16 23 20
-0.487449 -0.216548 -0.845872 99.950211
49504 16 23 21
-0.487593 -0.141141 -0.861587 76.491989
40336 16 24 17
0.318543 -0.760221 0.566211 97.180573
42640 16 24 18
0.110858 -0.986093 0.123819 106.011154
44944 16 24 19
-0.195504 -0.889362 -0.413295 102.416458
47248 16 24 20
-0.362122 -0.645189 -0.672755 88.023949
42497 17 21 18
-0.198590 0.975206 -0.097648 95.997467
40241 17 22 17
0.120296 0.745066 0.656053 111.729004
42545 17 22 18
-0.246891 0.936713 -0.248222 115.824867
44849 17 22 19
-0.416387 0.523103 -0.743629 105.445908
47153 17 22 20
-0.459197 0.320731 -0.828414 84.876770
40289 17 23 17
0.404393 -0.264406 0.875532 116.686546
42593 17 23 18
-0.091114 -0.703220 -0.705110 120.543587
44897 17 23 19
-0.365541 -0.208144 -0.907224 109.379173
47201 17 23 20
-0.426401 -0.126678 -0.895620 87.785881
40337 17 24 17
0.356862 -0.818754 0.449768 105.256882
42641 17 24 18
0.132672 -0.970891 -0.199419 108.387764
44945 17 24 19
-0.154689 -0.736638 -0.658358 98.037994
37938 18 22 16
0.072246 0.581447 0.810370 97.776917
40242 18 22 17
-0.063012 0.915079 0.398320 112.210724
42546 18 22 18
-0.275656 0.845688 -0.456975 111.417366
44850 18 22 19
-0.343043 0.512007 -0.787509 96.234024
37986 18 23 16
0.259150 0.035887 0.965170 105.874939
40290 18 23 17
0.414315 0.067276 0.907644 121.083527
42594 18 23 18
-0.103633 0.007015 -0.994591 119.740562
44898 18 23 19
-0.243989 -0.017945 -0.969612 102.941368
38034 18 24 16
0.369985 -0.506070 0.779105 99.393646
40338 18 24 17
0.429633 -0.832541 0.349702 113.326332
42642 18 24 18
0.206447 -0.833040 -0.513249 111.643723
44946 18 24 19
-0.044512 -0.542145 -0.839105 95.536713
37939 19 22 16
-0.089306 0.703033 0.705527 97.547104
40243 19 22 17
-0.210913 0.957748 0.195535 109.392899
42547 19 22 18
-0.284527 0.821313 -0.494459 105.439941
44851 19 22 19
-0.287072 0.551124 -0.783487 87.631721
35683 19 23 15
0.090872 0.148713 0.984696 84.238838
37987 19 23 16
0.102564 0.258433 0.960569 110.036903
40291 19 23 17
0.079047 0.804243 0.589021 123.146622
42595 19 23 18
-0.127581 0.373759 -0.918710 118.367577
44899 19 23 19
-0.164438 0.160110 -0.973306 98.011253
38035 19 24 16
0.319209 -0.390611 0.863440 108.139160
40339 19 24 17
0.517740 -0.795492 0.314862 120.845345
42643 19 24 18
0.247732 -0.582619 -0.774070 115.887459
44947 19 24 19
0.040974 -0.325478 -0.944662 95.632393
40387 19 25 17
0.455462 -0.880354 0.132405 103.721031
42691 19 25 18
0.360542 -0.819221 -0.445966 99.285156
37940 20 22 16
-0.233726 0.771412 0.591859 93.024857
40244 20 22 17
-0.315775 0.943739 0.098192 103.071442
42548 20 22 18
-0.315452 0.829138 -0.461541 97.737938
37988 20 23 16
-0.101185 0.484331 0.869014 110.039024
40292 20 23 17
-0.246498 0.942542 0.225506 121.912697
42596 20 23 18
-0.204608 0.595867 -0.776581 115.538544
44900 20 23 19
-0.153217 0.325989 -0.932875 93.781380
38036 20 24 16
0.181372 -0.161858 0.970003 113.955154
40340 20 24 17
0.623605 -0.600813 0.500140 126.322060
42644 20 24 18
0.180118 -0.212298 -0.960462 119.720314
44948 20 24 19
0.052647 -0.102286 -0.993361 97.106407
38084 20 25 16
0.360970 -0.609497 0.705843 103.678238
40388 20 25 17
0.502216 -0.853539 0.138741 115.069916
42692 20 25 18
0.398952 -0.700749 -0.591429 109.126312
40436 20 26 17
0.488287 -0.868664 0.083655 92.432976
42740 20 26 18
0.453061 -0.807791 -0.377106 87.771103
40245 21 22 17
-0.390484 0.918415 0.063535 93.254372
42549 21 22 18
-0.361627 0.841615 -0.401135 87.914284
37989 21 23 16
-0.269841 0.630765 0.727545 105.342834
40293 21 23 17
-0.380221 0.916418 0.124942 116.498047
42597 21 23 18
-0.297739 0.726137 -0.619739 109.996040
44901 21 23 19
-0.196435 0.471667 -0.859618 88.701378
38037 21 24 16
-0.040344 0.157365 0.986716 115.521431
40341 21 24 17
-0.121257 0.793907 0.595825 128.043137
42645 21 24 18
-0.021877 0.245080 -0.969256 121.150162
44949 21 24 19
-0.008475 0.122497 -0.992433 97.875809
38085 21 25 16
0.256864 -0.441067 0.859931 111.754532
40389 21 25 17
0.526713 -0.816821 0.235321 124.218475
42693 21 25 18
0.366597 -0.520336 -0.771270 117.841713
44997 21 25 19
0.210818 -0.278727 -0.936945 95.429359
40437 21 26 17
0.504621 -0.855072 0.119208 106.629799
42741 21 26 18
0.469067 -0.752702 -0.461969 101.475784
40294 22 23 17
-0.446463 0.889202 0.099954 106.759354
42598 22 23 18
-0.374908 0.793258 -0.479777 101.067368
38038 22 24 16
-0.245100 0.426015 0.870883 112.132408
40342 22 24 17
-0.424644 0.868331 0.256280 124.847595
42646 22 24 18
-0.239614 0.586324 -0.773828 118.615044
44950 22 24 19
-0.111255 0.332775 -0.936421 96.167198
38086 22 25 16
0.059756 -0.156502 0.985868 115.597176
40390 22 25 17
0.408740 -0.577841 0.706422 129.206345
42694 22 25 18
0.196413 -0.168071 -0.966009 123.246468
44998 22 25 19
0.115270 -0.061752 -0.991413 100.330719
38134 22 26 16
0.296974 -0.584355 0.755206 105.583427
40438 22 26 17
0.488218 -0.847038 0.210167 118.522377
42742 22 26 18
0.443067 -0.679524 -0.584755 113.547104
45046 22 26 19
0.307849 -0.418258 -0.854570 92.840363
40486 22 27 17
0.485964 -0.863836 0.132768 96.416084
42790 22 27 18
0.484349 -0.798224 -0.358112 92.798019
38039 23 24 16
-0.373641 0.579100 0.724593 103.906746
40343 23 24 17
-0.487764 0.852034 0.190062 116.549263
42647 23 24 18
-0.371313 0.744438 -0.554922 111.588310
44951 23 24 19
-0.213851 0.505079 -0.836160 91.206184
38087 23 25 16
-0.177506 0.166193 0.969985 114.209686
40391 23 25 17
-0.433475 0.624441 0.649748 128.700989
42695 23 25 18
-0.132385 0.346742 -0.928571 123.833565
44999 23 25 19
-0.019796 0.175760 -0.984234 101.749321
47303 23 25 20
0.015978 0.125249 -0.991997 71.376633
38135 23 26 16
0.118690 -0.390731 0.912821 111.224838
40439 23 26 17
0.361795 -0.815573 0.451603 125.956696
42743 23 26 18
0.327988 -0.533596 -0.779550 121.815758
45047 23 26 19
0.207248 -0.250519 -0.945668 100.625526
40487 23 27 17
0.421013 -0.880352 0.218469 109.187782
42791 23 27 18
0.434274 -0.793118 -0.427049 106.151421
40344 24 24 17
-0.513457 0.840194 0.174461 103.979523
42648 24 24 18
-0.434421 0.811405 -0.391026 100.697014
38088 24 25 16
-0.356244 0.389630 0.849281 107.368156
40392 24 25 17
-0.549917 0.743236 0.381041 122.324707
42696 24 25 18
-0.374671 0.662533 -0.648592 119.136986
45000 24 25 19
-0.152255 0.392429 -0.907093 99.240097
38136 24 26 16
-0.134994 -0.126923 0.982684 111.108696
40440 24 26 17
-0.256869 -0.349954 0.900861 127.266304
42744 24 26 18
-0.016723 -0.167124 -0.985794 124.644478
45048 24 26 19
0.058922 -0.043780 -0.997302 104.428757
47352 24 26 20
0.083894 -0.013679 -0.996381 74.860657
38184 24 27 16
0.092857 -0.569647 0.816627 101.519493
40488 24 27 17
0.230759 -0.895551 0.380447 116.912537
42792 24 27 18
0.295249 -0.798758 -0.524227 115.126389
45096 24 27 19
0.235668 -0.468513 -0.851443 96.973465
40536 24 28 17
0.295089 -0.927674 0.228787 94.603271
42840 24 28 18
0.336995 -0.895061 -0.292063 93.643410
45144 24 28 19
0.309683 -0.700013 -0.643490 79.266541
40393 25 25 17
-0.579556 0.748203 0.322967 110.800293
42697 25 25 18
-0.479183 0.778495 -0.405376 109.848854
45001 25 25 19
-0.247973 0.562545 -0.788703 93.445496
38137 25 26 16
-0.364449 0.101279 0.925699 104.698532
40441 25 26 17
-0.670274 0.281610 0.686606 121.783211
42745 25 26 18
-0.504068 0.348626 -0.790174 121.385666
45049 25 26 19
-0.111116 0.168668 -0.979390 103.793716
47353 25 26 20
0.009485 0.114304 -0.993401 76.239883
38185 25 27 16
-0.169846 -0.404732 0.898523 100.599045
40489 25 27 17
-0.206207 -0.769897 0.603934 117.612938
42793 25 27 18
-0.058784 -0.784196 -0.617722 117.797958
45097 25 27 19
0.063373 -0.371675 -0.926197 101.166336
47401 25 27 20
0.109021 -0.225573 -0.968107 74.574707
38233 25 28 16
-0.011185 -0.706769 0.707356 84.718307
40537 25 28 17
0.050654 -0.940769 0.335243 99.529083
42841 25 28 18
0.127401 -0.947206 -0.294228 100.121964
45145 25 28 19
0.159775 -0.699521 -0.696522 86.300941
40585 25 29 17
0.121499 -0.965969 0.228348 73.565712
42889 25 29 18
0.167644 -0.969443 -0.179099 74.296989
40394 26 25 17
-0.592696 0.734307 0.330914 95.823906
42698 26 25 18
-0.522203 0.824666 -0.217328 97.619522
45002 26 25 19
-0.299354 0.695247 -0.653467 85.856827
40442 26 26 17
-0.725838 0.411441 0.551249 110.192123
42746 26 26 18
-0.727009 0.563835 -0.391853 112.651817
45050 26 26 19
-0.272328 0.347998 -0.897070 99.302170
38186 26 27 16
-0.412044 -0.235165 0.880294 92.772652
40490 26 27 17
-0.623355 -0.420679 0.659134 110.677818
42794 26 27 18
-0.647699 -0.589822 -0.482281 113.461220
45098 26 27 19
-0.166668 -0.287778 -0.943083 100.145943
47402 26 27 20
0.014420 -0.177508 -0.984014 76.322075
38234 26 28 16
-0.260385 -0.604992 0.752452 80.918640
40538 26 28 17
-0.284241 -0.854794 0.434205 96.858246
42842 26 28 18
-0.204783 -0.951158 -0.231001 99.514114
45146 26 28 19
-0.052820 -0.708876 -0.703353 87.891350
47450 26 28 20
0.048513 -0.503948 -0.862371 66.874893
40586 26 29 17
-0.123885 -0.948799 0.290573 73.650467
42890 26 29 18
-0.067999 -0.988186 -0.137350 75.809921
45194 26 29 19
0.002408 -0.864155 -0.503220 66.970764
42938 26 30 18
-0.016093 -0.995309 -0.095400 50.015579
40443 27 26 17
-0.738730 0.412179 0.533279 94.412437
42747 27 26 18
-0.808021 0.584718 -0.072152 100.116920
45051 27 26 19
-0.429277 0.484426 -0.762269 92.297318
40491 27 27 17
-0.766751 -0.193677 0.612031 97.283501
42795 27 27 18
-0.939771 -0.322072 -0.114460 102.993065
45099 27 27 19
-0.438478 -0.263183 -0.859344 94.504913
47403 27 27 20
-0.073784 -0.192206 -0.978577 75.611855
40539 27 28 17
-0.551826 -0.683387 0.477986 86.906036
42843 27 28 18
-0.528641 -0.844742 -0.083365 91.836449
45147 27 28 19
-0.296226 -0.728292 -0.617933 83.863838
47451 27 28 20
-0.079579 -0.553312 -0.829164 66.506683
40587 27 29 17
-0.365130 -0.867660 0.337411 67.171562
42891 27 29 18
-0.316907 -0.946482 -0.061173 70.854340
45195 27 29 19
-0.203392 -0.875431 -0.438466 64.406776
47499 27 29 20
-0.079237 -0.740727 -0.667117 50.649994
42748 28 26 18
-0.834740 0.507270 0.214210 85.818970
45052 28 26 19
-0.635423 0.575773 -0.514512 84.186691
47356 28 26 20
-0.055951 0.348201 -0.935749 73.456696
40492 28 27 17
-0.795793 -0.117331 0.594093 80.008896
42796 28 27 18
-0.957736 -0.226647 0.177122 88.492287
45100 28 27 19
-0.722440 -0.343270 -0.600205 85.658501
47404 28 27 20
-0.167684 -0.324594 -0.930871 73.332687
40540 28 28 17
-0.685273 -0.539003 0.489772 71.910194
42844 28 28 18
-0.701052 -0.708001 0.085206 78.894081
45148 28 28 19
-0.502844 -0.755004 -0.420852 75.408875
47452 28 28 20
-0.200600 -0.668703 -0.715958 63.384960
42892 28 29 18
-0.503514 -0.863300 0.034462 60.752399
45196 28 29 19
-0.378489 -0.870070 -0.315793 57.401634
81725 29 22 35
0.943321 0.331485 -0.016214 60.843987
84029 29 22 36
0.820270 0.429137 -0.378151 57.096172
81773 29 23 35
0.992296 0.039042 0.117577 64.205666
84077 29 23 36
0.947245 0.141250 -0.287707 62.609592
86381 29 23 37
0.776476 0.193781 -0.599612 53.723564
81821 29 24 35
0.960954 -0.218416 0.169885 62.237942
84125 29 24 36
0.963121 -0.182503 -0.197715 62.113941
86429 29 24 37
0.832606 -0.120115 -0.540685 54.471310
45005 29 25 19
-0.355981 0.924511 0.136223 66.004570
47309 29 25 20
0.123826 0.948149 -0.292713 65.048332
49613 29 25 21
0.577866 0.645807 -0.499003 59.345333
84173 29 25 36
0.893969 -0.424094 -0.144786 55.509415
86477 29 25 37
0.800843 -0.389893 -0.454570 49.096752
42749 29 26 18
-0.808862 0.354865 0.468843 71.371933
45053 29 26 19
-0.868169 0.494086 0.046489 75.739914
47357 29 26 20
-0.132642 0.399138 -0.907246 72.676788
49661 29 26 21
0.576009 0.044896 -0.816209 64.470207
42797 29 27 18
-0.894007 -0.235023 0.381465 72.390373
45101 29 27 19
-0.869803 -0.480384 -0.112577 75.118660
47405 29 27 20
-0.309540 -0.653763 -0.690492 70.142212
42845 29 28 18
-0.750438 -0.618826 0.232159 63.454231
45149 29 28 19
-0.615660 -0.773910 -0.148413 64.449860
47453 29 28 20
-0.300000 -0.828612 -0.472654 58.569973
74718 30 20 32
0.437536 0.519786 0.733747 43.163776
77022 30 20 33
0.476668 0.762323 0.437780 50.756413
79326 30 20 34
0.417080 0.908669 -0.019095 53.393482
81630 30 20 35
0.305471 0.880168 -0.363307 50.272137
74766 30 21 32
0.518685 0.243524 0.819550 48.138062
77070 30 21 33
0.595183 0.449677 0.665994 58.312332
79374 30 21 34
0.613333 0.753049 0.238201 64.134346
81678 30 21 35
0.466615 0.843464 -0.266157 63.648743
79422 30 22 34
0.764814 0.411928 0.495354 71.355675
81726 30 22 35
0.734818 0.674774 -0.068718 74.284554
84030 30 22 36
0.513568 0.672122 -0.533386 69.383423
86334 30 22 37
0.352146 0.579209 -0.735194 57.472496
79470 30 23 34
0.828700 0.102191 0.550284 74.848831
81774 30 23 35
0.954467 0.265528 0.135969 80.524200
84078 30 23 36
0.789209 0.370302 -0.489924 77.852356
86382 30 23 37
0.514290 0.335832 -0.789128 66.566818
81822 30 24 35
0.974691 -0.138333 0.175620 81.171227
84126 30 24 36
0.919951 -0.114180 -0.375039 79.736076
86430 30 24 37
0.647352 -0.053786 -0.760291 69.307030
88734 30 24 38
0.437630 -0.015186 -0.899027 52.602589
45006 30 25 19
-0.415948 0.730586 0.541508 60.408943
47310 30 25 20
0.006142 0.946019 0.324052 66.063965
49614 30 25 21
0.639556 0.767462 -0.044379 67.402390
51918 30 25 22
0.868546 0.464879 -0.171802 65.628784
84174 30 25 36
0.852157 -0.441663 -0.280646 74.216232
86478 30 25 37
0.664063 -0.395196 -0.634697 64.580879
88782 30 25 38
0.478106 -0.310702 -0.821510 49.153820
45054 30 26 19
-0.791770 0.160572 0.589336 66.890755
47358 30 26 20
-0.803141 -0.017076 0.595545 71.164925
49662 30 26 21
0.900433 -0.296975 -0.317846 70.904770
51966 30 26 22
0.942408 -0.212485 -0.258297 67.936691
86526 30 26 37
0.625951 -0.581891 -0.519218 53.751266
45102 30 27 19
-0.786649 -0.525764 0.323659 63.918594
47406 30 27 20
-0.436143 -0.899551 -0.024236 66.018875
49710 30 27 21
0.246810 -0.930264 -0.271467 64.029953
45150 30 28 19
-0.633623 -0.763661 0.123871 52.795799
47454 30 28 20
-0.358685 -0.926784 -0.111428 52.856552
74671 31 19 32
-0.122009 0.828432 0.546640 36.407047
76975 31 19 33
-0.167372 0.966624 0.193969 41.121597
72415 31 20 31
-0.007493 0.490530 0.871392 35.325905
74719 31 20 32
-0.096869 0.648021 0.755437 45.451557
77023 31 20 33
-0.189055 0.887262 0.420743 52.642384
79327 31 20 34
-0.218606 0.974123 -0.057403 54.769215
81631 31 20 35
-0.190012 0.905214 -0.380110 51.185398
72463 31 21 31
0.154330 0.418431 0.895041 40.798817
74767 31 21 32
0.039070 0.463434 0.885270 52.090446
77071 31 21 33
-0.091936 0.703755 0.704469 61.649113
79375 31 21 34
-0.193006 0.961732 0.194476 66.790520
81679 31 21 35
-0.186189 0.936994 -0.295593 65.704857
77119 31 22 33
0.183303 0.527645 0.829452 68.581734
79423 31 22 34
0.043826 0.846999 0.529786 76.645645
81727 31 22 35
-0.063842 0.987835 -0.141796 78.716270
84031 31 22 36
-0.077338 0.818881 -0.568729 73.038116
86335 31 22 37
-0.061895 0.661797 -0.747124 60.373600
79471 31 23 34
0.470208 0.587910 0.658229 84.489868
81775 31 23 35
0.381682 0.922698 0.054285 88.828392
84079 31 23 36
0.143759 0.719851 -0.679079 84.750435
86383 31 23 37
0.047508 0.486564 -0.872352 71.955498
49567 31 24 21
0.172053 0.923373 0.343191 60.191662
51871 31 24 22
0.432296 0.885259 0.171570 64.767517
81823 31 24 35
0.956118 0.279862 0.086697 94.390121
84127 31 24 36
0.585746 0.200362 -0.785338 90.619339
86431 31 24 37
0.233138 0.107842 -0.966445 77.624969
88735 31 24 38
0.113108 0.073560 -0.990856 58.367176
47311 31 25 20
-0.276335 0.605688 0.746178 64.455154
49615 31 25 21
0.245530 0.742148 0.623644 72.541870
51919 31 25 22
0.731057 0.613053 0.299535 77.682297
54223 31 25 23
0.879415 0.462602 0.112379 80.558212
84175 31 25 36
0.712124 -0.378190 -0.591482 88.750374
86479 31 25 37
0.383926 -0.316690 -0.867357 75.448586
88783 31 25 38
0.209575 -0.243712 -0.946933 56.482407
45055 31 26 19
-0.667229 -0.035229 0.744019 57.163967
47359 31 26 20
-0.517425 -0.212381 0.828954 67.337730
49663 31 26 21
0.196404 -0.522316 0.829826 74.645058
51967 31 26 22
0.835709 -0.422567 0.350754 79.421196
54271 31 26 23
0.950688 -0.274259 0.144826 82.482246
56575 31 26 24
0.979709 -0.188349 0.068523 84.459206
58879 31 26 25
0.990742 -0.133704 0.023510 85.541214
84223 31 26 36
0.663871 -0.588329 -0.461676 79.145393
86527 31 26 37
0.440121 -0.553469 -0.707083 65.906624
47407 31 27 20
-0.459730 -0.768213 0.445530 60.339230
49711 31 27 21
-0.005672 -0.952494 0.304505 65.682373
72416 32 20 31
-0.388933 0.570489 0.723376 32.772766
74720 32 20 32
-0.542360 0.628828 0.557154 41.097332
77024 32 20 33
-0.639533 0.723601 0.259613 46.764919
79328 32 20 34
-0.626058 0.776465 -0.071793 48.069908
81632 32 20 35
-0.542622 0.776111 -0.321267 44.589680
72464 32 21 31
-0.237344 0.655665 0.716778 40.206627
74768 32 21 32
-0.443487 0.623168 0.644190 49.226181
77072 32 21 33
-0.604298 0.683082 0.410151 56.624577
79376 32 21 34
-0.648918 0.757446 0.071977 60.236729
81680 32 21 35
-0.583360 0.777047 -0.236408 58.638184
79424 32 22 34
-0.536041 0.813029 0.227252 72.515373
81728 32 22 35
-0.558938 0.816445 -0.144937 73.124962
84032 32 22 36
-0.485581 0.749000 -0.450787 67.169647
81776 32 23 35
-0.429232 0.896322 -0.111204 87.199341
84080 32 23 36
-0.437035 0.722513 -0.535701 81.584358
86384 32 23 37
-0.358836 0.541035 -0.760603 68.426041
49568 32 24 21
-0.171746 0.816916 0.550592 60.147758
51872 32 24 22
0.039398 0.907846 0.417449 69.518105
84128 32 24 36
-0.252790 0.540908 -0.802194 92.060318
86432 32 24 37
-0.246580 0.282314 -0.927091 77.188950
88736 32 24 38
-0.212379 0.172609 -0.961822 57.164631
47312 32 25 20
-0.473544 0.350878 0.807862 58.638084
49616 32 25 21
-0.293554 0.467732 0.833698 71.764236
51920 32 25 22
0.062495 0.620296 0.781874 83.066925
54224 32 25 23
0.460681 0.682161 0.567828 92.151360
56528 32 25 24
0.685125 0.647569 0.333553 98.965393
58832 32 25 25
0.779559 0.603035 0.169223 103.544075
61136 32 25 26
0.818382 0.571542 0.059924 105.972412
63440 32 25 27
0.833770 0.552003 -0.010948 106.497658
65744 32 25 28
0.839479 0.541061 -0.050281 105.601791
68048 32 25 29
0.842678 0.534994 -0.060621 103.973831
84176 32 25 36
0.160903 -0.054255 -0.985478 95.570381
86480 32 25 37
-0.040095 -0.118606 -0.992132 78.852295
88784 32 25 38
-0.094172 -0.124467 -0.987745 57.693699
47360 32 26 20
-0.553254 -0.201564 0.808259 59.995182
49664 32 26 21
-0.353974 -0.327119 0.876183 72.957436
51968 32 26 22
0.055542 -0.441526 0.895528 84.528038
54272 32 26 23
0.544649 -0.433095 0.718183 94.338951
56576 32 26 24
0.826804 -0.331053 0.454751 102.154953
58880 32 26 25
0.938798 -0.235497 0.251397 107.793808
61184 32 26 26
0.979913 -0.163090 0.114767 111.232956
63488 32 26 27
0.994146 -0.104311 0.028166 112.718948
65792 32 26 28
0.998425 -0.052035 -0.020997 112.733078
68096 32 26 29
0.999106 -0.005792 -0.041869 111.863495
70400 32 26 30
0.998779 0.028737 -0.040179 110.714851
72704 32 26 31
0.998936 0.040948 -0.021200 109.853851
84224 32 26 36
0.377976 -0.494632 -0.782607 90.381752
86528 32 26 37
0.142245 -0.438002 -0.887649 72.631317
54320 32 27 23
0.289023 -0.866527 0.406935 82.303467
56624 32 27 24
0.484462 -0.822617 0.297654 89.893700
58928 32 27 25
0.612361 -0.765753 0.196561 95.717667
61232 32 27 26
0.696076 -0.708685 0.115081 99.663673
63536 32 27 27
0.755409 -0.652656 0.058288 101.968414
70448 32 27 30
0.871706 -0.490027 -0.001271 103.575912
58785 33 24 25
0.006476 0.980651 0.195659 91.675003
61089 33 24 26
0.091690 0.990556 0.101942 95.638573
65697 33 24 28
0.198131 0.980037 -0.016464 97.567146
84129 33 24 36
-0.562235 0.566237 -0.602716 84.147873
86433 33 24 37
-0.513503 0.372454 -0.773041 68.594765
49617 33 25 21
-0.559788 0.297466 0.773403 63.916328
51921 33 25 22
-0.487540 0.412196 0.769675 78.864136
54225 33 25 23
-0.362766 0.573853 0.734230 92.359550
56529 33 25 24
-0.181187 0.752467 0.633218 103.594048
58833 33 25 25
0.026068 0.887312 0.460432 112.097588
61137 33 25 26
0.205311 0.942041 0.265340 117.750397
63441 33 25 27
0.329084 0.938244 0.106781 120.785034
65745 33 25 28
0.404094 0.914701 0.005408 121.720367
68049 33 25 29
0.445462 0.894099 -0.046377 121.230995
70353 33 25 30
0.461764 0.884808 -0.062361 120.022270
72657 33 25 31
0.451626 0.890434 -0.056230 118.721123
74961 33 25 32
0.401377 0.914449 -0.051759 117.651001
77265 33 25 33
0.276195 0.954768 -0.110153 116.381149
79569 33 25 34
0.007414 0.933549 -0.358372 113.325104
81873 33 25 35
-0.314716 0.610591 -0.726728 106.074463
84177 33 25 36
-0.407418 0.253688 -0.877298 92.811333
86481 33 25 37
-0.385989 0.079583 -0.919064 73.968597
49665 33 26 21
-0.570571 -0.222834 0.790439 64.672821
51969 33 26 22
-0.496211 -0.273588 0.823968 80.241241
54273 33 26 23
-0.385683 -0.328181 0.862291 94.735786
56577 33 26 24
-0.215517 -0.393610 0.893657 107.170311
58881 33 26 25
0.065802 -0.466150 0.882255 116.906784
61185 33 26 26
0.485161 -0.480108 0.730831 123.775833
63489 33 26 27
0.841758 -0.340346 0.419055 128.055939
65793 33 26 28
0.977291 -0.137460 0.161266 130.300125
68097 33 26 29
0.999179 0.031393 0.025626 131.110794
70401 33 26 30
0.987313 0.153656 -0.040028 130.979645
72705 33 26 31
0.968927 0.232172 -0.085299 130.196152
75009 33 26 32
0.949989 0.263645 -0.167370 128.696152
77313 33 26 33
0.889966 0.215858 -0.401704 125.771721
79617 33 26 34
0.548485 0.003700 -0.836152 119.898666
81921 33 26 35
0.066250 -0.193043 -0.978951 109.215019
84225 33 26 36
-0.136971 -0.248428 -0.958917 92.792664
86529 33 26 37
-0.202208 -0.254319 -0.945745 71.865837
54321 33 27 23
-0.228534 -0.793279 0.564341 82.802383
56625 33 27 24
-0.096812 -0.872047 0.479751 94.522018
58929 33 27 25
0.033168 -0.926642 0.374480 104.004440
61233 33 27 26
0.156239 -0.950038 0.270216 111.067680
63537 33 27 27
0.270856 -0.944363 0.186588 116.016518
65841 33 27 28
0.378902 -0.916402 0.128996 119.399208
68145 33 27 29
0.481233 -0.871999 0.089628 121.716675
70449 33 27 30
0.572664 -0.818020 0.053839 123.226204
72753 33 27 31
0.639874 -0.768476 0.002345 123.845917
75057 33 27 32
0.661732 -0.743982 -0.092744 123.067627
77361 33 27 33
0.605066 -0.750794 -0.264958 119.857193
79665 33 27 34
0.438898 -0.744932 -0.502439 112.759239
81969 33 27 35
0.219235 -0.677078 -0.702496 100.521301
84273 33 27 36
0.050174 -0.582219 -0.811482 83.137756
86577 33 27 37
-0.048674 -0.501316 -0.863894 62.532486
54369 33 28 23
-0.144400 -0.908227 0.392774 61.672871
56673 33 28 24
-0.053245 -0.946911 0.317056 71.068024
58977 33 28 25
0.023947 -0.970250 0.240919 78.911598
61281 33 28 26
0.091133 -0.979816 0.177918 85.046829
63585 33 28 27
0.152418 -0.979011 0.135302 89.761627
65889 33 28 28
0.210883 -0.971164 0.111212 93.539314
68193 33 28 29
0.267824 -0.958585 0.096879 96.764084
70497 33 28 30
0.321660 -0.943492 0.079735 99.517258
72801 33 28 31
0.366412 -0.929384 0.044573 101.474861
75105 33 28 32
0.390912 -0.920044 -0.026581 101.858810
77409 33 28 33
0.380228 -0.912615 -0.150202 99.473686
79713 33 28 34
0.322938 -0.889230 -0.324008 93.002022
82017 33 28 35
0.227807 -0.829936 -0.509226 81.682999
84321 33 28 36
0.126275 -0.742502 -0.657833 66.103165
86625 33 28 37
0.043796 -0.652913 -0.756166 48.430214
58786 34 24 25
-0.456964 0.853948 0.248910 85.090652
61090 34 24 26
-0.401715 0.902006 0.158147 90.889854
63394 34 24 27
-0.348302 0.933898 0.080745 94.363129
65698 34 24 28
-0.301366 0.953241 0.022587 95.862640
51922 34 25 22
-0.704944 0.281550 0.650986 65.723053
54226 34 25 23
-0.713681 0.368299 0.595832 80.468674
56530 34 25 24
-0.714899 0.469717 0.517963 93.572365
58834 34 25 25
-0.701480 0.577806 0.417213 104.222626
61138 34 25 26
-0.665588 0.682743 0.301421 112.073051
63442 34 25 27
-0.604419 0.774586 0.186265 117.214592
65746 34 25 28
-0.525456 0.846227 0.088293 120.048019
68050 34 25 29
-0.444964 0.895414 0.015525 121.100311
70354 34 25 30
-0.382165 0.923416 -0.035397 120.850983
72658 34 25 31
-0.355682 0.931455 -0.076688 119.599701
74962 34 25 32
-0.381157 0.915431 -0.129252 117.323799
77266 34 25 33
-0.462401 0.858281 -0.222573 113.478661
79570 34 25 34
-0.569551 0.731218 -0.375410 106.909950
81874 34 25 35
-0.635735 0.536383 -0.555098 96.258698
84178 34 25 36
-0.628071 0.339119 -0.700375 80.962807
86482 34 25 37
-0.576863 0.192395 -0.793859 62.205017
51970 34 26 22
-0.707355 -0.173959 0.685118 67.018623
54274 34 26 23
-0.735189 -0.184639 0.652231 82.763268
56578 34 26 24
-0.774461 -0.193609 0.602268 97.021286
58882 34 26 25
-0.821478 -0.199052 0.534370 108.871277
61186 34 26 26
-0.870206 -0.193109 0.453266 117.962036
63490 34 26 27
-0.915896 -0.160622 0.367878 124.453934
65794 34 26 28
-0.955471 -0.079897 0.284064 128.798676
68098 34 26 29
-0.978345 0.071639 0.194189 131.476379
70402 34 26 30
-0.955087 0.287206 0.072948 132.784683
72706 34 26 31
-0.872442 0.477996 -0.101805 132.701584
75010 34 26 32
-0.785147 0.529012 -0.322010 130.782791
77314 34 26 33
-0.724415 0.418662 -0.547673 126.096161
79618 34 26 34
-0.661134 0.230824 -0.713879 117.367828
81922 34 26 35
-0.589786 0.069850 -0.804533 103.587090
84226 34 26 36
-0.523655 -0.033617 -0.851267 84.960106
86530 34 26 37
-0.467765 -0.093213 -0.878924 63.502926
54322 34 27 23
-0.580588 -0.602663 0.547461 72.527435
56626 34 27 24
-0.569239 -0.670927 0.475209 85.759407
58930 34 27 25
-0.552694 -0.734912 0.392979 97.009232
61234 34 27 26
-0.528017 -0.788837 0.314538 105.980621
63538 34 27 27
-0.496958 -0.830426 0.251844 112.894791
65842 34 27 28
-0.463784 -0.861176 0.208039 118.219757
68146 34 27 29
-0.432757 -0.884334 0.175143 122.362434
70450 34 27 30
-0.408660 -0.902986 0.132714 125.431763
72754 34 27 31
-0.399254 -0.915818 0.043285 127.090195
75058 34 27 32
-0.410519 -0.900572 -0.142983 126.484070
77362 34 27 33
-0.424043 -0.804175 -0.416521 122.315468
79666 34 27 34
-0.411689 -0.642160 -0.646639 113.221504
81970 34 27 35
-0.384817 -0.505678 -0.772143 98.544075
84274 34 27 36
-0.358717 -0.419370 -0.833937 79.164986
86578 34 27 37
-0.336112 -0.366805 -0.867458 57.696323
56674 34 28 24
-0.397233 -0.846018 0.355611 64.615623
58978 34 28 25
-0.363902 -0.887641 0.282256 73.716438
61282 34 28 26
-0.328905 -0.917781 0.222487 81.247726
63586 34 28 27
-0.293136 -0.938548 0.182208 87.449974
65890 34 28 28
-0.258088 -0.952917 0.159186 92.751175
68194 34 28 29
-0.225024 -0.963608 0.144303 97.471519
70498 34 28 30
-0.195563 -0.972966 0.122847 101.592537
72802 34 28 31
-0.173161 -0.982072 0.074497 104.606300
75106 34 28 32
-0.163466 -0.986232 -0.025008 105.463043
77410 34 28 33
-0.170587 -0.966730 -0.190614 102.721840
79714 34 28 34
-0.189775 -0.897627 -0.397808 95.052711
82018 34 28 35
-0.208576 -0.784423 -0.584104 82.050125
84322 34 28 36
-0.219735 -0.666383 -0.712496 64.909607
86626 34 28 37
-0.223982 -0.569974 -0.790545 46.326233
79762 34 29 34
-0.101533 -0.958624 -0.265954 69.025772
82066 34 29 35
-0.117481 -0.890788 -0.438970 59.370060
58835 35 25 25
-0.875489 0.358862 0.323631 83.078316
61139 35 25 26
-0.879975 0.409188 0.241265 91.297981
63443 35 25 27
-0.871528 0.461084 0.166857 97.287781
65747 35 25 28
-0.851067 0.514687 0.103836 101.260780
68051 35 25 29
-0.821696 0.567605 0.051378 103.535446
70355 35 25 30
-0.788988 0.614396 0.004014 104.352966
72659 35 25 31
-0.761132 0.646868 -0.047314 103.732208
74963 35 25 32
-0.746946 0.655097 -0.113668 101.384811
77267 35 25 33
-0.749647 0.629156 -0.205409 96.708145
79571 35 25 34
-0.759731 0.562979 -0.325365 88.936676
81875 35 25 35
-0.757724 0.462179 -0.460701 77.565117
56579 35 26 24
-0.889077 -0.113282 0.443519 75.530556
58883 35 26 25
-0.925199 -0.105424 0.364545 86.909081
61187 35 26 26
-0.952962 -0.090720 0.289195 96.209625
63491 35 26 27
-0.972517 -0.064730 0.223654 103.435432
65795 35 26 28
-0.985288 -0.023641 0.169259 108.850044
68099 35 26 29
-0.992081 0.033687 0.120998 112.744255
70403 35 26 30
-0.992381 0.103333 0.067094 115.218491
72707 35 26 31
-0.984768 0.173626 -0.009283 116.017418
75011 35 26 32
-0.966579 0.224680 -0.123464 114.458946
77315 35 26 33
-0.931751 0.235530 -0.276343 109.531731
79619 35 26 34
-0.873423 0.199745 -0.444111 100.259224
81923 35 26 35
-0.795011 0.134156 -0.591574 86.331230
61235 35 27 26
-0.803849 -0.530279 0.269502 86.522591
63539 35 27 27
-0.810949 -0.541894 0.220708 93.927567
65843 35 27 28
-0.818907 -0.542940 0.186031 100.049431
68147 35 27 29
-0.831292 -0.532969 0.157790 105.139389
70451 35 27 30
-0.850169 -0.512425 0.120967 109.167381
72755 35 27 31
-0.874364 -0.482394 0.052762 111.642014
75059 35 27 32
-0.893396 -0.443492 -0.071822 111.549126
77363 35 27 33
-0.881734 -0.395655 -0.256909 107.536575
79667 35 27 34
-0.819112 -0.343578 -0.459359 98.454605
81971 35 27 35
-0.723688 -0.298749 -0.622113 84.142540
84275 35 27 36
-0.629315 -0.267912 -0.729511 66.003021
65891 35 28 28
-0.597802 -0.783068 0.171575 78.585396
68195 35 28 29
-0.594044 -0.789029 0.156670 83.882965
70499 35 28 30
-0.596005 -0.791704 0.134104 88.613060
72803 35 28 31
-0.604656 -0.791910 0.085256 92.190086
75107 35 28 32
-0.617778 -0.786277 -0.010886 93.485474
77411 35 28 33
-0.624896 -0.762982 -0.165416 91.042679
79715 35 28 34
-0.609156 -0.707923 -0.357455 83.677170
82019 35 28 35
-0.565797 -0.625822 -0.536862 71.291611
84323 35 28 36
-0.509645 -0.540405 -0.669495 55.374912
79763 35 29 34
-0.437145 -0.861528 -0.258212 61.295162
82067 35 29 35
-0.423564 -0.798171 -0.428388 52.238319
65748 36 25 28
-0.931206 0.349353 0.103959 72.991714
68052 36 25 29
-0.919609 0.387574 0.064080 75.674797
72660 36 25 31
-0.887989 0.459311 -0.022539 77.194008
74964 36 25 32
-0.873071 0.479840 -0.086605 75.488960
77268 36 25 33
-0.860501 0.479290 -0.172679 71.444206
61188 36 26 26
-0.971040 -0.057279 0.231951 67.087975
63492 36 26 27
-0.982543 -0.038427 0.182021 73.463654
65796 36 26 28
-0.989822 -0.011027 0.141887 78.596710
68100 36 26 29
-0.993962 0.025118 0.106807 82.608490
70404 36 26 30
-0.995387 0.067923 0.067756 85.466148
72708 36 26 31
-0.993599 0.112300 0.012257 86.822388
75012 36 26 32
-0.986113 0.149836 -0.071625 85.963753
77316 36 26 33
-0.967293 0.170358 -0.187942 81.977600
79620 36 26 34
-0.930447 0.166717 -0.326304 74.181061
81924 36 26 35
-0.874209 0.140209 -0.464866 62.671570
68148 36 27 29
-0.926875 -0.349058 0.138062 77.164291
70452 36 27 30
-0.940241 -0.323354 0.106721 81.167603
72756 36 27 31
-0.954822 -0.292301 0.053619 83.837784
75060 36 27 32
-0.965146 -0.259135 -0.036644 84.226357
77364 36 27 33
-0.958888 -0.227458 -0.169699 81.153267
79668 36 27 34
-0.922360 -0.200741 -0.330085 73.754944
81972 36 27 35
-0.854998 -0.181618 -0.485791 62.158268
75108 36 28 32
-0.818632 -0.574316 0.001667 70.840034
77412 36 28 33
-0.824483 -0.551844 -0.125285 69.089531
79716 36 28 34
-0.806810 -0.517123 -0.285731 63.221489
82020 36 28 35
-0.759674 -0.470706 -0.448699 53.321880
