2.000000
48 48 48
27.651020 24.886853 24.938299
-20.348980 -23.113148 -23.061701
90.696012 3326.383054 921.098276
56173 13 18 24
0.870689 0.362378 0.332541 58.455711
58477 13 18 25
0.947257 0.320197 0.013328 61.744835
60781 13 18 26
0.927371 0.257511 -0.271424 59.083290
56221 13 19 24
0.944466 0.160588 0.286697 63.102516
58525 13 19 25
0.995876 0.080943 -0.040973 65.309326
60829 13 19 26
0.950243 0.041863 -0.308683 61.833031
51757 13 22 22
0.915416 0.209025 0.343981 62.237022
54061 13 22 23
0.989539 0.071742 0.125164 66.272362
56365 13 22 24
0.997576 -0.038589 -0.057910 66.758240
58669 13 22 25
0.982069 -0.074849 -0.173027 64.564026
51805 13 23 22
0.969860 -0.103508 0.220586 63.287441
54109 13 23 23
0.980039 -0.198273 0.014548 65.206154
49549 13 24 21
0.893413 -0.290498 0.342673 55.106213
51853 13 24 22
0.918070 -0.381806 0.106639 58.831337
53870 14 18 23
0.608372 0.422090 0.672104 62.706913
56174 14 18 24
0.768139 0.440253 0.464908 73.519829
58478 14 18 25
0.906885 0.411048 0.092733 78.455345
60782 14 18 26
0.907911 0.319354 -0.271497 76.678085
63086 14 18 27
0.847235 0.240064 -0.473879 69.233719
53918 14 19 23
0.688454 0.274227 0.671439 68.988770
56222 14 19 24
0.881831 0.171710 0.439191 78.464890
58526 14 19 25
0.998030 0.058722 0.022095 82.048531
60830 14 19 26
0.945817 0.003505 -0.324680 79.309792
58670 14 22 25
0.986265 0.004307 -0.165116 81.215111
60974 14 22 26
0.974332 0.065325 -0.215429 78.114738
63278 14 22 27
0.959966 0.170625 -0.222154 74.280777
67886 14 22 29
0.905688 0.309911 -0.289281 64.355904
70190 14 22 30
0.870132 0.312400 -0.381152 56.801823
51806 14 23 22
0.925317 -0.100593 0.365609 78.217682
54110 14 23 23
0.976036 -0.195328 0.095920 81.374802
56414 14 23 24
0.977655 -0.204101 -0.050332 81.538261
58718 14 23 25
0.986372 -0.137200 -0.090809 80.256401
61022 14 23 26
0.996108 -0.024365 -0.084707 78.656509
47246 14 24 20
0.664048 -0.162007 0.729928 59.129215
49550 14 24 21
0.794222 -0.338281 0.504754 68.433395
47294 14 25 20
0.751548 -0.305006 0.584933 55.491562
45038 14 26 19
0.820091 -0.114734 0.560613 44.571171
63039 15 17 27
0.640628 0.677402 -0.361555 75.579514
65343 15 17 28
0.670467 0.545574 -0.502815 66.607513
56175 15 18 24
0.611695 0.520629 0.595629 85.149025
58479 15 18 25
0.801951 0.552388 0.227466 91.476212
60783 15 18 26
0.862929 0.447558 -0.234616 91.245018
63087 15 18 27
0.815659 0.323995 -0.479299 85.176636
53919 15 19 23
0.564772 0.281192 0.775863 79.589905
56223 15 19 24
0.759006 0.166639 0.629398 90.017174
58527 15 19 25
0.985179 0.019556 0.170413 94.951363
70191 15 22 30
0.859697 0.361872 -0.360513 77.641998
51807 15 23 22
0.797770 -0.087685 0.596552 88.872055
54111 15 23 23
0.949012 -0.151143 0.276646 93.222229
56415 15 23 24
0.992521 -0.099846 0.070227 94.829330
58719 15 23 25
0.999433 0.027903 0.018829 95.234474
61023 15 23 26
0.985798 0.165378 0.029193 95.553268
70239 15 23 30
0.888629 0.213382 -0.405963 85.156906
72543 15 23 31
0.811325 0.132430 -0.569398 72.573318
47247 15 24 20
0.488420 -0.161935 0.857452 67.552063
49551 15 24 21
0.613656 -0.364207 0.700557 78.112968
61071 15 24 26
0.987581 -0.066707 0.142245 96.375145
63375 15 24 27
0.996110 0.004493 0.088001 98.656158
65679 15 24 28
0.998669 0.013124 -0.049871 99.182968
67983 15 24 29
0.964895 -0.027707 -0.261171 95.829613
68031 15 25 29
0.865483 -0.394232 -0.309064 90.751389
70335 15 25 30
0.756939 -0.415240 -0.504598 80.466171
45039 15 26 19
0.775929 0.098264 0.623120 55.307518
68079 15 26 29
0.696254 -0.630466 -0.343137 77.505600
42783 15 27 18
0.864547 0.119067 0.488244 49.441360
52047 15 28 22
0.975362 -0.088027 0.202288 71.066833
52095 15 29 22
0.899120 -0.377634 0.221305 66.948997
54399 15 29 23
0.930378 -0.355810 0.088297 69.989769
52143 15 30 22
0.719055 -0.658165 0.223110 56.681839
54447 15 30 23
0.754834 -0.650488 0.084207 59.877987
56751 15 30 24
0.766727 -0.631857 -0.113520 59.632828
59055 15 30 25
0.728425 -0.607645 -0.316488 55.065090
65296 16 16 28
0.415176 0.853786 -0.314131 62.897667
63040 16 17 27
0.443956 0.848980 -0.286595 86.011475
65344 16 17 28
0.534344 0.710236 -0.458303 78.902023
67648 16 17 29
0.595109 0.588789 -0.546967 68.758163
56176 16 18 24
0.430114 0.602987 0.671870 93.008728
58480 16 18 25
0.562925 0.734753 0.378487 99.915451
60784 16 18 26
0.700414 0.701422 -0.132014 101.245110
63088 16 18 27
0.720725 0.526042 -0.451481 97.375679
56224 16 19 24
0.583806 0.152655 0.797412 97.752388
58528 16 19 25
0.892672 -0.000030 0.450707 103.589767
60832 16 19 26
0.982591 -0.049622 -0.179035 104.433456
49504 16 23 21
0.392656 -0.033634 0.919070 86.520218
51808 16 23 22
0.507285 -0.068782 0.859029 94.911049
54112 16 23 23
0.746634 -0.012442 0.665119 99.990578
56464 16 24 24
0.853659 -0.232388 0.466113 102.411446
58768 16 24 25
0.910908 -0.013593 0.412385 106.706909
61072 16 24 26
0.926835 0.108655 0.359404 111.099197
72592 16 24 31
0.643990 -0.254056 -0.721618 90.988213
74896 16 24 32
0.550936 -0.269633 -0.789790 70.991936
63424 16 25 27
0.912507 -0.388979 0.126593 113.106216
65728 16 25 28
0.825983 -0.545569 -0.141800 113.048019
68032 16 25 29
0.675477 -0.611533 -0.412018 108.051163
70336 16 25 30
0.543664 -0.591663 -0.595285 96.972908
72640 16 25 31
0.460087 -0.544877 -0.701020 80.318069
63472 16 26 27
0.745117 -0.658703 -0.104456 104.170494
65776 16 26 28
0.561321 -0.776661 -0.285861 100.297493
68080 16 26 29
0.423815 -0.796145 -0.431897 92.044212
70384 16 26 30
0.345856 -0.761139 -0.548682 79.293884
40480 16 27 17
0.771482 0.326964 0.545811 54.353455
35920 16 28 15
0.721477 0.008614 0.692385 37.538639
38224 16 28 16
0.794306 -0.005750 0.607491 47.598892
40528 16 28 17
0.861869 -0.028849 0.506310 57.117550
49744 16 28 21
0.948930 -0.083765 0.304163 82.846390
52048 16 28 22
0.957508 -0.064174 0.281177 87.569672
61264 16 28 26
0.738134 -0.528558 -0.419266 85.798218
52096 16 29 22
0.828414 -0.491059 0.269428 82.894409
54400 16 29 23
0.861348 -0.484739 0.152011 86.818253
59008 16 29 25
0.769397 -0.541347 -0.339075 83.502060
61312 16 29 26
0.616921 -0.581975 -0.529824 73.899666
54448 16 30 23
0.621712 -0.773702 0.121899 74.109856
56752 16 30 24
0.640845 -0.761991 -0.093205 74.552856
59056 16 30 25
0.601479 -0.721777 -0.342434 69.708847
61360 16 30 26
0.512152 -0.672289 -0.534535 59.487850
65345 17 17 28
0.336189 0.867259 -0.367204 86.945885
67649 17 17 29
0.450726 0.741618 -0.496839 79.097488
69953 17 17 30
0.522714 0.631944 -0.572203 68.769173
56177 17 18 24
0.234584 0.696055 0.678585 97.508743
58481 17 18 25
0.211376 0.872390 0.440745 103.986885
60785 17 18 26
0.293591 0.955655 0.022978 106.275650
63089 17 18 27
0.427338 0.838404 -0.338319 104.535889
65393 17 18 28
0.526154 0.684636 -0.504415 99.253693
58529 17 19 25
0.536984 0.083947 0.839405 108.260193
60833 17 19 26
0.971306 0.170670 0.165641 110.752129
63137 17 19 27
0.893125 0.280050 -0.351995 109.778908
47153 17 22 20
0.432566 0.179702 0.883512 78.782951
49505 17 23 21
0.203444 -0.093337 0.974627 89.578239
51809 17 23 22
0.009350 -0.036743 0.999281 96.851006
54113 17 23 23
-0.131446 0.215254 0.967671 101.813095
56465 17 24 24
0.261916 0.095198 0.960384 107.123589
58769 17 24 25
0.333406 0.316993 0.887894 112.623352
72593 17 24 31
0.416148 -0.458297 -0.785356 103.995186
74897 17 24 32
0.378110 -0.415126 -0.827468 83.672470
61121 17 25 26
0.588032 -0.389411 0.708927 118.279366
63425 17 25 27
0.395872 -0.889899 0.226639 121.090851
65729 17 25 28
0.204898 -0.954914 -0.214839 120.785439
68033 17 25 29
0.158413 -0.877876 -0.451928 115.968834
70337 17 25 30
0.168652 -0.783205 -0.598453 105.419640
72641 17 25 31
0.194416 -0.694980 -0.692247 89.191498
63473 17 26 27
0.203731 -0.932984 -0.296705 112.222321
65777 17 26 28
0.048308 -0.918994 -0.391301 106.695541
68081 17 26 29
0.014340 -0.888062 -0.459500 97.442650
70385 17 26 30
0.030999 -0.844263 -0.535032 84.416191
61217 17 27 26
0.535180 -0.694918 -0.480282 106.816765
33617 17 28 14
0.593289 0.060733 0.802695 36.104538
35921 17 28 15
0.648270 0.052927 0.759569 48.154144
38225 17 28 16
0.734301 0.043287 0.677442 60.944668
40529 17 28 17
0.828716 0.025110 0.559106 72.703293
49745 17 28 21
0.952737 -0.061290 0.297548 97.183441
58961 17 28 25
0.794505 -0.453286 -0.404095 105.926132
61265 17 28 26
0.455630 -0.605254 -0.652740 97.439804
45185 17 29 19
0.790683 -0.558997 0.249683 82.717300
47489 17 29 20
0.760532 -0.607769 0.228488 87.121086
49793 17 29 21
0.732388 -0.625511 0.268967 91.472725
59009 17 29 25
0.606432 -0.653335 -0.453204 97.050636
61313 17 29 26
0.400479 -0.626825 -0.668361 85.353020
59057 17 30 25
0.466199 -0.796377 -0.385283 81.818260
61361 17 30 26
0.361052 -0.705957 -0.609316 69.836792
51570 18 18 22
0.217273 0.602572 0.767919 79.868332
53874 18 18 23
0.110489 0.646669 0.754726 90.515648
56178 18 18 24
-0.018628 0.761246 0.648195 98.881546
58482 18 18 25
-0.104659 0.900477 0.422123 104.443428
63090 18 18 27
0.048028 0.986194 -0.158478 106.878456
65394 18 18 28
0.205270 0.904805 -0.373086 103.880959
70002 18 18 30
0.395465 0.703149 -0.590922 89.630089
72306 18 18 31
0.421137 0.622242 -0.659893 78.328262
74610 18 18 32
0.417212 0.549879 -0.723580 64.453476
56226 18 19 24
-0.132319 0.128037 0.982903 103.205399
58530 18 19 25
-0.213747 0.196621 0.956897 109.097649
60834 18 19 26
-0.037732 0.671294 0.740230 112.701088
63138 18 19 27
0.369579 0.927830 -0.050431 113.781342
65442 18 19 28
0.466869 0.805377 -0.365240 112.246864
67746 18 19 29
0.482135 0.734263 -0.477916 108.019997
70050 18 19 30
0.475594 0.678797 -0.559504 100.844337
72354 18 19 31
0.456953 0.614383 -0.643217 90.261955
74658 18 19 32
0.429678 0.539317 -0.724234 76.081757
67794 18 20 29
0.674663 0.687230 -0.269341 115.891434
70098 18 20 30
0.584672 0.668598 -0.459495 111.127609
72402 18 20 31
0.517101 0.593347 -0.616884 101.896835
42498 18 21 18
0.455237 0.273926 0.847185 57.383366
44802 18 21 19
0.436879 0.329205 0.837115 70.375755
72450 18 21 31
0.564010 0.516839 -0.644027 112.361710
74754 18 21 32
0.478898 0.371285 -0.795490 97.581322
47154 18 22 20
0.305014 0.132996 0.943016 83.050377
49458 18 22 21
-0.152782 0.252201 0.955538 89.756195
74802 18 22 32
0.444730 0.110802 -0.888785 103.239319
77106 18 22 33
0.382217 0.032392 -0.923505 81.310791
49506 18 23 21
-0.117465 -0.056469 0.991470 90.168182
51810 18 23 22
-0.649289 0.084359 0.755849 95.079811
54114 18 23 23
-0.791336 0.242583 0.561196 98.910408
72546 18 23 31
0.354030 -0.293573 -0.887963 119.265373
74850 18 23 32
0.316472 -0.269202 -0.909602 101.503578
77154 18 23 33
0.299817 -0.248954 -0.920941 78.502853
56466 18 24 24
-0.629317 0.344921 0.696412 105.445808
67986 18 24 29
-0.312782 -0.927574 -0.204387 127.181824
70290 18 24 30
-0.059504 -0.817952 -0.572201 121.908661
72594 18 24 31
0.076260 -0.677406 -0.731646 109.527298
74898 18 24 32
0.150386 -0.571477 -0.806721 90.766296
58818 18 25 25
-0.681031 0.273173 0.679391 113.107704
61122 18 25 26
-0.894932 -0.225903 0.384791 116.648766
68034 18 25 29
-0.344025 -0.884429 -0.315329 113.644073
70338 18 25 30
-0.191944 -0.861900 -0.469347 104.800995
58866 18 26 25
-0.766591 0.484152 0.421825 114.517403
61170 18 26 26
-0.718305 -0.588095 -0.371728 113.705917
58914 18 27 25
0.343074 -0.035628 -0.938632 115.159225
61218 18 27 26
-0.214404 -0.532428 -0.818872 108.675980
33618 18 28 14
0.541672 0.094207 0.835294 44.592041
58962 18 28 25
0.428461 -0.409838 -0.805267 113.299416
61266 18 28 26
0.048010 -0.490767 -0.869967 101.693062
40578 18 29 17
0.696437 -0.493382 0.521104 83.602028
42882 18 29 18
0.722869 -0.605381 0.333128 92.185249
45186 18 29 19
0.692958 -0.697326 0.183155 96.922943
47490 18 29 20
0.642071 -0.751559 0.151340 99.682915
49794 18 29 21
0.611178 -0.756881 0.231499 102.754211
52098 18 29 22
0.615722 -0.724865 0.308962 107.135567
54402 18 29 23
0.653226 -0.723887 0.221998 111.438789
56706 18 29 24
0.630098 -0.757352 -0.171446 112.188118
59010 18 29 25
0.396433 -0.666467 -0.631397 105.848763
61314 18 29 26
0.167515 -0.562849 -0.809407 91.502808
42930 18 30 18
0.501280 -0.839021 0.211571 75.879097
56754 18 30 24
0.435269 -0.894671 -0.100524 97.251297
59058 18 30 25
0.355614 -0.811922 -0.462948 91.055031
61362 18 30 26
0.227487 -0.675333 -0.701551 76.958702
51571 19 18 22
-0.182529 0.591366 0.785474 80.418915
53875 19 18 23
-0.275665 0.592151 0.757209 89.744095
56179 19 18 24
-0.341351 0.676023 0.653049 97.111031
72307 19 18 31
0.225770 0.673131 -0.704217 84.082603
74611 19 18 32
0.225627 0.576636 -0.785228 70.794601
51619 19 19 22
-0.443672 0.307510 0.841780 85.528961
56227 19 19 24
-0.615842 -0.007319 0.787836 100.156189
58531 19 19 25
-0.634396 0.102730 0.766151 106.234436
60835 19 19 26
-0.579825 0.462483 0.670755 110.885185
72355 19 19 31
0.152222 0.716626 -0.680644 95.781860
74659 19 19 32
0.162399 0.606316 -0.778465 82.304138
76963 19 19 33
0.167076 0.504606 -0.847029 65.386139
42451 19 20 18
0.098203 0.565213 0.819079 55.396385
44755 19 20 19
-0.015749 0.628104 0.777970 67.087349
60883 19 20 26
-0.473067 -0.163696 0.865685 111.348427
63187 19 20 27
-0.295473 0.344281 0.891160 116.676048
65491 19 20 28
0.011162 0.947810 0.318640 119.752853
67795 19 20 29
0.121364 0.971177 -0.205148 119.791710
70099 19 20 30
0.134319 0.864335 -0.484648 116.087509
72403 19 20 31
0.138565 0.723787 -0.675967 107.786293
74707 19 20 32
0.146666 0.573428 -0.806021 94.239464
42499 19 21 18
0.224192 0.425840 0.876583 62.925148
44803 19 21 19
0.051200 0.493370 0.868312 73.794807
47107 19 21 20
-0.367641 0.538348 0.758302 80.911720
63235 19 21 27
-0.237243 0.045036 0.970406 117.554901
65539 19 21 28
-0.039567 0.548334 0.835323 123.849495
67843 19 21 29
0.108777 0.979017 0.172318 126.968811
70147 19 21 30
0.136355 0.879254 -0.456421 125.530968
72451 19 21 31
0.138339 0.628639 -0.765294 118.231255
74755 19 21 32
0.145664 0.419240 -0.896114 104.291595
49459 19 22 21
-0.911358 0.235572 0.337539 86.653694
67891 19 22 29
-0.364774 0.522793 0.770472 131.197937
70195 19 22 30
-0.100816 0.569224 -0.815978 131.050400
72499 19 22 31
0.064211 0.176463 -0.982211 123.897324
74803 19 22 32
0.111839 0.050486 -0.992443 109.076706
77107 19 22 33
0.135832 -0.007747 -0.990702 87.824684
51811 19 23 22
-0.937217 0.278175 0.210341 89.743248
67939 19 23 29
-0.671783 -0.663543 0.329270 129.841919
70243 19 23 30
-0.414483 -0.768733 -0.487086 129.159332
72547 19 23 31
-0.109873 -0.548539 -0.828875 121.075508
74851 19 23 32
0.024404 -0.413223 -0.910303 105.281136
77155 19 23 33
0.087488 -0.336535 -0.937598 83.527435
56467 19 24 24
-0.856557 0.391820 0.335837 98.211494
67987 19 24 29
-0.574718 -0.818294 -0.009712 120.575859
70291 19 24 30
-0.378092 -0.866491 -0.325944 117.520226
72595 19 24 31
-0.192888 -0.795701 -0.574155 107.897858
74899 19 24 32
-0.057846 -0.685360 -0.725903 91.818291
58819 19 25 25
-0.930862 0.331740 0.153117 105.589188
61123 19 25 26
-0.992334 -0.106370 0.062920 106.816315
68035 19 25 29
-0.519543 -0.834449 -0.183762 103.576599
58867 19 26 25
-0.818058 0.478129 -0.319646 109.598160
61171 19 26 26
-0.879172 -0.142354 -0.454743 105.192703
61219 19 27 26
-0.517940 -0.153961 -0.841448 103.188873
40579 19 29 17
0.568208 -0.612502 0.549528 96.395584
42883 19 29 18
0.549785 -0.780976 0.296333 104.185844
45187 19 29 19
0.477200 -0.872915 0.101488 107.367119
47491 19 29 20
0.428351 -0.898963 0.091545 108.680931
49795 19 29 21
0.440900 -0.867767 0.229321 111.074753
52099 19 29 22
0.499726 -0.795452 0.342828 115.495049
54403 19 29 23
0.586405 -0.778914 0.222310 119.771553
56707 19 29 24
0.542764 -0.760914 -0.355552 119.485451
59011 19 29 25
0.219137 -0.523828 -0.823155 110.768013
61315 19 29 26
0.012026 -0.401049 -0.915978 93.273582
40627 19 30 17
0.398995 -0.849581 0.344986 80.147949
42931 19 30 18
0.345329 -0.924536 0.161184 86.009445
56755 19 30 24
0.411546 -0.898338 -0.153685 105.911674
59059 19 30 25
0.289877 -0.760682 -0.580805 98.088829
61363 19 30 26
0.138157 -0.580897 -0.802167 81.380287
61411 19 31 26
0.216054 -0.711074 -0.669100 64.868927
69620 20 10 30
-0.034266 0.992628 -0.116253 28.504379
71924 20 10 31
-0.047821 0.884996 -0.463136 25.465570
67364 20 11 29
0.104913 0.966929 0.232469 38.572384
69668 20 11 30
0.066390 0.979112 -0.192177 38.920055
71972 20 11 31
0.036143 0.822497 -0.567620 34.609875
67412 20 12 29
0.288816 0.940026 0.181486 49.633167
69716 20 12 30
0.251521 0.924797 -0.285461 49.187061
72020 20 12 31
0.182333 0.737275 -0.650523 43.641022
74324 20 12 32
0.135589 0.575529 -0.806463 34.349075
65156 20 13 28
0.469996 0.807801 0.355755 57.055695
67460 20 13 29
0.507704 0.857233 0.085955 60.261116
72068 20 13 31
0.358156 0.630890 -0.688260 52.135803
72116 20 14 31
0.498710 0.518350 -0.694696 59.826820
74420 20 14 32
0.379955 0.421867 -0.823203 48.481804
72164 20 15 31
0.557048 0.433067 -0.708626 66.566116
74468 20 15 32
0.430442 0.353983 -0.830311 54.568066
51524 20 17 22
-0.309439 0.645685 0.698096 67.272423
53828 20 17 23
-0.263212 0.698523 0.665421 77.617577
51572 20 18 22
-0.578452 0.387982 0.717540 75.144714
53876 20 18 23
-0.607967 0.317765 0.727599 84.473297
53924 20 19 23
-0.791609 -0.097511 0.603197 85.585487
56228 20 19 24
-0.741976 -0.160434 0.650948 93.131889
42452 20 20 18
-0.247292 0.662189 0.707356 54.174919
44756 20 20 19
-0.481407 0.650007 0.587995 63.590385
47060 20 20 20
-0.745400 0.507878 0.431787 70.039162
49364 20 20 21
-0.916798 0.229436 0.326865 74.360466
56276 20 20 24
-0.759688 -0.329349 0.560717 89.709206
58580 20 20 25
-0.661057 -0.309059 0.683730 97.887909
77012 20 20 33
-0.065896 0.447445 -0.891880 76.756714
79316 20 20 34
-0.037324 0.351113 -0.935589 56.590290
44804 20 21 19
-0.490390 0.669903 0.557447 71.403450
47108 20 21 20
-0.843820 0.480239 0.239453 75.338928
49412 20 21 21
-0.976115 0.205868 0.069406 76.695229
58628 20 21 25
-0.678540 -0.299166 0.670882 93.614571
60932 20 21 26
-0.557964 -0.249350 0.791518 103.741844
77060 20 21 33
-0.078257 0.287557 -0.954561 85.117561
79364 20 21 34
-0.038813 0.198385 -0.979355 62.929451
49460 20 22 21
-0.942744 0.315099 -0.109300 79.233246
60980 20 22 26
-0.625005 -0.226118 0.747154 100.332329
63284 20 22 27
-0.542969 -0.237777 0.805386 111.621544
65588 20 22 28
-0.556788 -0.214979 0.802353 121.547943
51812 20 23 22
-0.880131 0.460231 -0.116429 81.562607
54116 20 23 23
-0.939072 0.336966 0.067801 81.268051
63332 20 23 27
-0.672338 -0.356417 0.648790 107.211052
65636 20 23 28
-0.629706 -0.524720 0.572835 116.678589
67940 20 23 29
-0.622655 -0.716873 0.313679 122.979301
77156 20 23 33
-0.071264 -0.380869 -0.921879 83.520859
79460 20 23 34
-0.022689 -0.312226 -0.949737 60.574162
56468 20 24 24
-0.864168 0.489071 0.118421 87.769928
63380 20 24 27
-0.807050 -0.460048 0.370170 100.520470
65684 20 24 28
-0.669846 -0.689041 0.276638 106.362968
67988 20 24 29
-0.538743 -0.837920 0.087446 110.004524
77204 20 24 33
-0.073136 -0.633906 -0.769945 70.487488
47396 20 27 20
0.636826 0.767542 -0.073021 122.314491
49700 20 27 21
0.521593 0.853160 0.007671 121.973076
42836 20 28 18
0.591274 -0.496403 0.635594 120.207603
45140 20 28 19
0.574004 -0.805265 0.148550 122.842842
47444 20 28 20
0.577332 -0.813239 0.073016 123.198433
49748 20 28 21
0.737491 -0.525662 0.424013 124.409439
52052 20 28 22
0.829283 0.001136 0.558828 127.242676
54356 20 28 23
0.852360 0.522048 0.030793 129.240692
29060 20 29 12
0.715131 -0.072922 0.695176 38.716919
40580 20 29 17
0.310857 -0.776773 0.547715 104.563423
42884 20 29 18
0.216044 -0.950114 0.224965 110.744606
45188 20 29 19
0.147968 -0.988139 0.041070 112.512878
56708 20 29 24
0.526713 -0.603344 -0.598790 125.143845
59012 20 29 25
0.151785 -0.293940 -0.943695 113.718750
40628 20 30 17
0.215369 -0.929235 0.300229 87.325417
42932 20 30 18
0.149347 -0.982722 0.109327 91.780090
56756 20 30 24
0.439874 -0.865026 -0.241333 113.975624
59060 20 30 25
0.268378 -0.647392 -0.713342 104.042076
61364 20 30 26
0.103906 -0.450192 -0.886866 84.348335
59108 20 31 25
0.318240 -0.791619 -0.521597 86.848305
61412 20 31 26
0.188676 -0.626227 -0.756466 70.033356
52388 20 35 22
0.523745 -0.851266 -0.032216 29.738995
69669 21 11 30
-0.377769 0.907623 -0.183061 36.779598
67413 21 12 29
-0.228048 0.969484 0.089966 49.718636
65157 21 13 28
0.039824 0.962507 0.268318 60.831627
67461 21 13 29
-0.048603 0.998753 0.011376 63.029236
65205 21 14 28
0.247265 0.950223 0.189569 74.770790
67509 21 14 29
0.205577 0.974438 -0.090596 75.630455
69813 21 14 30
0.162200 0.871092 -0.463563 72.284958
72117 21 14 31
0.128476 0.684608 -0.717500 64.275597
74421 21 14 32
0.107465 0.538461 -0.835770 52.300499
67557 21 15 29
0.472182 0.855375 -0.213019 86.204239
72165 21 15 31
0.317564 0.533081 -0.784205 72.970573
74469 21 15 32
0.234413 0.407419 -0.882644 60.027821
76821 21 16 33
0.193887 0.241932 -0.950724 49.549961
51525 21 17 22
-0.492058 0.429307 0.757347 60.620758
53829 21 17 23
-0.426464 0.411050 0.805709 72.597038
51573 21 18 22
-0.713137 0.175855 0.678610 65.404915
53877 21 18 23
-0.675195 0.049272 0.735992 75.838181
53925 21 19 23
-0.786120 -0.201232 0.584398 74.493866
56229 21 19 24
-0.681162 -0.280682 0.676192 83.732002
47061 21 20 20
-0.853864 0.465277 0.233309 59.390079
56277 21 20 24
-0.715122 -0.354721 0.602308 78.759827
77013 21 20 33
-0.119321 0.416736 -0.901162 74.421364
79317 21 20 34
-0.124677 0.336333 -0.933454 54.600975
47109 21 21 20
-0.844529 0.535354 -0.012932 65.706436
58629 21 21 25
-0.612931 -0.329678 0.718072 83.612556
79365 21 21 34
-0.127439 0.208670 -0.969647 60.772667
60981 21 22 26
-0.535819 -0.311667 0.784705 90.908821
79413 21 22 34
-0.105931 -0.024461 -0.994073 63.034966
40293 21 23 17
0.122228 0.701676 0.701934 74.147202
42597 21 23 18
0.036490 0.918652 0.393379 82.080711
63333 21 23 27
-0.521793 -0.486360 0.700846 97.229538
77157 21 23 33
-0.091733 -0.383277 -0.919067 81.297859
79461 21 23 34
-0.075035 -0.304273 -0.949625 59.196777
42645 21 24 18
0.177445 0.907979 0.379587 93.239021
44949 21 24 19
0.067974 0.993629 -0.089895 94.888298
65685 21 24 28
-0.470400 -0.805925 0.359455 95.401306
77205 21 24 33
-0.065510 -0.653617 -0.753985 68.490593
79509 21 24 34
-0.049572 -0.540236 -0.840052 49.255089
40437 21 26 17
0.071915 0.594630 0.800777 105.899040
42741 21 26 18
0.054430 0.852889 0.519248 114.879654
42789 21 27 18
-0.247458 0.561251 0.789786 121.543144
45093 21 27 19
-0.417318 0.881517 0.220845 124.214584
47397 21 27 20
-0.124102 0.991202 -0.046008 124.277336
49701 21 27 21
0.134489 0.987063 0.087289 124.436577
52005 21 27 22
0.195673 0.979979 0.036792 125.124107
54309 21 27 23
0.147442 0.963473 -0.223562 124.107193
40533 21 28 17
-0.166127 -0.310658 0.935892 114.405029
42837 21 28 18
-0.413586 -0.731094 0.542631 120.966049
45141 21 28 19
-0.413133 -0.900315 0.136944 123.018219
47445 21 28 20
-0.216449 -0.933530 0.285782 123.990585
49749 21 28 21
0.231307 -0.543571 0.806863 126.678772
52053 21 28 22
0.593989 0.204806 0.777967 130.959869
54357 21 28 23
0.646057 0.761184 -0.056659 133.292694
56661 21 28 24
0.262121 0.570306 -0.778488 128.711700
26757 21 29 11
0.686226 0.102963 0.720065 39.087585
40581 21 29 17
-0.094116 -0.870657 0.482803 106.415459
42885 21 29 18
-0.171732 -0.971332 0.164382 111.012932
56709 21 29 24
0.559445 -0.326434 -0.761881 130.608566
59013 21 29 25
0.179061 -0.103788 -0.978348 116.738411
40629 21 30 17
-0.003468 -0.969952 0.243270 89.655388
56757 21 30 24
0.485889 -0.801240 -0.349180 122.062904
59061 21 30 25
0.268362 -0.513204 -0.815232 109.898376
61365 21 30 26
0.111993 -0.332401 -0.936465 87.185829
40677 21 31 17
0.058693 -0.982260 0.178103 67.997177
59109 21 31 25
0.297781 -0.725682 -0.620252 94.639389
61413 21 31 26
0.167742 -0.541572 -0.823749 74.827087
52341 21 34 22
0.347080 -0.926051 0.148203 46.530125
54645 21 34 23
0.330963 -0.938749 -0.095992 46.840092
50085 21 35 21
0.194374 -0.939890 0.280760 32.577213
52389 21 35 22
0.214518 -0.976714 -0.003486 34.080345
50133 21 36 21
0.079103 -0.983282 0.164012 22.864845
58294 22 14 25
0.016525 0.886068 0.463261 59.430336
60598 22 14 26
-0.014933 0.938244 0.345653 67.053314
62902 22 14 27
-0.092486 0.969503 0.226957 72.200684
56038 22 15 24
-0.038036 0.723575 0.689197 63.983009
58342 22 15 25
0.029924 0.820213 0.571275 74.964302
60646 22 15 26
0.050936 0.910533 0.410286 82.801819
62950 22 15 27
0.017333 0.972008 0.234307 87.459908
65254 22 15 28
-0.036685 0.998374 0.043625 89.339043
67558 22 15 29
-0.059192 0.977266 -0.203586 88.437660
69862 22 15 30
-0.031538 0.865010 -0.500763 84.041939
56086 22 16 24
-0.147865 0.514956 0.844367 74.500694
58390 22 16 25
-0.019725 0.636568 0.770968 85.929703
60694 22 16 26
0.092696 0.801166 0.591220 93.913307
62998 22 16 27
0.152298 0.935385 0.319155 98.405434
65302 22 16 28
0.179632 0.983709 0.006953 99.876595
67606 22 16 29
0.216546 0.911674 -0.349227 98.423447
69910 22 16 30
0.233441 0.698894 -0.676057 93.354599
76822 22 16 33
0.095026 0.249507 -0.963699 52.133656
63046 22 17 27
0.246111 0.757434 0.604750 104.697227
65350 22 17 28
0.425502 0.904457 0.030106 106.486008
60790 22 18 26
-0.179030 -0.080233 0.980567 100.719818
60838 22 19 26
-0.272549 -0.272196 0.922836 98.691528
63190 22 20 27
-0.192920 -0.167077 0.966885 106.901062
63238 22 21 27
-0.193352 -0.269332 0.943438 104.075356
65542 22 21 28
-0.079722 -0.114968 0.990165 115.917915
65590 22 22 28
-0.084873 -0.437314 0.895295 112.592262
37990 22 23 16
-0.124235 0.552817 0.823990 60.423985
40294 22 23 17
-0.159144 0.739668 0.653884 73.604591
38038 22 24 16
-0.167518 0.471687 0.865707 70.178291
40342 22 24 17
-0.209811 0.653747 0.727045 84.657928
42646 22 24 18
-0.226538 0.906610 0.356003 92.636879
44950 22 24 19
-0.165822 0.979115 -0.117626 93.935417
70294 22 24 30
0.062364 -0.997972 -0.012782 100.008499
72598 22 24 31
0.083412 -0.937984 -0.336493 96.138992
74902 22 24 32
0.067575 -0.794976 -0.602866 84.959114
38086 22 25 16
-0.230113 0.436282 0.869889 79.176918
40390 22 25 17
-0.306334 0.568939 0.763196 94.376991
47302 22 25 20
-0.098688 0.968119 -0.230231 103.936241
49606 22 25 21
-0.007858 0.965888 -0.258840 100.244087
51910 22 25 22
0.029491 0.967897 -0.249611 95.956848
38134 22 26 16
-0.298838 0.421999 0.855928 87.934982
40438 22 26 17
-0.430367 0.475789 0.767078 102.780472
42742 22 26 18
-0.554891 0.635863 0.536446 111.735664
47350 22 26 20
-0.214345 0.975039 -0.057920 115.453224
49654 22 26 21
-0.000619 0.996340 -0.085474 114.574188
51958 22 26 22
0.092743 0.987507 -0.127389 113.093925
54262 22 26 23
0.117982 0.960157 -0.253335 109.761215
38182 22 27 16
-0.371273 0.341323 0.863513 95.486908
40486 22 27 17
-0.578707 0.274291 0.768025 108.644661
54310 22 27 23
0.227399 0.954345 -0.193686 126.742310
56614 22 27 24
0.194487 0.814825 -0.546109 120.107018
38230 22 28 16
-0.434294 0.013284 0.900673 98.924377
40534 22 28 17
-0.670541 -0.243209 0.700874 109.347115
56662 22 28 24
0.349074 0.609409 -0.711876 132.775925
24454 22 29 10
0.400182 0.204213 0.893393 36.154781
26758 22 29 11
0.539017 0.242652 0.806585 46.477345
35974 22 29 15
-0.066261 -0.402008 0.913235 84.639694
38278 22 29 16
-0.324999 -0.635249 0.700596 94.964554
40582 22 29 17
-0.441553 -0.799695 0.406841 102.412010
56710 22 29 24
0.581661 -0.120488 -0.804458 136.701645
59014 22 29 25
0.237319 -0.010747 -0.971372 121.177765
24502 22 30 10
0.452791 -0.279187 0.846779 35.622334
26806 22 30 11
0.597980 -0.366051 0.713040 45.578167
36022 22 30 15
0.078145 -0.863210 0.498760 75.360550
38326 22 30 16
-0.113903 -0.925481 0.361263 82.514313
40630 22 30 17
-0.192091 -0.958538 0.210488 87.645798
56758 22 30 24
0.480579 -0.753471 -0.448693 130.013580
59062 22 30 25
0.257871 -0.424770 -0.867798 115.995583
38374 22 31 16
-0.006129 -0.976126 0.217119 63.978046
40678 22 31 17
-0.061737 -0.984575 0.163709 67.916962
59110 22 31 25
0.240863 -0.683524 -0.689043 101.685822
59158 22 32 25
0.206738 -0.802862 -0.559171 81.331085
47686 22 33 20
0.105053 -0.840835 0.530999 50.468864
56902 22 33 24
0.197392 -0.951325 -0.236680 68.466713
47734 22 34 20
-0.029025 -0.840061 0.541715 38.454079
50038 22 34 21
0.002559 -0.915809 0.401607 44.972771
56950 22 34 24
0.109601 -0.953997 -0.279064 47.130138
47782 22 35 20
-0.158865 -0.859439 0.485928 28.225615
50086 22 35 21
-0.143888 -0.949324 0.279429 32.706291
56039 23 15 24
-0.200983 0.661414 0.722591 61.654778
58343 23 15 25
-0.197316 0.794277 0.574623 73.337639
60647 23 15 26
-0.226998 0.905878 0.357571 81.136452
62951 23 15 27
-0.281060 0.947794 0.150637 85.102737
56087 23 16 24
-0.247212 0.407252 0.879222 71.190254
58391 23 16 25
-0.229709 0.553969 0.800220 84.073357
60695 23 16 26
-0.245983 0.772324 0.585669 92.847366
62999 23 16 27
-0.279766 0.920486 0.272830 97.457115
65303 23 16 28
-0.289003 0.957108 0.020514 98.930756
67607 23 16 29
-0.244554 0.945278 -0.215970 97.905098
69911 23 16 30
-0.142575 0.840928 -0.522027 93.680305
72215 23 16 31
-0.043945 0.625350 -0.779106 84.793449
74519 23 16 32
-0.001926 0.430966 -0.902366 70.700714
76823 23 16 33
0.000481 0.309286 -0.950969 53.027508
56135 23 17 24
-0.277362 0.059035 0.958950 74.940926
58439 23 17 25
-0.239771 0.111568 0.964398 88.489281
60743 23 17 26
-0.242867 0.321686 0.915169 98.480484
63047 23 17 27
-0.275199 0.712480 0.645475 104.429688
65351 23 17 28
-0.226964 0.960897 0.158634 106.926125
67655 23 17 29
-0.077657 0.942285 -0.325681 106.341629
69959 23 17 30
0.078155 0.688366 -0.721141 101.908562
58487 23 18 25
-0.206991 -0.231998 0.950438 87.410942
60791 23 18 26
-0.176573 -0.141323 0.974089 98.986267
63095 23 18 27
-0.176847 0.162806 0.970680 107.053978
65399 23 18 28
-0.096875 0.798930 0.593571 111.369934
67703 23 18 29
0.161030 0.924900 -0.344427 111.790924
60839 23 19 26
-0.122329 -0.287835 0.949835 96.250992
63143 23 19 27
-0.092685 -0.091136 0.991516 107.053131
65447 23 19 28
0.013898 0.419973 0.907430 114.020599
67751 23 19 29
0.303703 0.949215 -0.082196 116.282120
63191 23 20 27
-0.031526 -0.159284 0.986729 105.630646
65495 23 20 28
0.067534 0.174285 0.982377 115.868217
67799 23 20 29
0.358285 0.857566 0.369068 120.913147
63239 23 21 27
0.044345 -0.218424 0.974846 102.999435
65543 23 21 28
0.135688 -0.063300 0.988727 116.373772
67847 23 21 29
0.447543 0.386497 0.806427 124.658905
65591 23 22 28
0.221582 -0.337784 0.914770 113.701981
67895 23 22 29
0.456219 -0.368516 0.809975 124.439728
67943 23 23 29
0.389679 -0.755019 0.527349 116.922302
70247 23 23 30
0.483936 -0.874790 0.023427 121.414513
38039 23 24 16
-0.316742 0.387152 0.865903 65.077751
40343 23 24 17
-0.334092 0.534712 0.776186 79.904800
67991 23 24 29
0.356437 -0.889030 0.287366 101.229935
70295 23 24 30
0.335871 -0.941904 0.002841 104.594696
72599 23 24 31
0.291275 -0.894051 -0.340341 100.670753
74903 23 24 32
0.215399 -0.753784 -0.620817 88.621185
51959 23 26 22
0.223885 0.974312 -0.024309 115.695778
54263 23 26 23
0.284059 0.941210 -0.182851 113.799446
38183 23 27 16
-0.552679 0.347166 0.757642 86.751114
56615 23 27 24
0.359558 0.798830 -0.482274 125.699890
38231 23 28 16
-0.651873 0.124858 0.747979 91.051971
40535 23 28 17
-0.744885 -0.121168 0.656098 100.368240
56663 23 28 24
0.443026 0.615302 -0.652021 138.720062
58967 23 28 25
0.327713 0.346051 -0.879121 123.054909
24455 23 29 10
0.132285 0.281137 0.950506 39.576042
26759 23 29 11
0.242198 0.383751 0.891109 51.261135
35975 23 29 15
-0.479423 -0.274802 0.833449 81.967552
38279 23 29 16
-0.604457 -0.518256 0.605015 89.149681
56711 23 29 24
0.561263 -0.089092 -0.822828 143.010010
59015 23 29 25
0.283856 -0.017293 -0.958711 127.229301
24503 23 30 10
0.197623 -0.230329 0.952835 39.915653
26807 23 30 11
0.349602 -0.329492 0.877048 51.614304
36023 23 30 15
-0.138755 -0.927963 0.345878 75.037926
38327 23 30 16
-0.282600 -0.918205 0.277554 79.237915
56759 23 30 24
0.353709 -0.790440 -0.500095 136.591919
59063 23 30 25
0.217046 -0.423196 -0.879657 121.813965
56807 23 31 24
0.192622 -0.935905 -0.294920 120.130295
59111 23 31 25
0.145808 -0.688820 -0.710118 106.945610
56855 23 32 24
0.099322 -0.968589 -0.227971 96.789459
59159 23 32 25
0.086065 -0.817167 -0.569939 85.450813
47687 23 33 20
-0.090467 -0.862228 0.498376 50.485611
74472 24 15 32
-0.206348 0.688019 -0.695737 57.781151
72216 24 16 31
-0.197076 0.728427 -0.656167 82.734863
74520 24 16 32
-0.123469 0.532145 -0.837602 69.456520
72264 24 17 31
-0.088069 0.564230 -0.820907 92.487831
74568 24 17 32
-0.021785 0.366836 -0.930031 77.808273
70008 24 18 30
-0.111596 0.747324 -0.655022 108.189896
72312 24 18 31
0.026028 0.456563 -0.889310 99.387207
70056 24 19 30
0.005061 0.795103 -0.606453 114.527046
72360 24 19 31
0.097168 0.495875 -0.862940 105.889442
70104 24 20 30
0.117398 0.887481 -0.445640 121.777748
70152 24 21 30
0.352772 0.887154 -0.297505 129.285889
70200 24 22 30
0.983222 0.130449 -0.127506 133.376328
72504 24 22 31
0.405780 0.131743 -0.904426 127.619766
70248 24 23 30
0.668145 -0.743971 -0.009461 129.215897
72552 24 23 31
0.462738 -0.589898 -0.661736 124.044495
74856 24 23 32
0.252309 -0.374773 -0.892124 108.742928
72600 24 24 31
0.384003 -0.831827 -0.400756 109.070877
74904 24 24 32
0.258937 -0.695762 -0.669975 95.061951
77208 24 24 33
0.160972 -0.552785 -0.817629 74.472313
29064 24 29 12
-0.152646 0.617825 0.771357 61.555210
56712 24 29 24
0.437305 -0.316589 -0.841746 147.925018
26808 24 30 11
-0.063992 -0.243048 0.967901 53.395046
29112 24 30 12
-0.015124 -0.436884 0.899391 63.018875
31416 24 30 13
-0.061543 -0.799707 0.597228 68.452171
49848 24 30 21
-0.046271 -0.711547 0.701113 114.207031
56760 24 30 24
0.080784 -0.899974 -0.428393 139.943008
45288 24 31 19
-0.103430 -0.902835 0.417362 74.686546
47592 24 31 20
-0.085179 -0.847953 0.523183 84.508804
49896 24 31 21
-0.085813 -0.808167 0.582668 97.219551
52200 24 31 22
-0.090698 -0.839896 0.535116 111.070312
54504 24 31 23
-0.081972 -0.956881 0.278674 121.336166
56808 24 31 24
-0.033716 -0.966658 -0.253840 121.918945
59112 24 31 25
0.029494 -0.740122 -0.671826 109.389992
47640 24 32 20
-0.146394 -0.868250 0.474037 65.556305
52248 24 32 22
-0.138705 -0.900356 0.412457 88.662460
54552 24 32 23
-0.122106 -0.975968 0.180488 96.932678
56856 24 32 24
-0.084974 -0.977356 -0.193793 96.903816
59160 24 32 25
-0.035656 -0.844824 -0.533855 86.143135
74521 25 16 32
-0.180967 0.586576 -0.789417 66.444962
74569 25 17 32
-0.146259 0.437119 -0.887432 76.164444
58489 25 18 25
0.116371 0.005892 0.993188 86.195656
72313 25 18 31
-0.208201 0.526721 -0.824147 98.091278
74617 25 18 32
-0.107153 0.353761 -0.929178 83.508087
58537 25 19 25
0.294107 -0.124701 0.947603 85.154945
60841 25 19 26
0.248095 -0.078044 0.965587 97.592789
72361 25 19 31
-0.189703 0.554375 -0.810359 105.303230
74665 25 19 32
-0.081832 0.373178 -0.924144 90.425911
60889 25 20 26
0.364645 -0.054954 0.929524 96.618347
72409 25 20 31
-0.157168 0.638195 -0.753662 113.857063
74713 25 20 32
-0.068522 0.426047 -0.902102 98.648438
60937 25 21 26
0.487196 0.041047 0.872327 96.501259
72457 25 21 31
-0.090294 0.635656 -0.766674 123.547127
74761 25 21 32
-0.046233 0.393016 -0.918369 107.742874
42553 25 22 18
0.303187 0.772236 0.558328 70.671623
44857 25 22 19
0.506876 0.835999 0.210196 76.336449
63289 25 22 27
0.546609 0.114498 0.829523 112.294662
65593 25 22 28
0.501188 0.188837 0.844483 125.477776
74809 25 22 32
0.012984 0.161739 -0.986748 114.225250
77113 25 22 33
-0.005595 0.092887 -0.995661 89.718529
42601 25 23 18
0.262382 0.655932 0.707749 81.041985
44905 25 23 19
0.481011 0.829530 0.283739 87.603767
63337 25 23 27
0.739420 0.032688 0.672450 113.668137
65641 25 23 28
0.730833 -0.125771 0.670868 125.908379
72553 25 23 31
0.312479 -0.424164 -0.849966 130.195389
74857 25 23 32
0.112530 -0.277097 -0.954230 113.099220
77161 25 23 33
0.039861 -0.205426 -0.977861 88.337410
79465 25 23 34
0.004254 -0.164265 -0.986407 61.085155
47257 25 24 20
0.525446 0.849506 0.047392 99.608131
49561 25 24 21
0.552951 0.828260 -0.090727 99.004997
51865 25 24 22
0.594816 0.801273 -0.064466 97.646637
65689 25 24 28
0.858174 -0.378732 0.346554 120.982430
67993 25 24 29
0.748363 -0.643582 0.160486 126.391579
70297 25 24 30
0.573600 -0.797958 -0.185056 126.339554
72601 25 24 31
0.355979 -0.760672 -0.542824 118.191772
74905 25 24 32
0.190179 -0.622362 -0.759275 101.367104
77209 25 24 33
0.093931 -0.494791 -0.863920 78.249374
49609 25 25 21
0.428793 0.899176 0.087288 110.831436
51913 25 25 22
0.458781 0.886563 0.059386 111.768784
54217 25 25 23
0.537707 0.841838 0.046681 112.729126
47353 25 26 20
0.276976 0.685783 0.673042 116.109879
49657 25 26 21
0.244000 0.867848 0.432787 120.793976
51961 25 26 22
0.281791 0.909785 0.304769 124.900459
54265 25 26 23
0.413561 0.897184 0.155007 128.332703
56569 25 26 24
0.596077 0.800642 -0.060525 129.193054
49705 25 27 21
-0.050049 0.473154 0.879557 127.169510
52009 25 27 22
0.008624 0.704081 0.710068 134.704834
54313 25 27 23
0.242367 0.883473 0.400915 141.068024
56617 25 27 24
0.560588 0.815128 -0.145973 142.693710
58921 25 27 25
0.701518 0.453606 -0.549649 136.418152
49753 25 28 21
-0.268029 -0.185940 0.945297 128.273651
52057 25 28 22
-0.281162 0.064582 0.957485 138.887527
54361 25 28 23
-0.133565 0.416480 0.899280 147.969742
56665 25 28 24
0.608908 0.660609 -0.439121 150.433121
58969 25 28 25
0.543177 0.119841 -0.831022 142.034698
61273 25 28 26
0.526830 -0.072973 -0.846832 122.891930
29065 25 29 12
-0.513463 0.577451 0.634749 57.469040
31369 25 29 13
-0.611451 0.655891 0.442646 63.654629
47497 25 29 20
-0.228534 -0.688754 0.688034 111.613449
49801 25 29 21
-0.310036 -0.558524 0.769369 122.834213
54409 25 29 23
-0.386741 -0.551853 0.738844 146.627289
56713 25 29 24
-0.065809 -0.886897 -0.457256 149.583405
59017 25 29 25
0.256197 -0.366609 -0.894405 139.788315
29113 25 30 12
-0.564908 -0.226705 0.793400 60.110176
31417 25 30 13
-0.752701 -0.452019 0.478665 65.621765
33721 25 30 14
-0.720655 -0.685510 0.103598 67.412407
45241 25 30 19
-0.202311 -0.861285 0.466110 88.915359
47545 25 30 20
-0.249936 -0.803038 0.540982 98.465088
49849 25 30 21
-0.302484 -0.723348 0.620702 110.520134
56761 25 30 24
-0.218401 -0.954272 -0.204121 138.734955
59065 25 30 25
0.025602 -0.679454 -0.733272 128.358490
29161 25 31 12
-0.296401 -0.810710 0.504873 53.265759
31465 25 31 13
-0.273931 -0.946420 0.171031 57.713001
33769 25 31 14
-0.247057 -0.967213 -0.058842 58.200539
42985 25 31 18
-0.208760 -0.928552 0.306937 64.245461
45289 25 31 19
-0.228298 -0.895773 0.381405 71.265297
56809 25 31 24
-0.228691 -0.962198 -0.147903 118.622597
59113 25 31 25
-0.086121 -0.815895 -0.571750 108.569946
56857 25 32 24
-0.225785 -0.965696 -0.128263 92.368492
59161 25 32 25
-0.136168 -0.877710 -0.459438 83.518509
58346 26 15 25
-0.192844 0.798278 0.570582 61.361591
60650 26 15 26
-0.122967 0.923362 0.363705 70.207573
58394 26 16 25
-0.158538 0.661593 0.732913 74.745529
60698 26 16 26
-0.091256 0.841824 0.531982 85.011719
58442 26 17 25
-0.053989 0.443819 0.894489 83.611115
74570 26 17 32
-0.224038 0.436150 -0.871539 72.570000
58490 26 18 25
0.132480 0.204809 0.969795 88.060326
60794 26 18 26
0.174726 0.282661 0.943172 99.277946
74618 26 18 32
-0.264125 0.351951 -0.897980 79.906380
58538 26 19 25
0.349950 0.075450 0.933725 89.703865
60842 26 19 26
0.325931 0.092268 0.940880 100.934357
72362 26 19 31
-0.422672 0.497766 -0.757349 100.838829
74666 26 19 32
-0.297260 0.363873 -0.882742 86.654427
60890 26 20 26
0.435203 0.122230 0.891997 102.000908
72410 26 20 31
-0.435117 0.590988 -0.679269 109.133026
74714 26 20 32
-0.311889 0.418608 -0.852932 94.623734
60938 26 21 26
0.518968 0.241329 0.820020 104.400810
72458 26 21 31
-0.399789 0.621739 -0.673506 119.455963
74762 26 21 32
-0.299778 0.407941 -0.862390 103.883163
40250 26 22 17
0.023532 0.540085 0.841281 61.183411
42554 26 22 18
0.134128 0.702977 0.698451 74.328896
44858 26 22 19
0.346909 0.824715 0.446653 82.625931
63290 26 22 27
0.508692 0.389842 0.767630 121.181694
65594 26 22 28
0.389827 0.587879 0.708825 131.539398
74810 26 22 32
-0.248998 0.235783 -0.939365 111.599464
77114 26 22 33
-0.187391 0.127122 -0.974025 87.156746
42602 26 23 18
0.122983 0.585091 0.801588 84.060059
44906 26 23 19
0.299771 0.811088 0.502268 92.657700
63338 26 23 27
0.686180 0.309118 0.658486 126.938438
65642 26 23 28
0.713320 0.258922 0.651255 137.033417
74858 26 23 32
-0.129090 -0.138315 -0.981939 112.993507
77162 26 23 33
-0.126634 -0.136088 -0.982570 87.210686
79466 26 23 34
-0.116444 -0.126459 -0.985114 59.646305
44954 26 24 19
0.265209 0.723062 0.637845 100.917099
47258 26 24 20
0.397188 0.890034 0.223788 104.915939
49562 26 24 21
0.509905 0.857374 0.070049 106.102524
65690 26 24 28
0.932073 -0.167642 0.321148 137.514999
67994 26 24 29
0.842517 -0.538578 -0.009956 140.192520
70298 26 24 30
0.493603 -0.717108 -0.492048 136.428436
72602 26 24 31
0.173151 -0.628477 -0.758311 124.456978
74906 26 24 32
0.022604 -0.508120 -0.860990 104.449257
47306 26 25 20
0.242434 0.864148 0.440991 112.311844
49610 26 25 21
0.270835 0.923642 0.271173 114.865242
58826 26 25 25
0.753294 0.641380 0.145533 129.381378
61130 26 25 26
0.920633 0.382056 0.080424 131.490524
47354 26 26 20
-0.031226 0.600188 0.799250 117.359871
49658 26 26 21
-0.134424 0.758356 0.637829 121.647095
61178 26 26 26
0.927026 0.236603 -0.290932 137.445206
47402 26 27 20
-0.380598 -0.113974 0.917690 118.857353
49706 26 27 21
-0.528973 0.123635 0.839584 124.910065
52010 26 27 22
-0.395695 0.339870 0.853179 132.720886
58922 26 27 25
0.819623 0.426698 -0.382293 148.268280
47450 26 28 20
-0.468434 -0.588071 0.659349 115.469589
49754 26 28 21
-0.588012 -0.376385 0.715945 123.169479
52058 26 28 22
-0.559917 -0.177930 0.809218 133.360336
58970 26 28 25
0.539289 -0.259010 -0.801300 149.627502
61274 26 28 26
0.511317 -0.294206 -0.807464 136.309662
29066 26 29 12
-0.670094 0.489731 0.557797 49.201675
45194 26 29 19
-0.306591 -0.813860 0.493594 98.780899
47498 26 29 20
-0.448131 -0.749232 0.487678 106.273933
49802 26 29 21
-0.536300 -0.604276 0.589265 115.411247
59018 26 29 25
0.052290 -0.728274 -0.683289 142.749802
61322 26 29 26
0.254930 -0.511938 -0.820323 126.155479
29114 26 30 12
-0.755409 -0.083347 0.649931 52.369572
31418 26 30 13
-0.891613 -0.184147 0.413662 58.444096
33722 26 30 14
-0.886721 -0.421661 0.189548 61.061573
36026 26 30 15
-0.666625 -0.714549 0.212202 62.575466
42938 26 30 18
-0.265832 -0.890452 0.369361 76.993057
45242 26 30 19
-0.329360 -0.874950 0.354942 83.790871
59066 26 30 25
-0.132184 -0.841401 -0.523996 127.208145
29162 26 31 12
-0.561195 -0.642202 0.522146 47.211739
31466 26 31 13
-0.557829 -0.797595 0.229498 52.267334
33770 26 31 14
-0.468162 -0.883520 -0.014724 53.441410
59114 26 31 25
-0.195430 -0.882617 -0.427545 104.566109
60651 27 15 26
-0.202028 0.875238 0.439481 67.301071
62955 27 15 27
-0.079118 0.965621 0.247623 74.039932
58395 27 16 25
-0.257625 0.664940 0.701059 71.107254
60699 27 16 26
-0.198363 0.790891 0.578916 82.890060
63003 27 16 27
-0.054892 0.939499 0.338126 90.355293
58443 27 17 25
-0.189246 0.536532 0.822386 81.828537
60747 27 17 26
-0.146319 0.636706 0.757097 93.892113
63051 27 17 27
0.011211 0.867448 0.497402 101.430336
60795 27 18 26
-0.011646 0.419127 0.907853 100.273811
63099 27 18 27
0.145801 0.679660 0.718891 107.543465
74619 27 18 32
-0.368858 0.275540 -0.887706 73.789726
47019 27 19 20
0.317679 0.790339 0.523874 61.253658
49323 27 19 21
0.467471 0.813638 0.345635 68.233978
60843 27 19 26
0.169052 0.270688 0.947707 103.670677
63147 27 19 27
0.249400 0.504662 0.826508 110.851379
74667 27 19 32
-0.453261 0.290308 -0.842779 79.127060
47067 27 20 20
0.347730 0.745416 0.568717 73.202904
49371 27 20 21
0.592334 0.731763 0.337140 79.661301
63195 27 20 27
0.232718 0.559809 0.795271 114.086266
47115 27 21 20
0.317965 0.741358 0.591004 83.050407
49419 27 21 21
0.652897 0.677372 0.338958 88.618599
51723 27 21 22
0.792285 0.597910 0.121603 91.265640
63243 27 21 27
0.200407 0.640470 0.741374 119.242683
42555 27 22 18
-0.193334 0.632261 0.750246 73.883636
51771 27 22 22
0.778105 0.609397 0.152274 98.566704
54075 27 22 23
0.785343 0.607851 0.117276 100.037560
63291 27 22 27
0.228794 0.658677 0.716797 126.747475
65595 27 22 28
-0.016201 0.896313 0.443126 133.982605
42603 27 23 18
-0.188175 0.575400 0.795930 83.622749
54123 27 23 23
0.680232 0.701103 0.213870 108.336929
56427 27 23 24
0.612713 0.731695 0.298673 111.582817
63339 27 23 27
0.345994 0.629852 0.695395 135.384689
65643 27 23 28
0.235268 0.790296 0.565758 143.115692
42651 27 24 18
-0.114057 0.485718 0.866642 91.699348
44955 27 24 19
-0.203716 0.710410 0.673660 101.344193
56475 27 24 24
0.472019 0.797903 0.374898 122.352264
65691 27 24 28
0.852239 0.294392 0.432460 148.221481
67995 27 24 29
0.631333 -0.372562 -0.680159 148.108856
70299 27 24 30
-0.019161 -0.430757 -0.902265 140.449982
72603 27 24 31
-0.168561 -0.388199 -0.906029 124.667648
74907 27 24 32
-0.205129 -0.352377 -0.913101 102.015755
45003 27 25 19
-0.210377 0.594593 0.776016 107.511345
58827 27 25 25
0.428363 0.806123 0.408253 139.696625
61131 27 25 26
0.664767 0.669225 0.331998 144.452759
63435 27 25 27
0.968195 0.204041 0.144794 147.231247
68043 27 25 29
0.490772 -0.701791 -0.516365 141.165344
70347 27 25 30
0.213889 -0.716511 -0.663975 129.206406
72651 27 25 31
0.044670 -0.662069 -0.748110 110.867416
74955 27 25 32
-0.049795 -0.593962 -0.802951 87.822632
45051 27 26 19
-0.292564 0.246584 0.923906 110.965706
58875 27 26 25
0.416740 0.811713 0.409207 149.153366
61179 27 26 26
0.894185 0.418268 -0.159638 150.377304
63483 27 26 27
0.837498 -0.270171 -0.474978 146.547546
65787 27 26 28
0.617750 -0.586880 -0.523408 138.132050
45099 27 27 19
-0.436304 -0.418400 0.796605 110.386665
58923 27 27 25
0.496430 0.642792 0.583417 153.870239
61227 27 27 26
0.623834 -0.286668 -0.727085 150.888397
63531 27 27 27
0.527109 -0.478275 -0.702431 139.991058
42843 27 28 18
-0.200792 -0.594066 0.778953 97.125900
45147 27 28 19
-0.450887 -0.766087 0.458051 104.487152
58971 27 28 25
-0.302564 -0.925359 -0.228398 151.459457
61275 27 28 26
0.211477 -0.626665 -0.750046 144.259262
40587 27 29 17
-0.241944 -0.686191 0.686007 78.203140
42891 27 29 18
-0.300419 -0.832830 0.464911 86.821350
59019 27 29 25
-0.325615 -0.904290 -0.276104 140.633163
61323 27 29 26
0.008637 -0.738364 -0.674347 129.975769
40635 27 30 17
-0.294403 -0.890361 0.347251 66.041046
59067 27 30 25
-0.323275 -0.903215 -0.282303 121.816444
61371 27 30 26
-0.098002 -0.790285 -0.604851 109.178169
33771 27 31 14
-0.572691 -0.812631 0.107963 46.946190
59115 27 31 25
-0.313379 -0.907992 -0.278109 97.309776
61419 27 31 26
-0.158055 -0.822398 -0.546517 84.577408
56859 27 32 24
-0.385211 -0.922650 0.018125 74.387642
59163 27 32 25
-0.298837 -0.915924 -0.267915 70.813232
69820 28 14 30
-0.064880 0.950230 -0.304718 53.099937
67564 28 15 29
-0.096623 0.985604 -0.138743 76.039772
69868 28 15 30
-0.087853 0.889653 -0.448107 70.686882
63004 28 16 27
-0.297977 0.845993 0.442160 87.550545
65308 28 16 28
-0.193453 0.970818 0.141731 92.503212
67612 28 16 29
-0.121383 0.943803 -0.307412 91.490921
69916 28 16 30
-0.140493 0.730215 -0.668617 84.388062
63052 28 17 27
-0.320377 0.762039 0.562722 99.691132
46972 28 18 20
-0.019571 0.838888 0.543952 49.558407
49276 28 18 21
0.053601 0.921863 0.383791 57.733334
63100 28 18 27
-0.321965 0.636968 0.700436 106.886795
47020 28 19 20
-0.033102 0.755502 0.654310 63.612984
49324 28 19 21
0.119759 0.880828 0.458039 72.884346
63148 28 19 27
-0.298209 0.555175 0.776435 110.856400
74668 28 19 32
-0.538312 0.179597 -0.823386 69.134201
47068 28 20 20
-0.083560 0.641151 0.762852 75.077354
49372 28 20 21
0.171590 0.789673 0.589045 84.892654
63196 28 20 27
-0.286950 0.648199 0.705335 114.186478
49420 28 21 21
0.163234 0.659208 0.734030 93.321762
51724 28 21 22
0.523771 0.773328 0.357250 98.826355
63244 28 21 27
-0.296454 0.738530 0.605547 119.092026
65548 28 21 28
-0.544437 0.836124 -0.066972 121.427437
42556 28 22 18
-0.448581 0.551867 0.703006 68.011520
54076 28 22 23
0.604065 0.778906 0.168554 107.687370
63292 28 22 27
-0.314250 0.753417 0.577589 126.476212
65596 28 22 28
-0.533284 0.837935 0.116070 130.683365
42604 28 23 18
-0.444974 0.568032 0.692342 78.151909
54124 28 23 23
0.404990 0.825202 0.393730 114.151260
65644 28 23 28
-0.571530 0.791976 0.214770 140.889160
42652 28 24 18
-0.393917 0.558826 0.729756 87.695641
44956 28 24 19
-0.551298 0.618397 0.560049 96.794006
56476 28 24 24
-0.069900 0.868551 0.490645 125.332588
65692 28 24 28
-0.744395 0.647447 0.163367 148.448456
67996 28 24 29
-0.755890 0.195842 -0.624721 145.941833
70300 28 24 30
-0.574554 -0.055541 -0.816580 135.167953
72604 28 24 31
-0.486246 -0.153987 -0.860147 116.759743
74908 28 24 32
-0.425518 -0.201904 -0.882139 93.037643
42700 28 25 18
-0.330338 0.470108 0.818459 95.494446
45004 28 25 19
-0.630782 0.553187 0.544149 103.501907
56524 28 25 24
-0.358230 0.671270 0.648897 133.500565
58828 28 25 25
-0.390954 0.749869 0.533715 140.289902
65740 28 25 28
-0.690138 -0.405453 -0.599431 150.041428
68044 28 25 29
-0.324671 -0.549475 -0.769848 143.215240
70348 28 25 30
-0.277273 -0.524971 -0.804690 128.708771
72652 28 25 31
-0.275048 -0.494085 -0.824760 107.685303
74956 28 25 32
-0.273617 -0.464218 -0.842398 82.970718
42748 28 26 18
-0.314217 0.203785 0.927221 99.996971
45052 28 26 19
-0.817702 0.170628 0.549773 106.977310
56572 28 26 24
-0.581078 0.344853 0.737173 139.642944
58876 28 26 25
-0.665072 0.481031 0.571216 147.571854
61180 28 26 26
-0.866532 0.425983 0.260117 151.541382
63484 28 26 27
-0.562667 -0.512376 -0.648751 150.616318
65788 28 26 28
-0.095479 -0.712076 -0.695580 143.953293
68092 28 26 29
-0.043404 -0.713977 -0.698823 131.025940
70396 28 26 30
-0.068932 -0.691221 -0.719348 112.356949
42796 28 27 18
-0.366206 -0.307291 0.878331 99.630287
45100 28 27 19
-0.774406 -0.522628 0.356589 105.476501
58924 28 27 25
-0.884567 -0.111255 0.452950 149.744675
61228 28 27 26
-0.780199 -0.526443 -0.337858 150.808044
63532 28 27 27
-0.195613 -0.688356 -0.698499 144.053528
65836 28 27 28
0.004949 -0.712753 -0.701398 130.393555
42844 28 28 18
-0.386114 -0.725153 0.570148 93.386658
45148 28 28 19
-0.577639 -0.795681 0.182279 97.988480
58972 28 28 25
-0.774615 -0.608142 0.173594 144.608154
61276 28 28 26
-0.475551 -0.758642 -0.445324 142.191376
63580 28 28 27
-0.142945 -0.724234 -0.674575 130.126892
40588 28 29 17
-0.263942 -0.761427 0.592083 74.499931
42892 28 29 18
-0.359003 -0.881044 0.308024 81.413177
59020 28 29 25
-0.613697 -0.789470 -0.010691 131.324295
61324 28 29 26
-0.373800 -0.811903 -0.448428 125.583427
63628 28 29 27
-0.147596 -0.749214 -0.645673 109.981003
59068 28 30 25
-0.512180 -0.852020 -0.108321 110.949936
61372 28 30 26
-0.335682 -0.834310 -0.437314 102.855865
33772 28 31 14
-0.496703 -0.811544 0.307707 41.067036
54508 28 31 23
-0.537140 -0.767728 0.349393 79.629601
56812 28 31 24
-0.525227 -0.839931 0.136572 86.620125
59116 28 31 25
-0.447779 -0.879415 -0.161624 86.303764
61420 28 31 26
-0.318612 -0.848342 -0.422849 77.402420
54556 28 32 23
-0.477335 -0.837401 0.266289 58.535892
56860 28 32 24
-0.462213 -0.884726 0.060161 62.884678
59164 28 32 25
-0.401175 -0.896164 -0.189602 61.148640
69869 29 15 30
-0.378915 0.822788 -0.423607 66.423355
72173 29 15 31
-0.340377 0.659978 -0.669755 55.770302
67613 29 16 29
-0.524891 0.820860 -0.225118 86.732315
69917 29 16 30
-0.463401 0.625174 -0.628026 79.619812
72221 29 16 31
-0.399130 0.435083 -0.807092 66.415802
74525 29 16 32
-0.362437 0.332801 -0.870564 49.863369
65357 29 17 28
-0.671612 0.725644 0.149590 98.437843
67661 29 17 29
-0.659289 0.559115 -0.502721 96.401924
69965 29 17 30
-0.515908 0.288603 -0.806565 87.041763
72269 29 17 31
-0.450008 0.179062 -0.874888 72.223007
74573 29 17 32
-0.423231 0.158100 -0.892121 54.670586
65405 29 18 28
-0.863553 0.497499 -0.082286 104.900055
49325 29 19 21
-0.179845 0.814206 0.552018 72.147850
51629 29 19 22
-0.053199 0.948733 0.311568 79.342751
63149 29 19 27
-0.737107 0.453567 0.500950 106.905388
65453 29 19 28
-0.888536 0.251316 -0.383855 107.699203
51677 29 20 22
-0.004246 0.902296 0.431096 92.395439
63197 29 20 27
-0.817016 0.443532 0.368463 110.332451
65501 29 20 28
-0.845299 0.304028 -0.439360 109.829041
51725 29 21 22
0.003148 0.762581 0.646886 101.235069
63245 29 21 27
-0.811270 0.507743 0.289894 114.183510
65549 29 21 28
-0.832835 0.470459 -0.291640 113.937904
77069 29 21 33
-0.620037 0.215295 -0.754455 48.773319
51773 29 22 22
-0.096824 0.530609 0.842068 106.631828
54077 29 22 23
0.090271 0.959951 0.265226 110.446617
65597 29 22 28
-0.834968 0.537836 -0.116446 120.961647
74813 29 22 32
-0.678062 0.255156 -0.689295 72.032921
54125 29 23 23
-0.378501 0.750373 0.541920 114.731949
65645 29 23 28
-0.873924 0.485781 -0.016516 129.604538
74861 29 23 32
-0.656803 0.126535 -0.743370 77.538452
54173 29 24 23
-0.691160 0.365984 0.623181 117.898613
67997 29 24 29
-0.893165 0.179745 -0.412247 132.420212
74909 29 24 32
-0.593706 -0.098138 -0.798675 78.086624
77213 29 24 33
-0.520796 -0.144490 -0.841365 55.230221
42701 29 25 18
-0.585439 0.527052 0.616017 88.847313
56525 29 25 24
-0.862937 0.296308 0.409318 125.801666
68045 29 25 29
-0.810619 -0.214881 -0.544723 132.160690
70349 29 25 30
-0.645611 -0.291718 -0.705753 116.754700
72653 29 25 31
-0.546091 -0.323239 -0.772852 95.398041
42749 29 26 18
-0.674629 0.247302 0.695498 94.335541
45053 29 26 19
-0.958318 0.126951 0.255950 99.243279
56573 29 26 24
-0.882049 0.060831 0.467214 128.376068
68093 29 26 29
-0.572616 -0.525171 -0.629528 123.238312
70397 29 26 30
-0.446863 -0.541192 -0.712338 104.570580
72701 29 26 31
-0.387289 -0.532509 -0.752623 81.977760
42797 29 27 18
-0.698767 -0.334017 0.632580 94.081818
45101 29 27 19
-0.882676 -0.460255 0.095122 97.504219
56621 29 27 24
-0.866718 -0.173354 0.467705 127.242844
65837 29 27 28
-0.545603 -0.620530 -0.563259 123.559303
68141 29 27 29
-0.370889 -0.657022 -0.656325 106.762062
42845 29 28 18
-0.529721 -0.762228 0.372027 87.532875
45149 29 28 19
-0.637522 -0.770337 0.012109 89.635895
56669 29 28 24
-0.822490 -0.389326 0.414651 120.850273
63581 29 28 27
-0.600069 -0.659179 -0.453211 120.415596
65885 29 28 28
-0.387340 -0.697164 -0.603266 105.360855
68189 29 28 29
-0.254816 -0.703336 -0.663616 85.703148
42893 29 29 18
-0.356939 -0.918940 0.167760 75.604729
45197 29 29 19
-0.462981 -0.886350 -0.005638 76.588516
56717 29 29 24
-0.758644 -0.563950 0.326221 108.580528
59021 29 29 25
-0.766142 -0.639383 0.064921 114.090553
61325 29 29 26
-0.658462 -0.710359 -0.248633 111.493996
63629 29 29 27
-0.473776 -0.735240 -0.484725 100.468811
59069 29 30 25
-0.660890 -0.750037 -0.025877 94.218521
61373 29 30 26
-0.552597 -0.780423 -0.292535 89.363129
33773 29 31 14
-0.141078 -0.801782 0.580726 38.050034
52205 29 31 22
-0.551790 -0.746867 0.371104 56.667477
54509 29 31 23
-0.599642 -0.738983 0.307138 64.831306
69918 30 16 30
-0.697435 0.514924 -0.498435 68.804199
72222 30 16 31
-0.596824 0.370330 -0.711799 56.511829
67662 30 17 29
-0.845257 0.425153 -0.323707 85.240387
69966 30 17 30
-0.722128 0.240287 -0.648685 76.131561
72270 30 17 31
-0.607084 0.137794 -0.782600 61.633640
65406 30 18 28
-0.929924 0.364990 -0.044987 94.460236
67710 30 18 29
-0.840910 0.139355 -0.522924 89.849007
51630 30 19 22
-0.233004 0.887673 0.397172 76.808899
63150 30 19 27
-0.890012 0.384350 0.245265 98.052216
65454 30 19 28
-0.947975 0.158663 -0.275990 97.975090
51678 30 20 22
-0.282198 0.783203 0.554036 90.314644
63198 30 20 27
-0.964118 0.257177 0.065853 101.809502
65502 30 20 28
-0.911133 0.105356 -0.398418 99.555351
51726 30 21 22
-0.368275 0.562439 0.740295 99.097389
54030 30 21 23
-0.339681 0.917311 0.207745 103.957840
63246 30 21 27
-0.976134 0.216731 -0.013809 104.468704
65550 30 21 28
-0.911972 0.184470 -0.366440 101.650131
51774 30 22 22
-0.479204 0.283930 0.830510 103.730011
54078 30 22 23
-0.756454 0.591029 0.280112 108.720741
63294 30 22 27
-0.971328 0.236285 0.026299 107.517029
65598 30 22 28
-0.932921 0.261746 -0.247280 105.626503
54126 30 23 23
-0.953870 0.117876 0.276111 110.576469
63342 30 23 27
-0.967419 0.237823 0.086834 111.542984
65646 30 23 28
-0.956121 0.256547 -0.141478 111.091637
54174 30 24 23
-0.958734 -0.076686 0.273766 110.559990
65694 30 24 28
-0.981221 0.160397 -0.107132 116.104767
67998 30 24 29
-0.926231 0.119683 -0.357453 109.936378
42702 30 25 18
-0.726317 0.517629 0.452244 78.378067
54222 30 25 23
-0.940363 -0.167620 0.296010 109.038879
68046 30 25 29
-0.907245 -0.102534 -0.407914 110.300293
70350 30 25 30
-0.797976 -0.163001 -0.580228 95.506081
72654 30 25 31
-0.706288 -0.206541 -0.677124 76.093086
42750 30 26 18
-0.851741 0.277181 0.444644 84.697060
54270 30 26 23
-0.912841 -0.248644 0.323879 105.743690
56574 30 26 24
-0.970545 -0.112436 0.213075 110.764839
68094 30 26 29
-0.805215 -0.339892 -0.485904 103.880478
70398 30 26 30
-0.682683 -0.384655 -0.621276 86.970879
42798 30 27 18
-0.901579 -0.198146 0.384569 85.479362
45102 30 27 19
-0.943334 -0.331664 -0.010980 87.170815
54318 30 27 23
-0.875869 -0.340638 0.341787 100.052689
56622 30 27 24
-0.935936 -0.239632 0.258071 106.834259
65838 30 27 28
-0.804401 -0.452813 -0.384578 104.843513
68142 30 27 29
-0.657650 -0.517530 -0.547411 90.920792
42846 30 28 18
-0.676372 -0.707174 0.205975 80.570435
45150 30 28 19
-0.703013 -0.701438 -0.117294 80.587204
54366 30 28 23
-0.830203 -0.441789 0.339978 91.406265
56670 30 28 24
-0.888112 -0.380446 0.257911 98.959969
65886 30 28 28
-0.661478 -0.594631 -0.457013 89.260803
68190 30 28 29
-0.524303 -0.624035 -0.579385 73.475426
56718 30 29 24
-0.827975 -0.515347 0.221076 86.790215
59022 30 29 25
-0.841936 -0.536182 0.060441 90.909821
61326 30 29 26
-0.795048 -0.590506 -0.138570 89.783936
63630 30 29 27
-0.684859 -0.646716 -0.335746 82.543076
52158 30 30 22
-0.642266 -0.711830 0.284240 59.427361
59070 30 30 25
-0.755595 -0.655016 -0.005540 73.403839
61374 30 30 26
-0.694780 -0.692122 -0.195570 70.478218
33774 30 31 14
0.241083 -0.628989 0.739089 38.700840
65407 31 18 28
-0.942406 0.327607 -0.067407 78.376854
67711 31 18 29
-0.905066 0.154902 -0.396057 73.711479
70015 31 18 30
-0.791910 0.032595 -0.609767 62.991817
65455 31 19 28
-0.957211 0.148954 -0.248113 82.786499
67759 31 19 29
-0.855238 0.005278 -0.518208 75.137848
70063 31 19 30
-0.749002 -0.065063 -0.659365 62.413971
53983 31 20 23
-0.488637 0.840490 0.234115 90.938576
65503 31 20 28
-0.927813 0.047116 -0.370058 84.412552
54031 31 21 23
-0.775786 0.578992 0.250846 99.132309
65551 31 21 28
-0.920532 0.044646 -0.388107 85.163010
54079 31 22 23
-0.976396 0.114477 0.183154 102.302162
63295 31 22 27
-0.985898 0.039580 -0.162598 91.216644
65599 31 22 28
-0.943017 0.083921 -0.321987 86.483482
54127 31 23 23
-0.980182 -0.171348 0.099412 101.731941
63343 31 23 27
-0.995322 0.047218 -0.084293 92.048615
65647 31 23 28
-0.968047 0.098360 -0.230676 88.649460
51871 31 24 22
-0.856077 -0.205670 0.474165 94.677017
54175 31 24 23
-0.960811 -0.268639 0.068377 98.718460
40399 31 25 17
-0.675091 0.510557 0.532525 56.978424
42703 31 25 18
-0.800576 0.480981 0.357402 65.022499
54223 31 25 23
-0.950213 -0.301504 0.078683 94.089447
38143 31 26 16
-0.492850 0.375910 0.784723 53.025551
40447 31 26 17
-0.720424 0.382728 0.578367 64.966827
42751 31 26 18
-0.900830 0.320537 0.292852 71.910904
54271 31 26 23
-0.938184 -0.328818 0.108121 88.161591
40495 31 27 17
-0.731194 0.226271 0.643551 69.545212
42799 31 27 18
-0.975496 0.066623 0.209687 74.758072
45103 31 27 19
-0.990379 -0.125332 -0.058669 75.307884
52015 31 27 22
-0.882585 -0.438829 0.168737 77.805519
54319 31 27 23
-0.916998 -0.374582 0.137121 80.885109
63535 31 27 27
-0.953048 -0.281434 -0.111780 85.584076
65839 31 27 28
-0.890815 -0.351831 -0.287512 79.848541
42847 31 28 18
-0.913558 -0.406348 0.017113 73.626816
45151 31 28 19
-0.810583 -0.508647 -0.290230 71.955780
52063 31 28 22
-0.837001 -0.530675 0.133466 69.183807
63583 31 28 27
-0.881215 -0.436761 -0.180831 75.136787
65887 31 28 28
-0.795379 -0.496341 -0.347875 67.577240
33775 31 31 14
0.303598 -0.479905 0.823116 41.803612
36079 31 31 15
0.527453 -0.668440 0.524387 49.770592
65408 32 18 28
-0.943826 0.312162 -0.108382 59.135811
67712 32 18 29
-0.927535 0.172341 -0.331629 54.526508
70016 32 18 30
-0.853366 0.065076 -0.517235 45.600727
56240 32 19 24
-0.597090 0.801788 -0.024892 71.195938
65456 32 19 28
-0.954917 0.155071 -0.253155 63.951637
67760 32 19 29
-0.895969 0.033790 -0.442829 56.590221
53984 32 20 23
-0.745046 0.620682 0.244254 81.958031
56288 32 20 24
-0.794812 0.590559 -0.139692 82.552422
65504 32 20 28
-0.932358 0.039469 -0.359376 65.850578
54032 32 21 23
-0.932291 0.289550 0.216783 88.860031
56336 32 21 24
-0.944116 0.215167 -0.249696 88.334282
63248 32 21 27
-0.956453 0.010296 -0.291705 72.987946
65552 32 21 28
-0.918531 -0.008718 -0.395254 66.061462
54080 32 22 23
-0.990284 -0.046936 0.130896 90.454659
63296 32 22 27
-0.960831 -0.053223 -0.271978 72.453461
65600 32 22 28
-0.931175 -0.009992 -0.364435 65.806740
54128 32 23 23
-0.968913 -0.243334 0.044677 87.956444
63344 32 23 27
-0.976842 -0.066967 -0.203213 71.148483
65648 32 23 28
-0.954947 -0.003140 -0.296761 65.679092
51872 32 24 22
-0.909333 -0.246210 0.335402 79.800781
54176 32 24 23
-0.945677 -0.325033 -0.006960 82.792923
40400 32 25 17
-0.751061 0.508425 0.421203 43.883976
51920 32 25 22
-0.927459 -0.312845 0.204813 74.532166
40448 32 26 17
-0.774286 0.472056 0.421479 52.350075
51968 32 26 22
-0.932080 -0.347964 0.100734 68.345833
63488 32 26 27
-0.983765 -0.161423 -0.078415 64.722168
42800 32 27 18
-0.909418 0.401976 0.106649 63.284790
52016 32 27 22
-0.924322 -0.381489 0.009725 61.988380
63536 32 27 27
-0.957920 -0.267641 -0.103714 59.341125
65840 32 27 28
-0.919990 -0.301615 -0.250295 54.946964
63584 32 28 27
-0.907450 -0.393012 -0.148577 51.223759
65888 32 28 28
-0.854115 -0.430474 -0.291854 46.071602
36032 32 30 15
0.288948 0.013813 0.957245 59.126560
33776 32 31 14
0.130486 -0.394075 0.909768 44.670242
36080 32 31 15
0.364618 -0.592765 0.718111 55.480431
56241 33 19 24
-0.769829 0.635145 -0.062887 58.832130
56289 33 20 24
-0.912369 0.388128 -0.130148 68.334518
56337 33 21 24
-0.978131 0.091420 -0.186820 72.658051
56385 33 22 24
-0.965921 -0.141582 -0.216683 72.003494
54129 33 23 23
-0.969336 -0.243837 0.030521 69.920944
56433 33 23 24
-0.936558 -0.272442 -0.220532 67.701447
51873 33 24 22
-0.937794 -0.241519 0.249421 61.864918
54177 33 24 23
-0.946654 -0.321154 -0.026586 64.052330
63393 33 24 27
-0.970363 -0.129703 -0.203896 48.434505
51921 33 25 22
-0.949758 -0.282583 0.134563 56.677826
63441 33 25 27
-0.978453 -0.144200 -0.147770 45.697407
36033 33 30 15
-0.113966 0.146550 0.982616 60.203068
38337 33 30 16
0.102650 0.156234 0.982372 70.926025
40641 33 30 17
0.902639 0.090253 0.420829 75.845581
36081 33 31 15
-0.027419 -0.495409 0.868227 57.787048
38385 33 31 16
0.231131 -0.752706 0.616451 67.329926
40689 33 31 17
0.531937 -0.842765 0.082402 71.257210
38433 33 32 16
0.176952 -0.931923 0.316554 54.931225
40737 33 32 17
0.342341 -0.939285 0.023361 57.779015
56242 34 19 24
-0.871747 0.484377 -0.073738 43.534912
56290 34 20 24
-0.958381 0.263142 -0.110737 50.567474
56338 34 21 24
-0.988945 0.039206 -0.143004 53.473911
56386 34 22 24
-0.976342 -0.137879 -0.166571 52.368534
56434 34 23 24
-0.951138 -0.251420 -0.179235 48.317665
51874 34 24 22
-0.958060 -0.207960 0.197163 43.401188
38338 34 30 16
-0.471368 0.249185 0.846002 68.443436
40642 34 30 17
-0.426933 0.462041 0.777333 76.469765
42946 34 30 18
0.409489 0.902825 -0.131251 78.811401
36082 34 31 15
-0.403027 -0.355813 0.843188 54.321209
38386 34 31 16
-0.353067 -0.549244 0.757413 66.364372
40690 34 31 17
-0.127630 -0.860771 0.492731 73.841110
42994 34 31 18
0.339080 -0.938551 -0.064387 75.870163
45298 34 31 19
0.608928 -0.689547 -0.392085 73.033424
38434 34 32 16
-0.193374 -0.862639 0.467398 54.791763
40738 34 32 17
-0.018047 -0.975049 0.221256 60.829872
40643 35 30 17
-0.723569 0.305548 0.618941 69.876236
42947 35 30 18
-0.705252 0.522419 0.479268 76.389870
45251 35 30 19
-0.233749 0.972295 -0.002117 78.481667
47555 35 30 20
0.573313 0.652327 -0.495764 76.601295
40691 35 31 17
-0.641992 -0.485200 0.593656 68.544044
42995 35 31 18
-0.511575 -0.750079 0.419133 74.929367
45299 35 31 19
0.008318 -0.999906 0.010866 77.048599
47603 35 31 20
0.558558 -0.751575 -0.350925 75.307480
49907 35 31 21
0.742679 -0.493249 -0.452917 70.423676
43043 35 32 18
-0.217685 -0.954576 0.203465 62.290829
45347 35 32 19
0.036506 -0.999274 0.010935 64.141434
45252 36 30 19
-0.763951 0.470720 0.441363 73.302834
47556 36 30 20
-0.511860 0.818059 0.262256 76.926704
49860 36 30 21
0.283064 0.937257 -0.203530 77.207275
42996 36 31 18
-0.769743 -0.380155 0.512814 65.876816
45300 36 31 19
-0.701895 -0.551817 0.450380 72.791702
47604 36 31 20
-0.401396 -0.870994 0.283284 76.621635
49908 36 31 21
0.374437 -0.913594 -0.158564 77.151299
52212 36 31 22
0.735398 -0.553245 -0.391291 74.408752
47652 36 32 20
-0.133545 -0.983505 0.122003 64.417572
49956 36 32 21
0.156439 -0.986731 -0.043456 65.091400
49861 37 30 21
-0.657132 0.640532 0.397362 74.671188
52165 37 30 22
-0.204709 0.970219 0.129495 77.309326
54469 37 30 23
0.454767 0.843482 -0.285875 76.548912
47605 37 31 20
-0.776049 -0.392227 0.493869 69.194687
49909 37 31 21
-0.666800 -0.594571 0.449291 75.134621
52213 37 31 22
-0.195903 -0.961990 0.190254 78.020416
54517 37 31 23
0.569343 -0.758288 -0.317566 77.408829
56821 37 31 24
0.753309 -0.443438 -0.485684 73.224373
49957 37 32 21
-0.314684 -0.920527 0.231528 63.656075
52261 37 32 22
-0.052159 -0.996148 0.070489 66.296539
54565 37 32 23
0.226963 -0.966929 -0.116341 65.907501
56869 37 32 24
0.439859 -0.854037 -0.277750 62.404713
52166 38 30 22
-0.752824 0.497501 0.430986 71.093658
54470 38 30 23
-0.588936 0.756196 0.285170 75.613861
56774 38 30 24
-0.091164 0.986778 -0.134009 76.560104
52214 38 31 22
-0.788537 -0.399183 0.467827 71.955727
54518 38 31 23
-0.679708 -0.647682 0.344246 76.648041
56822 38 31 24
-0.112615 -0.977023 -0.180953 77.658585
59126 38 31 25
0.485102 -0.619293 -0.617375 74.462517
61430 38 31 26
0.595189 -0.370830 -0.712906 67.028419
52262 38 32 22
-0.484342 -0.823246 0.296107 61.249172
54566 38 32 23
-0.290768 -0.944559 0.152517 65.340988
56870 38 32 24
-0.032493 -0.998064 -0.053033 66.246574
56775 39 30 24
-0.785779 0.548784 0.285283 70.892624
59079 39 30 25
-0.627071 0.775547 -0.072859 72.496376
61383 39 30 26
-0.177144 0.759146 -0.626352 69.314453
56823 39 31 24
-0.851646 -0.423208 0.309185 71.938225
59127 39 31 25
-0.746407 -0.659024 -0.092538 73.541512
61431 39 31 26
-0.211692 -0.643522 -0.735572 70.236008
63735 39 31 27
0.144551 -0.400311 -0.904907 61.925442
66039 39 31 28
0.246161 -0.270611 -0.930685 49.743244
59175 39 32 25
-0.317431 -0.947390 -0.041107 62.722797
61479 39 32 26
-0.095507 -0.941001 -0.324646 59.850426
61384 40 30 26
-0.851964 0.502816 -0.146060 63.047989
63688 40 30 27
-0.610553 0.490215 -0.622024 58.578381
59128 40 31 25
-0.930093 -0.304746 0.205079 63.158836
61432 40 31 26
-0.901680 -0.399386 -0.165723 63.805336
63736 40 31 27
-0.636864 -0.407119 -0.654720 59.100655
66040 40 31 28
-0.313735 -0.315995 -0.895387 49.516914
59176 40 32 25
-0.664843 -0.733115 0.143272 53.832054
61480 40 32 26
-0.561886 -0.820011 -0.108934 54.305294
63784 40 32 27
-0.402250 -0.815382 -0.416350 50.169273
66088 40 32 28
-0.236823 -0.711486 -0.661591 41.865536
68249 41 29 29
-0.443353 0.565176 -0.695711 27.880157
68297 41 30 29
-0.527513 0.205005 -0.824441 32.840202
63737 41 31 27
-0.920696 -0.271208 -0.280651 48.552795
66041 41 31 28
-0.740445 -0.268104 -0.616329 42.249931
63785 41 32 27
-0.717504 -0.658297 -0.227669 41.104111
66089 41 32 28
-0.592037 -0.633116 -0.498655 35.585373
68250 42 29 29
-0.693267 0.472107 -0.544515 21.166040
68298 42 30 29
-0.772822 0.153522 -0.615774 24.770706
