2.000000
48 48 48
11.878893 27.679979 34.336682
-36.121105 -20.320021 -13.663319
83.034262 3205.602725 760.709625
54249 9 26 23
0.795757 0.316661 -0.516233 58.126282
51993 9 27 22
0.998971 0.032277 -0.031858 66.035339
54297 9 27 23
0.841500 0.068710 -0.535871 61.478088
56601 9 27 24
0.580645 0.090283 -0.809136 50.152191
54345 9 28 23
0.841756 -0.272476 -0.466051 59.868156
56649 9 28 24
0.609124 -0.153398 -0.778098 49.654316
56697 9 29 24
0.642508 -0.355956 -0.678586 45.529900
49450 10 22 21
0.996142 -0.059322 0.064670 70.667648
51754 10 22 22
0.971255 0.020110 -0.237190 68.974556
54058 10 22 23
0.855199 0.056702 -0.515189 61.065441
51946 10 26 22
0.858634 0.445436 -0.253642 75.900864
54250 10 26 23
0.541193 0.326952 -0.774734 68.626930
49690 10 27 21
0.912241 0.048983 0.406714 77.860558
51994 10 27 22
0.954131 0.072203 -0.290552 79.260765
54298 10 27 23
0.540279 0.083083 -0.837374 71.826736
56602 10 27 24
0.288525 0.085697 -0.953629 57.541847
49738 10 28 21
0.838663 -0.410724 0.357701 74.941475
52042 10 28 22
0.859778 -0.474174 -0.189582 76.723076
54346 10 28 23
0.570369 -0.308388 -0.761299 70.322830
56650 10 28 24
0.314989 -0.132068 -0.939862 57.203583
52090 10 29 22
0.710303 -0.702879 -0.037817 68.186577
54394 10 29 23
0.598904 -0.580560 -0.551602 64.038002
56698 10 29 24
0.395377 -0.329692 -0.857310 53.504517
56746 10 30 24
0.511910 -0.463288 -0.723404 47.724232
54490 10 31 23
0.703798 -0.695018 -0.147033 45.693958
56794 10 31 24
0.614571 -0.550114 -0.565400 40.994335
54538 10 32 23
0.725097 -0.687440 -0.040763 36.612572
44795 11 21 19
0.921423 -0.077763 0.380701 81.561752
47099 11 21 20
0.968727 0.119596 0.217404 86.898834
49403 11 21 21
0.958971 0.279636 -0.046676 88.494331
51707 11 21 22
0.869129 0.342823 -0.356493 84.719093
54011 11 21 23
0.727809 0.321992 -0.605488 74.626923
56315 11 21 24
0.592334 0.271012 -0.758745 59.261230
47147 11 22 20
0.838769 -0.372277 0.397337 84.349754
49451 11 22 21
0.964714 -0.242584 0.102372 88.742149
51755 11 22 22
0.935966 -0.109879 -0.334506 86.883263
54059 11 22 23
0.759583 -0.029693 -0.649732 77.634964
56363 11 22 24
0.598360 0.002138 -0.801225 62.210121
51803 11 23 22
0.887424 -0.362682 -0.284501 82.846695
54107 11 23 23
0.710638 -0.228347 -0.665470 74.877426
51947 11 26 22
0.566120 0.559702 -0.605179 83.160454
54251 11 26 23
0.264521 0.246239 -0.932414 74.095108
47387 11 27 20
0.696861 0.165313 0.697894 81.106590
49691 11 27 21
0.911159 0.213801 0.352247 87.998169
51995 11 27 22
0.602124 0.161116 -0.781977 86.478149
54299 11 27 23
0.194223 0.075609 -0.978039 76.585724
47435 11 28 20
0.738867 -0.330588 0.587186 79.747696
49739 11 28 21
0.812933 -0.530551 0.240117 86.057487
52043 11 28 22
0.602542 -0.538082 -0.589415 84.656929
54347 11 28 23
0.235798 -0.246472 -0.940027 75.492851
49787 11 29 21
0.631770 -0.745249 0.213240 76.914162
54539 11 32 23
0.712132 -0.687230 -0.143467 45.829063
56843 11 32 24
0.568036 -0.595076 -0.568524 41.258331
54587 11 33 23
0.705079 -0.701158 -0.106029 36.881298
56891 11 33 24
0.569248 -0.679733 -0.462515 33.198914
37788 12 19 16
0.674694 0.469427 0.569584 65.301079
40092 12 19 17
0.689203 0.645637 0.328865 73.830406
42396 12 19 18
0.620732 0.777077 0.104130 77.740219
37836 12 20 16
0.674296 -0.061707 0.735879 69.390015
40140 12 20 17
0.790302 0.076680 0.607901 80.602112
42444 12 20 18
0.841604 0.345573 0.415069 87.651634
44748 12 20 19
0.755543 0.620393 0.210396 91.554970
40188 12 21 17
0.530807 -0.547427 0.646968 76.129341
42492 12 21 18
0.591977 -0.511816 0.622581 86.104469
44796 12 21 19
0.710986 -0.334199 0.618716 93.759399
47100 12 21 20
0.882752 0.026080 0.469115 99.348587
49404 12 21 21
0.933997 0.357250 0.004763 101.739189
51708 12 21 22
0.771816 0.424841 -0.473086 98.614128
54012 12 21 23
0.581957 0.359853 -0.729268 88.198616
56316 12 21 24
0.448702 0.290415 -0.845178 71.158745
58620 12 21 25
0.362989 0.240867 -0.900123 50.908253
42540 12 22 18
0.303703 -0.744909 0.594033 74.909737
44844 12 22 19
0.329000 -0.717464 0.614007 85.565147
47148 12 22 20
0.457453 -0.670520 0.584071 94.584366
49452 12 22 21
0.752529 -0.594813 0.282662 100.130936
51756 12 22 22
0.850432 -0.330269 -0.409497 99.435905
54060 12 22 23
0.636109 -0.110943 -0.763582 90.530930
56364 12 22 24
0.486621 -0.024163 -0.873279 74.098854
51804 12 23 22
0.694803 -0.676405 -0.244387 93.042412
47388 12 27 20
0.603635 0.427525 0.672939 89.601418
49692 12 27 21
0.768007 0.640440 0.000700 93.396904
45132 12 28 19
0.697689 -0.152643 0.699951 80.856285
47436 12 28 20
0.779909 -0.307957 0.544889 90.354996
49740 12 28 21
0.829475 -0.548302 -0.106470 93.216606
45180 12 29 19
0.656517 -0.528960 0.537762 73.778160
47484 12 29 20
0.652464 -0.664325 0.364642 82.596390
49788 12 29 21
0.628277 -0.777562 0.025806 85.941650
56844 12 32 24
0.457178 -0.524160 -0.718501 47.855427
59148 12 32 25
0.263452 -0.386375 -0.883916 36.671604
56892 12 33 24
0.459002 -0.644391 -0.611619 39.956001
37789 13 19 16
0.498243 0.533971 0.683102 75.751266
40093 13 19 17
0.498450 0.783839 0.370329 83.627045
42397 13 19 18
0.410756 0.908184 0.080509 86.549850
35533 13 20 15
0.355625 -0.208899 0.910984 63.465321
37837 13 20 16
0.409102 -0.223005 0.884819 78.447922
40141 13 20 17
0.477599 -0.145483 0.866449 88.539169
42445 13 20 18
0.515386 0.328739 0.791396 94.195358
44749 13 20 19
0.365244 0.828129 0.425205 97.495514
40189 13 21 17
0.092988 -0.777322 0.622193 81.450401
42493 13 21 18
-0.020658 -0.789141 0.613864 89.959686
44797 13 21 19
-0.070446 -0.660706 0.747331 97.044128
47101 13 21 20
0.107764 -0.314349 0.943171 103.486229
49405 13 21 21
0.726252 0.459660 0.511146 107.775444
51709 13 21 22
0.600217 0.568382 -0.562745 106.578171
54013 13 21 23
0.396341 0.419557 -0.816631 97.125946
56317 13 21 24
0.292709 0.334385 -0.895828 79.666779
58621 13 21 25
0.234934 0.285598 -0.929107 57.874092
42541 13 22 18
-0.094930 -0.831091 0.547974 76.718216
44845 13 22 19
-0.124956 -0.778950 0.614511 86.952751
47149 13 22 20
-0.048654 -0.730558 0.681115 96.973503
49453 13 22 21
0.226327 -0.773265 0.592316 104.766457
51757 13 22 22
0.728008 -0.609209 -0.314433 106.674896
54061 13 22 23
0.529797 -0.122418 -0.839243 99.628471
56365 13 22 24
0.389503 0.019172 -0.920825 83.589890
47389 13 27 20
0.462813 0.734993 0.495569 95.010704
42829 13 28 18
0.650120 0.020212 0.759563 79.810837
45133 13 28 19
0.719457 -0.019143 0.694273 91.907799
47437 13 28 20
0.896900 -0.119005 0.425920 98.360741
49741 13 28 21
0.855219 -0.231910 -0.463485 98.596550
42877 13 29 18
0.644513 -0.428288 0.633382 75.236481
45181 13 29 19
0.670428 -0.543791 0.504795 86.677124
47485 13 29 20
0.705770 -0.658162 0.262128 93.083748
49789 13 29 21
0.711991 -0.679228 -0.178097 93.927917
56845 13 32 24
0.295413 -0.457287 -0.838821 53.120888
59149 13 32 25
0.125680 -0.346834 -0.929468 39.527466
35486 14 19 15
0.261939 0.282138 0.922923 68.436821
37790 14 19 16
0.297786 0.515098 0.803739 81.323311
40094 14 19 17
0.281764 0.849363 0.446308 88.102753
35534 14 20 15
0.141027 -0.337918 0.930550 67.854301
37838 14 20 16
0.062944 -0.469588 0.880639 81.547935
40142 14 20 17
-0.160239 -0.607213 0.778213 89.735077
42446 14 20 18
-0.496023 -0.440784 0.748111 94.046913
53966 14 20 23
0.122855 0.714370 -0.688899 90.121552
40190 14 21 17
-0.231459 -0.857315 0.459824 79.925827
42494 14 21 18
-0.360926 -0.813045 0.456826 86.819435
44798 14 21 19
-0.394318 -0.665839 0.633382 93.898750
54014 14 21 23
0.176115 0.501954 -0.846773 101.820694
56318 14 21 24
0.119525 0.400761 -0.908353 84.422020
58622 14 21 25
0.092231 0.350985 -0.931828 61.903568
54062 14 22 23
0.411519 0.019879 -0.911184 105.715698
56366 14 22 24
0.258382 0.146164 -0.954921 90.471878
42830 14 28 18
0.617142 0.172958 0.767608 90.912292
45134 14 28 19
0.705173 0.234811 0.669026 100.463570
47438 14 28 20
0.921137 0.265424 0.284703 104.847755
49742 14 28 21
0.883554 0.087752 -0.460035 104.216835
42878 14 29 18
0.622689 -0.440868 0.646446 88.026123
45182 14 29 19
0.681205 -0.536933 0.497657 97.663040
47486 14 29 20
0.778624 -0.596921 0.193468 102.307785
49790 14 29 21
0.797555 -0.518963 -0.307545 101.873421
56798 14 31 24
0.129882 -0.288490 -0.948633 61.999607
59102 14 31 25
0.017615 -0.216623 -0.976096 45.039867
56846 14 32 24
0.071493 -0.430393 -0.899806 56.007118
52334 14 34 22
0.355759 -0.903205 -0.240116 55.040939
54638 14 34 23
0.159836 -0.779794 -0.605288 48.778904
52382 14 35 22
0.252212 -0.938451 -0.236008 42.633827
54686 14 35 23
0.125590 -0.828622 -0.545540 36.960052
52430 14 36 22
0.183392 -0.958195 -0.219611 30.122974
46959 15 18 20
0.440141 0.891174 -0.109932 82.368439
49263 15 18 21
0.353344 0.883880 -0.306437 78.548859
35487 15 19 15
0.179127 0.179517 0.967309 71.881752
37791 15 19 16
0.205383 0.343843 0.916291 83.899544
40095 15 19 17
0.236700 0.711142 0.662005 89.752808
49311 15 19 21
0.248994 0.942399 -0.223352 94.288635
51615 15 19 22
0.116984 0.851569 -0.511023 87.799614
53919 15 19 23
0.013376 0.736225 -0.676605 74.513000
35535 15 20 15
0.034771 -0.475354 0.879107 69.156433
37839 15 20 16
-0.086300 -0.689863 0.718778 81.113510
40143 15 20 17
-0.275220 -0.841954 0.464077 87.524994
51663 15 20 22
-0.009672 0.861608 -0.507482 102.165092
53967 15 20 23
-0.062841 0.676476 -0.733779 90.771553
51711 15 21 22
-0.129687 0.888260 -0.440653 110.577675
54015 15 21 23
-0.078593 0.558046 -0.826080 102.597626
51759 15 22 22
0.418028 -0.326923 0.847569 112.538857
54063 15 22 23
0.095144 0.313936 -0.944665 108.672607
56367 15 22 24
0.027503 0.304718 -0.952045 93.555717
54111 15 23 23
0.583413 -0.109991 -0.804693 109.690308
56415 15 23 24
0.232767 0.112592 -0.965993 97.635017
58719 15 23 25
0.142352 0.167570 -0.975529 77.026138
56463 15 24 24
0.442857 -0.079904 -0.893025 97.883041
58767 15 24 25
0.274340 0.011202 -0.961567 79.130951
56511 15 25 24
0.532250 -0.219085 -0.817748 95.255013
58815 15 25 25
0.348028 -0.147247 -0.925848 77.592705
56559 15 26 24
0.496566 -0.296907 -0.815640 90.593231
58863 15 26 25
0.341423 -0.267605 -0.901009 72.911819
56607 15 27 24
0.388567 -0.316535 -0.865345 84.785965
58911 15 27 25
0.275320 -0.319846 -0.906585 66.321999
40527 15 28 17
0.533361 0.257831 0.805636 87.288322
42831 15 28 18
0.525410 0.388017 0.757223 99.111168
45135 15 28 19
0.569547 0.533085 0.625649 106.634544
40575 15 29 17
0.547561 -0.377221 0.746914 85.810600
42879 15 29 18
0.570963 -0.454235 0.683865 98.102188
45183 15 29 19
0.654095 -0.521091 0.548291 106.115166
54447 15 30 23
0.140612 -0.355842 -0.923907 85.468246
56751 15 30 24
0.011604 -0.270335 -0.962696 68.139343
52191 15 31 22
0.270534 -0.724544 -0.633914 89.923233
54495 15 31 23
0.020486 -0.466088 -0.884501 78.828560
56799 15 31 24
-0.094001 -0.334131 -0.937827 62.323952
52239 15 32 22
0.109851 -0.845926 -0.521863 80.349037
54543 15 32 23
-0.089592 -0.580071 -0.809624 70.335861
52287 15 33 22
-0.037391 -0.900888 -0.432438 69.133995
54591 15 33 23
-0.163164 -0.668352 -0.725729 60.015240
47727 15 34 20
0.141011 -0.826149 0.545521 53.095108
50031 15 34 21
0.015314 -0.989792 0.141697 58.278076
52335 15 34 22
-0.125223 -0.921262 -0.368232 56.563759
54639 15 34 23
-0.195259 -0.733694 -0.650820 48.394432
47775 15 35 20
0.030800 -0.880117 0.473756 40.713531
50079 15 35 21
-0.071984 -0.992367 0.100132 44.869686
52383 15 35 22
-0.157901 -0.935252 -0.316814 43.237560
47823 15 36 20
-0.032995 -0.921229 0.387618 28.661959
50127 15 36 21
-0.105072 -0.992176 0.067426 31.628218
52431 15 36 22
-0.158290 -0.949541 -0.270768 30.252594
46912 16 17 20
0.409548 0.891151 -0.195244 74.373901
46960 16 18 20
0.408328 0.897774 -0.165136 89.093231
49264 16 18 21
0.238059 0.856144 -0.458634 84.229843
37792 16 19 16
0.288905 0.043197 0.956383 85.967430
40096 16 19 17
0.519559 -0.009215 0.854385 91.216988
49312 16 19 21
0.096975 0.911405 -0.399921 96.698433
51616 16 19 22
-0.062253 0.749913 -0.658601 88.423729
37840 16 20 16
-0.007588 -0.828674 0.559680 80.352943
40144 16 20 17
-0.087457 -0.945549 0.313509 85.572998
51664 16 20 22
-0.239992 0.742246 -0.625679 100.490593
53968 16 20 23
-0.239778 0.594705 -0.767354 87.413811
51712 16 21 22
-0.459277 0.744783 -0.484110 108.464943
54016 16 21 23
-0.307537 0.537133 -0.785436 99.124817
51760 16 22 22
-0.627025 0.675043 0.388789 112.247261
54064 16 22 23
-0.309915 0.460459 -0.831824 107.192116
54112 16 23 23
-0.161706 0.318146 -0.934149 111.523010
56416 16 23 24
-0.172364 0.269929 -0.947327 98.198318
58720 16 23 25
-0.160738 0.263994 -0.951036 76.833740
61024 16 23 26
-0.141141 0.262488 -0.954557 53.287739
54160 16 24 23
0.247164 -0.028710 -0.968548 112.685974
56464 16 24 24
-0.056567 0.068110 -0.996073 101.377480
58768 16 24 25
-0.096343 0.098591 -0.990453 81.296928
61072 16 24 26
-0.096912 0.114977 -0.988629 57.874180
54208 16 25 23
0.450995 -0.330462 -0.829095 111.425621
56512 16 25 24
0.040415 -0.177049 -0.983372 100.484032
58816 16 25 25
-0.043138 -0.110700 -0.992917 81.197266
61120 16 25 26
-0.062978 -0.071863 -0.995424 58.417580
54256 16 26 23
0.348701 -0.406818 -0.844338 108.350830
56560 16 26 24
0.059898 -0.341734 -0.937886 95.964622
58864 16 26 25
-0.023444 -0.285446 -0.958108 76.667419
61168 16 26 26
-0.049283 -0.243004 -0.968772 54.775738
54304 16 27 23
0.181616 -0.390475 -0.902521 103.933952
56608 16 27 24
0.019346 -0.392353 -0.919611 88.991760
58912 16 27 25
-0.040382 -0.369650 -0.928293 69.097374
61216 16 27 26
-0.060280 -0.345019 -0.936658 48.180000
38224 16 28 16
0.501685 0.269352 0.822047 81.859665
40528 16 28 17
0.445058 0.427975 0.786614 95.064552
42832 16 28 18
0.362005 0.610147 0.704750 104.349266
45136 16 28 19
0.351259 0.718961 0.599760 110.605156
54352 16 28 23
0.040910 -0.365090 -0.930073 98.540535
56656 16 28 24
-0.049632 -0.374705 -0.925815 81.089767
38272 16 29 16
0.501374 -0.343589 0.794085 80.861839
40576 16 29 17
0.482705 -0.412057 0.772790 94.825546
42880 16 29 18
0.475356 -0.468780 0.744501 104.974556
45184 16 29 19
0.534301 -0.524624 0.662791 111.638901
54400 16 29 23
-0.074591 -0.369310 -0.926308 92.290787
56704 16 29 24
-0.132743 -0.343397 -0.929762 73.342812
52144 16 30 22
-0.080509 -0.585055 -0.806988 99.472092
54448 16 30 23
-0.182531 -0.412312 -0.892570 84.956497
52192 16 31 22
-0.211139 -0.695942 -0.686356 89.956543
54496 16 31 23
-0.284195 -0.480639 -0.829590 76.176804
47632 16 32 20
0.073659 -0.931231 0.356907 81.699326
49936 16 32 21
-0.161061 -0.979897 -0.117734 83.836891
52240 16 32 22
-0.326506 -0.757334 -0.565543 78.281181
54544 16 32 23
-0.366335 -0.549611 -0.750817 65.877419
47680 16 33 20
-0.067921 -0.918772 0.388901 66.924843
49984 16 33 21
-0.291607 -0.955094 -0.052541 69.753700
52288 16 33 22
-0.407548 -0.783969 -0.468292 65.267212
54592 16 33 23
-0.418741 -0.606647 -0.675748 54.474823
47728 16 34 20
-0.189767 -0.908072 0.373355 52.528976
50032 16 34 21
-0.370311 -0.928589 -0.024326 55.346867
47776 16 35 20
-0.261849 -0.906848 0.330246 38.875954
50080 16 35 21
-0.394461 -0.918821 -0.012954 41.261700
47824 16 36 20
-0.286158 -0.915552 0.282626 26.532976
50128 16 36 21
-0.380707 -0.924671 -0.006832 28.321714
42305 17 17 18
0.269665 0.946323 0.178197 80.427734
44609 17 17 19
0.262084 0.964995 0.009868 82.166847
46913 17 17 20
0.195012 0.937207 -0.289161 80.020416
37745 17 18 16
0.328687 0.742347 0.583854 84.355209
44657 17 18 19
0.349122 0.935643 0.051826 94.043083
46961 17 18 20
0.163094 0.929102 -0.331920 92.795258
49265 17 18 21
-0.015827 0.771311 -0.636261 86.194359
35489 17 19 15
0.260941 -0.056876 0.963678 78.082634
37793 17 19 16
0.420975 -0.202079 0.884276 88.926163
40097 17 19 17
0.626610 -0.516824 0.583312 93.629784
49313 17 19 21
-0.208444 0.742140 -0.637008 96.160210
37841 17 20 16
0.137533 -0.880796 0.453081 81.287292
40145 17 20 17
0.116081 -0.963729 0.240316 85.826378
49361 17 20 21
-0.584569 0.744088 -0.323438 102.082527
51665 17 20 22
-0.407506 0.569965 -0.713498 95.600548
51713 17 21 22
-0.572352 0.564367 -0.594898 103.350052
51761 17 22 22
-0.749177 0.574841 -0.329078 108.650269
51809 17 23 22
-0.809677 0.516885 0.277944 111.771599
54113 17 23 23
-0.560073 0.334962 -0.757706 106.729019
51857 17 24 22
-0.506355 0.276360 0.816841 113.295921
54161 17 24 23
-0.582367 0.144226 -0.800030 110.002831
56465 17 24 24
-0.473442 0.124671 -0.871957 95.752205
51905 17 25 22
-0.433597 0.085937 0.897000 113.836662
54209 17 25 23
-0.521716 -0.130135 -0.843135 110.096794
56513 17 25 24
-0.450869 -0.093556 -0.887674 96.115677
58817 17 25 25
-0.410531 -0.066606 -0.909411 75.533470
61121 17 25 26
-0.369217 -0.045906 -0.928209 53.230034
51953 17 26 22
-0.588177 -0.314030 -0.745273 113.649574
54257 17 26 23
-0.414515 -0.310857 -0.855304 107.307137
58865 17 26 25
-0.379772 -0.243820 -0.892371 71.635971
61169 17 26 26
-0.349518 -0.219035 -0.910967 50.115467
52001 17 27 22
-0.324923 -0.290933 -0.899879 112.435356
54305 17 27 23
-0.349469 -0.364495 -0.863143 102.243530
61217 17 27 26
-0.328003 -0.333027 -0.884029 43.866810
38225 17 28 16
0.456371 0.399458 0.795084 89.964943
40529 17 28 17
0.329063 0.619731 0.712497 100.079956
42833 17 28 18
0.194766 0.757965 0.622539 107.178238
52049 17 28 22
-0.312301 -0.352612 -0.882118 109.453873
54353 17 28 23
-0.334931 -0.372366 -0.865543 95.560379
38273 17 29 16
0.464611 -0.389761 0.795125 89.698906
40577 17 29 17
0.415601 -0.445571 0.792932 101.008446
42881 17 29 18
0.351264 -0.474438 0.807169 108.990364
52097 17 29 22
-0.337944 -0.443966 -0.829872 103.877190
54401 17 29 23
-0.355886 -0.386622 -0.850805 87.617500
40625 17 30 17
0.314669 -0.764558 0.562526 90.454826
49841 17 30 21
-0.301510 -0.780778 -0.547245 105.922050
52145 17 30 22
-0.381624 -0.540582 -0.749756 95.226471
47585 17 31 20
-0.098098 -0.993918 0.050047 96.637436
49889 17 31 21
-0.340178 -0.850195 -0.401806 93.801956
52193 17 31 22
-0.434489 -0.619716 -0.653584 83.706375
47633 17 32 20
-0.166949 -0.980648 0.102262 80.669304
49937 17 32 21
-0.397372 -0.868538 -0.296205 78.905815
42306 18 17 18
0.069827 0.988518 0.133998 83.274796
44610 18 17 19
-0.017119 0.998061 -0.059849 84.069687
46914 18 17 20
-0.104201 0.916919 -0.385230 80.726517
49218 18 17 21
-0.152502 0.746781 -0.647350 71.429527
37746 18 18 16
0.306517 0.763867 0.567938 88.788681
42354 18 18 18
0.213882 0.971858 0.098724 95.427444
44658 18 18 19
-0.009542 0.990883 -0.134386 95.433868
46962 18 18 20
-0.200341 0.834596 -0.513141 92.494507
49266 18 18 21
-0.252673 0.635727 -0.729388 83.858467
35490 18 19 15
0.301307 -0.106785 0.947529 82.348503
37794 18 19 16
0.512741 -0.291312 0.807610 92.879158
40098 18 19 17
0.710570 -0.595454 0.374867 96.865517
49314 18 19 21
-0.384255 0.540003 -0.748829 92.478622
35538 18 20 15
0.214067 -0.687977 0.693443 74.827477
37842 18 20 16
0.253128 -0.880937 0.399845 84.338791
40146 18 20 17
0.268932 -0.942607 0.197907 88.491966
49362 18 20 21
-0.571474 0.509992 -0.642904 97.972466
49410 18 21 21
-0.825522 0.556059 -0.096499 101.337349
51714 18 21 22
-0.553285 0.443839 -0.704899 95.605911
51762 18 22 22
-0.662890 0.435222 -0.609228 101.752663
51810 18 23 22
-0.783355 0.378397 -0.493124 106.209175
54114 18 23 23
-0.621385 0.267755 -0.736334 95.975380
51858 18 24 22
-0.873951 0.235838 -0.424958 108.888374
54162 18 24 23
-0.667476 0.124652 -0.734124 99.965675
51906 18 25 22
-0.857129 0.034050 -0.513974 109.919563
54210 18 25 23
-0.664324 -0.050267 -0.745752 100.673180
51954 18 26 22
-0.722024 -0.131685 -0.679220 109.422699
54258 18 26 23
-0.611146 -0.195492 -0.766996 98.195007
52002 18 27 22
-0.588258 -0.234533 -0.773916 107.253517
54306 18 27 23
-0.546134 -0.281415 -0.789014 93.063293
35922 18 28 15
0.499940 0.318163 0.805501 84.882111
38226 18 28 16
0.401869 0.569320 0.717200 95.867805
40530 18 28 17
0.219777 0.781623 0.583750 103.052895
49746 18 28 21
-0.597456 -0.227973 -0.768814 113.177437
52050 18 28 22
-0.513735 -0.318557 -0.796616 102.934509
35970 18 29 15
0.472886 -0.374214 0.797711 83.996864
38274 18 29 16
0.442833 -0.431383 0.786008 96.452385
40578 18 29 17
0.376452 -0.450981 0.809259 105.076019
49794 18 29 21
-0.490274 -0.495215 -0.717213 108.992577
52098 18 29 22
-0.484832 -0.406164 -0.774576 95.869041
40626 18 30 17
0.295543 -0.795409 0.529131 95.965302
47538 18 30 20
-0.295851 -0.901866 -0.314817 107.253494
49842 18 30 21
-0.443015 -0.649263 -0.618220 99.883133
52146 18 30 22
-0.482198 -0.493926 -0.723549 85.774811
47586 18 31 20
-0.243589 -0.942806 -0.227555 93.726654
49890 18 31 21
-0.426928 -0.738652 -0.521657 86.479019
47634 18 32 20
-0.239025 -0.955453 -0.173136 76.860153
46867 19 16 20
-0.212778 0.925459 -0.313452 61.160332
49171 19 16 21
-0.224161 0.793790 -0.565375 52.533810
44611 19 17 19
-0.172455 0.972333 -0.157568 82.318924
46915 19 17 20
-0.254467 0.857985 -0.446215 77.476463
49219 19 17 21
-0.270721 0.682431 -0.678968 67.070763
37747 19 18 16
0.255222 0.825985 0.502603 92.614456
46963 19 18 20
-0.288951 0.739701 -0.607742 89.369476
49267 19 18 21
-0.313159 0.556406 -0.769639 78.703369
35491 19 19 15
0.304256 -0.098696 0.947464 87.017090
37795 19 19 16
0.577861 -0.243942 0.778825 97.429520
40099 19 19 17
0.887672 -0.422147 0.183927 100.684967
35539 19 20 15
0.251303 -0.681175 0.687639 79.305099
37843 19 20 16
0.331528 -0.857700 0.392989 89.085228
40147 19 20 17
0.396758 -0.900987 0.175514 93.131500
47107 19 21 20
0.345312 -0.248657 0.904947 98.226524
49411 19 21 21
-0.484221 0.483376 -0.729299 97.427818
49459 19 22 21
-0.656014 0.627461 -0.419450 100.645828
49507 19 23 21
-0.712286 0.632327 0.304648 102.994385
51811 19 23 22
-0.609499 0.259159 -0.749231 97.821999
49555 19 24 21
-0.644870 0.499460 0.578518 104.832771
51859 19 24 22
-0.667924 0.134006 -0.732065 100.654114
49603 19 25 21
-0.834515 0.491231 0.249553 106.537659
51907 19 25 22
-0.672256 -0.004664 -0.740304 101.536964
49651 19 26 21
-0.848034 0.255477 -0.464294 108.072510
51955 19 26 22
-0.628601 -0.120256 -0.768375 100.530167
49699 19 27 21
-0.666062 -0.044108 -0.744591 108.629890
33619 19 28 14
0.515897 0.207031 0.831257 79.563660
35923 19 28 15
0.481422 0.443028 0.756280 92.220451
38227 19 28 16
0.322187 0.753291 0.573365 99.940453
40531 19 28 17
0.148044 0.876975 0.457163 104.847076
49747 19 28 21
-0.557814 -0.263881 -0.786899 106.762108
33667 19 29 14
0.458151 -0.369841 0.808279 77.565384
35971 19 29 15
0.452372 -0.427799 0.782526 91.785217
38275 19 29 16
0.429980 -0.451372 0.781908 101.489784
40579 19 29 17
0.370686 -0.394744 0.840696 107.866913
47491 19 29 20
-0.497844 -0.559893 -0.662323 111.108910
49795 19 29 21
-0.494023 -0.434459 -0.753118 101.054626
47539 19 30 20
-0.358760 -0.754554 -0.549491 102.680489
49843 19 30 21
-0.449974 -0.563339 -0.692945 90.954597
47587 19 31 20
-0.281663 -0.836605 -0.469849 89.014557
46916 20 17 20
-0.179962 0.850316 -0.494547 73.442467
49220 20 17 21
-0.212957 0.671163 -0.710063 62.086243
37748 20 18 16
0.193477 0.880867 0.432018 95.798042
35492 20 19 15
0.265860 -0.040905 0.963143 91.496292
37796 20 19 16
0.592373 -0.076778 0.801997 102.189384
40100 20 19 17
0.998561 0.001309 0.053616 105.168060
35540 20 20 15
0.256736 -0.649902 0.715342 84.361366
37844 20 20 16
0.378094 -0.819057 0.431497 94.905800
40148 20 20 17
0.508805 -0.840788 0.184914 99.289574
47108 20 21 20
0.917069 0.132380 -0.376111 100.199463
49412 20 21 21
-0.190661 0.365171 -0.911207 94.322968
47156 20 22 20
0.688997 -0.076788 0.720685 100.098984
49460 20 22 21
-0.244223 0.357385 -0.901460 98.052223
49508 20 23 21
-0.353610 0.319434 -0.879160 100.617287
49556 20 24 21
-0.488370 0.216872 -0.845258 102.218346
49604 20 25 21
-0.545058 0.085919 -0.833984 103.115318
49652 20 26 21
-0.528947 -0.035000 -0.847933 103.288231
47396 20 27 20
-0.578474 0.634179 -0.513016 108.904846
49700 20 27 21
-0.498003 -0.157730 -0.852710 102.128693
33620 20 28 14
0.492637 0.263740 0.829307 88.045578
35924 20 28 15
0.410449 0.619769 0.668894 97.514809
38228 20 28 16
0.198215 0.890788 0.408911 102.487206
47444 20 28 20
-0.530924 -0.165341 -0.831133 109.560547
49748 20 28 21
-0.470385 -0.284384 -0.835382 98.546745
33668 20 29 14
0.402945 -0.444900 0.799812 85.880760
35972 20 29 15
0.388017 -0.493826 0.778189 97.591133
38276 20 29 16
0.361682 -0.449619 0.816718 104.928902
47492 20 29 20
-0.434094 -0.474785 -0.765599 105.720535
49796 20 29 21
-0.444979 -0.403504 -0.799486 91.552765
45236 20 30 19
-0.231150 -0.860023 -0.454895 105.586838
47540 20 30 20
-0.363030 -0.628437 -0.687951 96.646835
45284 20 31 19
-0.137538 -0.906583 -0.398986 93.179092
47588 20 31 20
-0.303199 -0.713664 -0.631470 83.247414
43028 20 32 18
0.171335 -0.985042 0.018322 80.739319
45332 20 32 19
-0.067788 -0.922201 -0.380724 77.435036
43076 20 33 18
0.210079 -0.977190 -0.031101 64.337097
45380 20 33 19
-0.010590 -0.926930 -0.375085 60.593609
37749 21 18 16
0.114740 0.905863 0.407735 98.222443
35493 21 19 15
0.177255 0.055136 0.982619 95.092171
37797 21 19 16
0.479259 0.162041 0.862586 106.606087
40101 21 19 17
0.905113 0.410453 0.110897 110.170586
47013 21 19 20
0.221586 0.527490 -0.820155 96.186554
49317 21 19 21
0.025155 0.406558 -0.913279 81.293251
35541 21 20 15
0.228010 -0.593621 0.771768 89.282547
37845 21 20 16
0.380249 -0.765471 0.519100 101.014702
40149 21 20 17
0.577514 -0.777750 0.248161 106.283943
47061 21 20 20
0.359102 0.326407 -0.874359 101.538803
49365 21 20 21
0.019924 0.318445 -0.947732 88.159271
47109 21 21 20
0.599192 0.134002 -0.789311 103.603249
49413 21 21 21
-0.003324 0.263068 -0.964772 93.139816
47157 21 22 20
0.962808 -0.056515 -0.264209 103.834099
49461 21 22 21
-0.041282 0.212023 -0.976392 96.661484
47205 21 23 20
0.872716 -0.064176 0.483992 103.497375
49509 21 23 21
-0.095953 0.137162 -0.985890 98.866310
47253 21 24 20
0.690441 0.093404 0.717333 103.527512
49557 21 24 21
-0.170309 0.036952 -0.984698 99.837364
47301 21 25 20
0.630694 0.422244 0.651103 104.406494
49605 21 25 21
-0.250153 -0.059369 -0.966384 99.689613
47349 21 26 20
0.053796 0.716822 -0.695178 105.872910
49653 21 26 21
-0.312761 -0.141053 -0.939300 98.372948
47397 21 27 20
-0.344010 -0.012729 -0.938880 106.709808
49701 21 27 21
-0.352532 -0.223416 -0.908739 95.437683
33621 21 28 14
0.398331 0.349976 0.847849 93.956390
35925 21 28 15
0.191517 0.821750 0.536700 100.381546
47445 21 28 20
-0.382240 -0.288143 -0.877990 105.069923
33669 21 29 14
0.264994 -0.556208 0.787662 91.523445
35973 21 29 15
0.174328 -0.595524 0.784194 100.761353
45189 21 29 19
-0.419076 -0.557543 -0.716604 109.465614
47493 21 29 20
-0.380367 -0.452748 -0.806437 99.404282
45237 21 30 19
-0.341951 -0.718865 -0.605229 101.849518
42981 21 31 18
-0.176453 -0.970097 -0.166660 95.637764
45285 21 31 19
-0.296060 -0.777718 -0.554530 89.492638
43029 21 32 18
-0.132559 -0.973104 -0.188404 81.270027
45333 21 32 19
-0.252016 -0.806855 -0.534296 74.505630
43077 21 33 18
-0.088018 -0.972899 -0.213825 65.589020
45381 21 33 19
-0.201118 -0.829737 -0.520662 58.747662
38517 21 34 16
0.146261 -0.856292 0.495351 45.086643
40821 21 34 17
0.069358 -0.984286 0.162391 50.331326
43125 21 34 18
-0.045696 -0.972930 -0.226539 49.739544
45429 21 34 19
-0.147271 -0.855506 -0.496408 43.476025
40869 21 35 17
0.074101 -0.992556 0.096649 35.711330
43173 21 35 18
-0.013173 -0.974992 -0.221849 34.747837
37750 22 18 16
0.008420 0.899675 0.436479 99.319252
40054 22 18 17
0.135563 0.983286 0.121539 104.163231
46966 22 18 20
0.287340 0.679883 -0.674681 90.270599
35494 22 19 15
0.042348 0.172765 0.984052 96.965393
37798 22 19 16
0.222894 0.377395 0.898828 109.742493
40102 22 19 17
0.633862 0.700481 0.327941 114.801674
47014 22 19 20
0.336267 0.470802 -0.815641 100.684448
49318 22 19 21
0.167455 0.348313 -0.922300 83.510880
35542 22 20 15
0.159599 -0.505005 0.848233 93.228462
37846 22 20 16
0.315608 -0.685402 0.656214 106.354507
40150 22 20 17
0.564566 -0.727374 0.390118 112.930634
47062 22 20 20
0.386478 0.254174 -0.886584 106.185226
49366 22 20 21
0.135077 0.243732 -0.960390 89.867142
47110 22 21 20
0.477897 0.069877 -0.875632 108.103981
47158 22 22 20
0.667241 -0.080908 -0.740435 108.080307
49462 22 22 21
0.067947 0.130446 -0.989124 96.991364
47206 22 23 20
0.901249 -0.165620 -0.400401 107.392296
49510 22 23 21
0.038879 0.061914 -0.997324 98.606522
47254 22 24 20
0.975555 -0.123238 -0.181946 106.792511
49558 22 24 21
-0.003969 -0.032245 -0.999472 98.857010
47302 22 25 20
0.781631 -0.056461 -0.621180 106.524132
49606 22 25 21
-0.071012 -0.129255 -0.989065 97.613449
47350 22 26 20
0.116391 -0.128104 -0.984907 106.202133
49654 22 26 21
-0.150342 -0.211720 -0.965698 94.731194
47398 22 27 20
-0.174640 -0.259223 -0.949897 104.705696
49702 22 27 21
-0.223130 -0.285266 -0.932114 89.894188
31318 22 28 13
0.282064 0.048586 0.958165 87.231842
33622 22 28 14
0.061221 0.465120 0.883128 96.375687
35926 22 28 15
-0.254520 0.891835 0.373964 100.315079
45142 22 28 19
-0.414121 -0.297831 -0.860116 109.427399
47446 22 28 20
-0.283787 -0.383098 -0.879034 100.514305
31366 22 29 13
0.142498 -0.602902 0.784986 81.864868
33670 22 29 14
-0.023587 -0.693357 0.720208 93.402176
35974 22 29 15
-0.282847 -0.670838 0.685546 100.465614
45190 22 29 19
-0.406386 -0.580020 -0.705994 105.245743
47494 22 29 20
-0.337603 -0.480305 -0.809525 92.563980
42934 22 30 18
-0.468035 -0.837060 -0.283327 102.899986
45238 22 30 19
-0.410555 -0.663911 -0.625034 95.726357
42982 22 31 18
-0.443612 -0.850147 -0.283652 90.843956
45286 22 31 19
-0.420293 -0.695020 -0.583353 82.403671
38422 22 32 16
-0.239821 -0.829075 0.505094 71.845467
40726 22 32 17
-0.377263 -0.913239 0.153840 77.612602
43030 22 32 18
-0.440345 -0.849045 -0.291922 76.281860
45334 22 32 19
-0.423334 -0.707972 -0.565300 67.519089
38470 22 33 16
-0.250786 -0.834917 0.489918 57.823574
40774 22 33 17
-0.370954 -0.921815 0.112478 62.907726
43078 22 33 18
-0.419914 -0.855997 -0.301564 61.120243
45382 22 33 19
-0.407587 -0.725846 -0.554094 52.766029
38518 22 34 16
-0.242057 -0.868831 0.431905 44.404884
40822 22 34 17
-0.332495 -0.940802 0.065866 48.296593
43126 22 34 18
-0.371527 -0.878785 -0.299507 46.276653
45430 22 34 19
-0.369113 -0.760575 -0.534118 38.996841
38566 22 35 16
-0.211796 -0.912071 0.351096 31.705235
40870 22 35 17
-0.273743 -0.961404 0.027684 34.321930
43174 22 35 18
-0.306952 -0.909078 -0.281704 32.427586
40918 22 36 17
-0.215680 -0.976459 0.003224 21.999006
46919 23 17 20
0.312664 0.811333 -0.493944 81.023819
49223 23 17 21
0.262270 0.622179 -0.737636 66.620026
37751 23 18 16
-0.113687 0.863557 0.491269 98.273407
46967 23 18 20
0.337308 0.651715 -0.679332 96.603226
49271 23 18 21
0.249047 0.448647 -0.858308 79.383751
35495 23 19 15
-0.106901 0.289876 0.951075 96.351784
37799 23 19 16
-0.056121 0.500121 0.864135 110.530624
40103 23 19 17
0.192569 0.809903 0.554053 117.644005
47015 23 19 20
0.335454 0.418647 -0.843923 106.560234
35543 23 20 15
0.052554 -0.371920 0.926776 95.371185
37847 23 20 16
0.165491 -0.543496 0.822937 109.804726
40151 23 20 17
0.408469 -0.657430 0.633197 117.782021
47063 23 20 20
0.323174 0.185669 -0.927947 111.308754
37895 23 21 16
0.240233 -0.782244 0.574789 97.542465
47111 23 21 20
0.345958 0.014041 -0.938145 112.567596
47159 23 22 20
0.449180 -0.101649 -0.887640 112.144516
47207 23 23 20
0.627764 -0.180685 -0.757143 111.202301
49511 23 23 21
0.106648 0.031191 -0.993808 99.943558
47255 23 24 20
0.701442 -0.224686 -0.676384 110.188148
49559 23 24 21
0.091012 -0.066700 -0.993614 99.683426
47303 23 25 20
0.478000 -0.269143 -0.836109 109.009575
49607 23 25 21
0.042423 -0.178645 -0.982999 97.491753
47351 23 26 20
0.125763 -0.325702 -0.937071 107.065125
31271 23 27 13
0.030868 0.860027 0.509314 82.921379
33575 23 27 14
-0.157515 0.981828 0.105838 86.762802
47399 23 27 20
-0.094223 -0.399067 -0.912068 103.242393
29015 23 28 12
0.152654 -0.133890 0.979168 76.324974
31319 23 28 13
-0.091687 -0.052995 0.994377 88.667740
33623 23 28 14
-0.673106 0.378776 0.635183 94.708984
35927 23 28 15
-0.698271 0.666312 0.261622 97.006828
45143 23 28 19
-0.341381 -0.583336 -0.737007 107.095779
47447 23 28 20
-0.217143 -0.477536 -0.851357 96.298042
29063 23 29 12
0.059565 -0.617409 0.784384 68.816460
31367 23 29 13
-0.119752 -0.729425 0.673498 82.181046
33671 23 29 14
-0.384684 -0.754637 0.531546 90.836472
35975 23 29 15
-0.632887 -0.617105 0.467584 96.210312
42887 23 29 18
-0.616716 -0.758424 -0.210843 105.504562
45191 23 29 19
-0.389720 -0.653187 -0.649203 99.785217
38327 23 30 16
-0.520306 -0.761784 0.385963 92.830162
40631 23 30 17
-0.582053 -0.800420 0.143324 96.866562
42935 23 30 18
-0.537954 -0.793806 -0.283687 95.834007
45239 23 30 19
-0.431887 -0.683541 -0.588426 87.528259
38375 23 31 16
-0.485572 -0.794435 0.364818 79.578003
40679 23 31 17
-0.565993 -0.820815 0.076905 83.797791
38423 23 32 16
-0.512586 -0.777737 0.363843 64.794556
44616 24 17 19
0.223470 0.971786 -0.075450 93.781090
46920 24 17 20
0.275723 0.822734 -0.497077 87.724426
49224 24 17 21
0.241163 0.602633 -0.760706 72.861412
46968 24 18 20
0.259783 0.647296 -0.716603 102.539886
49272 24 18 21
0.208730 0.407496 -0.889033 85.100349
35496 24 19 15
-0.233975 0.389152 0.890964 92.885849
37800 24 19 16
-0.258347 0.552686 0.792335 108.241730
40104 24 19 17
-0.202580 0.748611 0.631302 117.398361
47016 24 19 20
0.198598 0.372137 -0.906682 111.180122
49320 24 19 21
0.152693 0.228146 -0.961579 92.551559
35544 24 20 15
-0.079193 -0.190533 0.978481 95.138596
37848 24 20 16
-0.061181 -0.301509 0.951498 110.545563
40152 24 20 17
0.010810 -0.438349 0.898740 119.632309
47064 24 20 20
0.131401 0.123633 -0.983590 114.717491
37896 24 21 16
0.153685 -0.722394 0.674187 101.501801
40200 24 21 17
0.195609 -0.785823 0.586702 111.930817
47112 24 21 20
0.109446 -0.020350 -0.993784 115.291092
47160 24 22 20
0.158236 -0.095016 -0.982819 114.720604
47208 24 23 20
0.288856 -0.163325 -0.943338 113.883385
49512 24 23 21
0.091042 0.032262 -0.995324 101.904205
47256 24 24 20
0.374582 -0.270719 -0.886792 112.836975
49560 24 24 21
0.099510 -0.081651 -0.991681 101.542648
47304 24 25 20
0.234478 -0.375973 -0.896473 111.126778
47352 24 26 20
0.038426 -0.443884 -0.895260 107.899567
31272 24 27 13
-0.298950 0.878834 0.371859 81.372185
47400 24 27 20
-0.097182 -0.505814 -0.857151 101.995720
29016 24 28 12
-0.161354 -0.245607 0.955846 76.480949
31320 24 28 13
-0.630123 -0.224053 0.743468 85.650345
33624 24 28 14
-0.964975 0.068456 0.253254 89.222031
45144 24 28 19
-0.339822 -0.721202 -0.603647 103.972343
29064 24 29 12
-0.159056 -0.715660 0.680097 67.925766
31368 24 29 13
-0.376037 -0.787571 0.488189 78.103195
33672 24 29 14
-0.596570 -0.729456 0.334660 84.141220
42888 24 29 18
-0.566205 -0.811083 -0.146822 99.360413
45192 24 29 19
-0.372592 -0.731833 -0.570610 93.418388
38328 24 30 16
-0.602028 -0.733932 0.314494 83.564804
40632 24 30 17
-0.604892 -0.787967 0.114951 87.562271
42936 24 30 18
-0.531903 -0.812670 -0.238005 86.504036
45240 24 30 19
-0.418854 -0.738189 -0.528808 78.261398
38376 24 31 16
-0.582539 -0.765284 0.273842 68.962128
40680 24 31 17
-0.607093 -0.793636 0.039760 72.352898
44617 25 17 19
0.022404 0.999290 0.030297 96.463066
46921 25 17 20
0.105984 0.854274 -0.508903 91.919083
49225 25 17 21
0.123058 0.593297 -0.795522 77.412827
44665 25 18 19
-0.153061 0.981744 -0.112917 111.497864
46969 25 18 20
0.003608 0.645305 -0.763916 105.102425
49273 25 18 21
0.064862 0.369968 -0.926778 88.518135
35497 25 19 15
-0.327570 0.466149 0.821829 86.678795
37801 25 19 16
-0.388442 0.579671 0.716307 102.675812
40105 25 19 17
-0.446081 0.664426 0.599625 113.301636
47017 25 19 20
-0.134500 0.308290 -0.941736 111.954056
49321 25 19 21
-0.005415 0.176453 -0.984294 94.454369
35545 25 20 15
-0.211337 0.017850 0.977250 92.305260
37849 25 20 16
-0.296688 0.009024 0.954932 108.205162
40153 25 20 17
-0.474025 -0.025017 0.880156 117.812523
47065 25 20 20
-0.225036 0.070129 -0.971824 114.277603
49369 25 20 21
-0.058381 0.089610 -0.994264 97.153511
37897 25 21 16
0.025227 -0.608471 0.793175 103.152153
40201 25 21 17
-0.019353 -0.733485 0.679430 113.257820
47113 25 21 20
-0.270154 -0.018414 -0.962641 114.490257
86281 25 21 37
0.886238 0.057936 -0.459593 45.109074
47161 25 22 20
-0.302712 -0.038242 -0.952314 114.195923
49465 25 22 21
-0.071436 0.107937 -0.991588 100.903564
47209 25 23 20
-0.338658 -0.081580 -0.937366 113.839645
49513 25 23 21
-0.043805 0.060593 -0.997201 102.536659
47257 25 24 20
-0.329913 -0.253632 -0.909301 113.092812
49561 25 24 21
-0.018996 -0.082614 -0.996401 102.472260
47305 25 25 20
-0.243363 -0.437157 -0.865834 111.229355
49609 25 25 21
-0.017873 -0.262781 -0.964690 99.466515
47353 25 26 20
-0.195742 -0.522410 -0.829924 107.209389
28969 25 27 12
-0.394609 0.565393 0.724303 70.786621
31273 25 27 13
-0.586583 0.762306 0.273514 76.520599
45097 25 27 19
-0.545501 -0.796230 -0.261623 107.041527
47401 25 27 20
-0.195644 -0.582802 -0.788711 99.813065
26713 25 28 11
-0.232145 -0.250036 0.939995 59.667885
29017 25 28 12
-0.499054 -0.337444 0.798171 72.298561
31321 25 28 13
-0.843138 -0.337580 0.418518 79.008469
33625 25 28 14
-0.973787 -0.166013 0.155492 81.283882
42841 25 28 18
-0.634444 -0.698118 0.331832 101.286972
45145 25 28 19
-0.390941 -0.779320 -0.489720 99.595932
29065 25 29 12
-0.361550 -0.756851 0.544480 63.166229
31369 25 29 13
-0.525181 -0.785802 0.326652 70.589844
33673 25 29 14
-0.651746 -0.721891 0.232593 74.802460
42889 25 29 18
-0.523833 -0.847356 -0.087101 91.862297
45193 25 29 19
-0.370637 -0.790002 -0.488391 86.361748
38329 25 30 16
-0.590532 -0.752665 0.291149 72.428650
40633 25 30 17
-0.568619 -0.813079 0.124802 76.725800
42937 25 30 18
-0.497324 -0.848429 -0.181209 76.241325
38377 25 31 16
-0.585553 -0.776468 0.232863 56.705662
40681 25 31 17
-0.579736 -0.813633 0.043688 59.794937
42314 26 17 18
-0.323017 0.811208 0.487443 87.444954
44618 26 17 19
-0.321874 0.936461 0.139423 94.051483
46922 26 17 20
-0.221870 0.843911 -0.488455 91.160889
49226 26 17 21
-0.091480 0.576682 -0.811831 77.977180
44666 26 18 19
-0.638897 0.768323 0.038603 106.659821
46970 26 18 20
-0.439911 0.558097 -0.703567 102.143341
49274 26 18 21
-0.181814 0.324476 -0.928256 87.466988
37802 26 19 16
-0.476118 0.601671 0.641329 94.040627
47018 26 19 20
-0.566146 0.208561 -0.797484 107.207901
49322 26 19 21
-0.253725 0.128869 -0.958653 91.873352
83882 26 19 36
0.855408 0.514997 -0.055274 55.774757
35546 26 20 15
-0.322202 0.213639 0.922249 86.903030
37850 26 20 16
-0.461886 0.287365 0.839096 102.769600
40154 26 20 17
-0.707527 0.314007 0.633092 112.222580
47066 26 20 20
-0.589809 0.048833 -0.806065 108.747520
49370 26 20 21
-0.292521 0.071475 -0.953584 93.656860
81626 26 20 35
0.884094 0.369502 0.286088 62.102478
83930 26 20 36
0.931674 0.343252 -0.119000 63.993446
86234 26 20 37
0.813764 0.267807 -0.515818 57.761936
35594 26 21 15
-0.113890 -0.249359 0.961691 86.564308
37898 26 21 16
-0.161997 -0.380144 0.910630 102.258331
40202 26 21 17
-0.375607 -0.533603 0.757751 111.525383
47114 26 21 20
-0.600968 0.029473 -0.798729 109.175415
49418 26 21 21
-0.303296 0.111680 -0.946329 95.318970
83978 26 21 36
0.973432 0.133713 -0.185881 68.397339
86282 26 21 37
0.827777 0.084795 -0.554612 61.145725
37946 26 22 16
0.123675 -0.662435 0.738840 93.498001
40250 26 22 17
0.053429 -0.756229 0.652122 104.022713
47162 26 22 20
-0.648512 0.046267 -0.759797 109.608223
49466 26 22 21
-0.297526 0.154275 -0.942166 97.735390
84026 26 22 36
0.968211 -0.080888 -0.236695 68.860123
86330 26 22 37
0.839697 -0.091403 -0.535308 61.053429
47210 26 23 20
-0.747741 0.011263 -0.663895 109.939697
49514 26 23 21
-0.289263 0.105036 -0.951470 99.983986
81770 26 23 35
0.975789 -0.217417 0.023782 67.640297
84074 26 23 36
0.923954 -0.281905 -0.258530 65.229141
47258 26 24 20
-0.805349 -0.143970 -0.575053 109.549370
49562 26 24 21
-0.275493 -0.075035 -0.958370 100.353752
79514 26 24 34
0.933884 -0.342387 0.103111 60.450470
81818 26 24 35
0.895852 -0.438595 -0.071300 60.827419
47306 26 25 20
-0.694570 -0.360997 -0.622297 107.674637
49610 26 25 21
-0.242900 -0.300350 -0.922383 97.440643
77258 26 25 33
0.871267 -0.488654 0.045949 50.814987
79562 26 25 34
0.815652 -0.577974 -0.025669 51.068275
47354 26 26 20
-0.500922 -0.515249 -0.695411 103.300499
49658 26 26 21
-0.205432 -0.462535 -0.862473 90.595215
70394 26 26 30
0.925394 -0.373502 -0.064361 44.020126
72698 26 26 31
0.856010 -0.509141 -0.089566 42.680012
26666 26 27 11
-0.432944 0.300734 0.849776 53.920280
28970 26 27 12
-0.622899 0.432807 0.651671 64.456734
31274 26 27 13
-0.752908 0.572509 0.324596 69.793007
45098 26 27 19
-0.694482 -0.676837 -0.244102 102.358490
47402 26 27 20
-0.367000 -0.609481 -0.702740 95.206902
49706 26 27 21
-0.181300 -0.562465 -0.806699 79.871025
26714 26 28 11
-0.468531 -0.277384 0.838771 54.084385
29018 26 28 12
-0.681143 -0.372103 0.630542 64.743973
31322 26 28 13
-0.847170 -0.419772 0.325720 70.373573
42842 26 28 18
-0.624513 -0.751931 0.211149 95.280777
45146 26 28 19
-0.473457 -0.777211 -0.414465 93.352371
26762 26 29 11
-0.390068 -0.649608 0.652576 46.004635
29066 26 29 12
-0.496992 -0.747125 0.441365 55.553417
31370 26 29 13
-0.574634 -0.778098 0.253690 61.328995
42890 26 29 18
-0.500371 -0.863900 -0.057490 83.449097
45194 26 29 19
-0.394926 -0.816988 -0.420195 78.512489
40634 26 30 17
-0.511353 -0.848225 0.137958 65.919991
42315 27 17 18
-0.549029 0.664073 0.507519 78.233208
44619 27 17 19
-0.650848 0.732669 0.198977 85.625809
46923 27 17 20
-0.598518 0.703770 -0.382732 84.257774
49227 27 17 21
-0.375956 0.528902 -0.760868 73.262039
44667 27 18 19
-0.864175 0.492521 0.103076 95.795204
46971 27 18 20
-0.784607 0.383038 -0.487519 92.964767
49275 27 18 21
-0.476922 0.270097 -0.836417 80.993851
47019 27 19 20
-0.816787 0.148690 -0.557449 96.832130
49323 27 19 21
-0.519050 0.104617 -0.848317 84.311508
83883 27 19 36
0.836802 0.541547 -0.080553 72.379616
86187 27 19 37
0.756827 0.424584 -0.496933 66.368797
37851 27 20 16
-0.543811 0.479235 0.688914 94.492653
40155 27 20 17
-0.748254 0.517046 0.415668 103.303833
47067 27 20 20
-0.777981 0.092777 -0.621400 98.530556
49371 27 20 21
-0.518024 0.091981 -0.850406 85.924583
81627 27 20 35
0.868955 0.403657 0.286317 79.540077
83931 27 20 36
0.915297 0.359434 -0.181763 80.881325
86235 27 20 37
0.760514 0.253284 -0.597884 73.161789
35595 27 21 15
-0.243700 -0.013916 0.969751 83.080208
37899 27 21 16
-0.374354 -0.009188 0.927240 98.733078
40203 27 21 17
-0.759113 0.022017 0.650586 107.046082
47115 27 21 20
-0.735289 0.122222 -0.666642 100.078545
49419 27 21 21
-0.495580 0.167366 -0.852285 88.142960
83979 27 21 36
0.948498 0.161534 -0.272502 85.377510
86283 27 21 37
0.763189 0.108090 -0.637071 76.650124
37947 27 22 16
0.005175 -0.515841 0.856669 94.647736
40251 27 22 17
-0.117016 -0.703032 0.701465 103.835434
47163 27 22 20
-0.740072 0.131365 -0.659573 101.777740
49467 27 22 21
-0.482436 0.216189 -0.848833 91.337761
84027 27 22 36
0.947720 -0.038046 -0.316827 86.438484
86331 27 22 37
0.797473 -0.026386 -0.602777 77.472130
47211 27 23 20
-0.817664 0.045054 -0.573930 102.832916
49515 27 23 21
-0.507636 0.140657 -0.850012 94.116692
51819 27 23 22
-0.180082 0.184720 -0.966152 80.596825
81771 27 23 35
0.975280 -0.220664 0.011659 86.563446
84075 27 23 36
0.916185 -0.260521 -0.304523 83.710274
86379 27 23 37
0.840861 -0.195750 -0.504613 75.269997
47259 27 24 20
-0.877268 -0.131316 -0.461690 102.468445
49563 27 24 21
-0.538841 -0.082946 -0.838314 94.634445
51867 27 24 22
-0.180471 -0.062926 -0.981565 81.663452
54171 27 24 23
0.307887 -0.014121 -0.951318 68.191322
77211 27 24 33
0.933940 -0.259523 0.245771 75.170731
79515 27 24 34
0.901914 -0.413792 0.123802 78.849060
81819 27 24 35
0.867296 -0.493321 -0.066574 79.466339
84123 27 24 36
0.841010 -0.479216 -0.251105 75.972084
47307 27 25 20
-0.828378 -0.307965 -0.467918 100.244614
49611 27 25 21
-0.505956 -0.333406 -0.795518 91.690819
51915 27 25 22
-0.169118 -0.353724 -0.919934 78.561623
54219 27 25 23
0.339876 -0.354623 -0.871049 65.892044
74955 27 25 32
0.878657 -0.473762 0.059256 65.608887
77259 27 25 33
0.793483 -0.605992 0.056195 66.774750
79563 27 25 34
0.738178 -0.674587 -0.005065 67.371307
81867 27 25 35
0.721209 -0.685924 -0.096777 66.242920
47355 27 26 20
-0.691577 -0.458977 -0.557729 95.551102
49659 27 26 21
-0.424206 -0.502898 -0.753089 84.911690
68091 27 26 29
0.936251 -0.335314 -0.104878 62.518219
70395 27 26 30
0.857207 -0.485063 -0.172945 59.806194
72699 27 26 31
0.755828 -0.634348 -0.162255 56.687641
75003 27 26 32
0.661239 -0.741881 -0.111242 54.166016
45099 27 27 19
-0.763777 -0.577265 -0.288807 94.617264
47403 27 27 20
-0.536006 -0.584740 -0.608914 87.353760
49707 27 27 21
-0.340567 -0.608745 -0.716549 74.456223
26715 27 28 11
-0.611817 -0.277771 0.740624 45.695831
29019 27 28 12
-0.732345 -0.377464 0.566737 55.265556
31323 27 28 13
-0.783608 -0.482921 0.390828 61.255299
42843 27 28 18
-0.643735 -0.761940 0.071082 87.648773
45147 27 28 19
-0.558883 -0.735398 -0.383196 84.849373
26763 27 29 11
-0.519726 -0.618614 0.589238 38.344597
29067 27 29 12
-0.568986 -0.714784 0.406620 46.480236
42891 27 29 18
-0.503670 -0.861273 -0.067273 74.309982
45195 27 29 19
-0.444423 -0.812989 -0.376213 69.607010
44572 28 16 19
-0.654517 0.726427 0.209553 59.840057
46876 28 16 20
-0.635965 0.744951 -0.201488 60.022961
42316 28 17 18
-0.709197 0.530857 0.463929 64.838196
44620 28 17 19
-0.826138 0.526754 0.200066 71.888222
46924 28 17 20
-0.823003 0.513284 -0.243323 71.685814
49228 28 17 21
-0.636207 0.452976 -0.624542 63.407661
46972 28 18 20
-0.912554 0.279841 -0.298219 78.626389
49276 28 18 21
-0.710280 0.239669 -0.661861 69.745964
83836 28 18 36
0.658134 0.752810 0.011679 74.686104
86140 28 18 37
0.656235 0.632393 -0.411624 70.455139
49324 28 19 21
-0.711365 0.145687 -0.687557 72.981651
51628 28 19 22
-0.458618 0.199008 -0.866063 59.349964
83884 28 19 36
0.798840 0.591423 -0.109880 88.012573
86188 28 19 37
0.706983 0.422365 -0.567260 81.271072
49372 28 20 21
-0.656019 0.196394 -0.728744 75.694679
83932 28 20 36
0.892480 0.365474 -0.264402 96.103928
86236 28 20 37
0.702270 0.226192 -0.675022 87.450890
37900 28 21 16
-0.504981 0.330512 0.797343 92.565491
40204 28 21 17
-0.762451 0.520313 0.384633 100.339203
37948 28 22 16
-0.203158 -0.222940 0.953428 93.425217
40252 28 22 17
-0.482385 -0.326040 0.813021 101.963013
63292 28 22 27
0.874450 0.480132 0.069364 61.276920
65596 28 22 28
0.884081 0.464370 0.052552 62.511444
40300 28 23 17
0.070206 -0.702657 0.708057 97.487267
61036 28 23 26
0.906417 0.401385 0.131520 69.008255
63340 28 23 27
0.904039 0.420832 0.074925 71.355721
81772 28 23 35
0.974495 -0.224367 -0.004409 102.936737
84076 28 23 36
0.909917 -0.218443 -0.352609 100.025383
86380 28 23 37
0.842502 -0.100563 -0.529224 92.092255
51868 28 24 22
-0.371790 -0.136552 -0.918219 78.507950
54172 28 24 23
0.565016 -0.012552 -0.824984 71.726952
77212 28 24 33
0.889878 -0.362485 0.276986 91.455147
79516 28 24 34
0.848291 -0.507159 0.152287 95.278885
81820 28 24 35
0.827585 -0.559446 -0.046077 96.268761
84124 28 24 36
0.832729 -0.502664 -0.232146 93.526352
86428 28 24 37
0.868353 -0.360931 -0.340135 87.616463
51916 28 25 22
-0.396471 -0.532793 -0.747625 75.147285
54220 28 25 23
0.489866 -0.695585 -0.525540 69.509476
77260 28 25 33
0.679541 -0.730328 0.069608 81.247948
79564 28 25 34
0.637000 -0.770300 0.029490 82.357399
81868 28 25 35
0.648516 -0.759865 -0.045077 82.200478
49660 28 26 21
-0.592981 -0.545943 -0.591878 76.461334
51964 28 26 22
-0.341783 -0.731884 -0.589516 67.977600
65788 28 26 28
0.933607 -0.347414 -0.087642 83.204552
68092 28 26 29
0.840103 -0.479558 -0.253476 79.763901
70396 28 26 30
0.715993 -0.630875 -0.298917 74.411827
31276 28 27 13
-0.735315 0.095793 0.670922 54.813377
63532 28 27 27
0.812640 -0.580122 0.055446 73.768845
65836 28 27 28
0.722911 -0.669001 -0.172735 72.458504
68140 28 27 29
0.589190 -0.741785 -0.320327 67.025894
29020 28 28 12
-0.730764 -0.367140 0.575493 45.091740
31324 28 28 13
-0.715812 -0.493491 0.494044 52.198914
42844 28 28 18
-0.674148 -0.735206 -0.070685 78.300949
45148 28 28 19
-0.626731 -0.680533 -0.379583 74.195396
63580 28 28 27
0.632967 -0.773530 -0.031693 59.091209
65884 28 28 28
0.529240 -0.816442 -0.230928 56.151173
42892 28 29 18
-0.536805 -0.837022 -0.105990 64.343475
45196 28 29 19
-0.509401 -0.784721 -0.353162 59.528435
44573 29 16 19
-0.799330 0.567563 0.197342 46.010109
46877 29 16 20
-0.799062 0.587278 -0.128861 46.706146
49181 29 16 21
-0.696709 0.572218 -0.432623 41.656921
44621 29 17 19
-0.894417 0.409616 0.179532 55.116882
46925 29 17 20
-0.907916 0.395163 -0.139768 55.619968
49229 29 17 21
-0.797214 0.395075 -0.456471 50.134232
86093 29 17 37
0.365612 0.891004 -0.269145 65.510017
49277 29 18 21
-0.836604 0.274534 -0.474050 55.839195
51581 29 18 22
-0.642132 0.344306 -0.684923 46.333504
83837 29 18 36
0.461655 0.886663 0.026529 86.299919
86141 29 18 37
0.483438 0.748541 -0.453843 82.199257
51629 29 19 22
-0.599953 0.392730 -0.697007 51.373959
81581 29 19 35
0.576067 0.746290 0.333462 98.274811
83885 29 19 36
0.666286 0.730529 -0.149634 100.409843
86189 29 19 37
0.580140 0.479282 -0.658579 93.527016
81629 29 20 35
0.797058 0.544836 0.260485 108.576485
83933 29 20 36
0.819620 0.415053 -0.394909 108.103981
86237 29 20 37
0.598012 0.218180 -0.771219 99.237404
37901 29 21 16
-0.559221 0.502319 0.659505 83.750198
40205 29 21 17
-0.667329 0.691044 0.277723 91.717735
65549 29 21 28
0.833149 0.544016 0.099545 70.037643
67853 29 21 29
0.858211 0.492220 0.145579 72.278030
70157 29 21 30
0.858337 0.441365 0.261638 76.000717
72461 29 21 31
0.826806 0.401812 0.393623 82.152672
74765 29 21 32
0.783699 0.376867 0.493747 90.719856
37949 29 22 16
-0.430247 0.095361 0.897660 89.023186
40253 29 22 17
-0.709614 0.317196 0.629154 97.989075
42557 29 22 18
-0.755907 0.546886 -0.359888 99.004036
63293 29 22 27
0.829280 0.552602 0.083221 79.890633
65597 29 22 28
0.847098 0.530966 0.022365 80.864578
67901 29 22 29
0.866286 0.495435 0.063979 81.520691
37997 29 23 16
-0.204610 -0.303920 0.930466 87.212723
40301 29 23 17
-0.292998 -0.548255 0.783306 96.871101
58733 29 23 25
0.817708 0.441988 0.368782 81.876923
61037 29 23 26
0.852151 0.465272 0.239500 87.901985
63341 29 23 27
0.865529 0.494430 0.079995 91.266441
81773 29 23 35
0.966364 -0.253664 -0.042365 115.196587
84077 29 23 36
0.878260 -0.164908 -0.448849 112.405678
86381 29 23 37
0.807565 0.031830 -0.588919 105.676796
88685 29 23 38
0.801570 0.225676 -0.553675 96.876595
90989 29 23 39
0.801027 0.363672 -0.475498 87.577736
61085 29 24 26
0.894843 0.288383 0.340721 95.701958
77213 29 24 33
0.793229 -0.521098 0.315033 104.451302
79517 29 24 34
0.740658 -0.644547 0.189697 108.103683
81821 29 24 35
0.743537 -0.668498 -0.016210 109.389595
84125 29 24 36
0.795969 -0.566145 -0.214272 107.655602
86429 29 24 37
0.877852 -0.352917 -0.323768 103.535194
88733 29 24 38
0.935701 -0.103555 -0.337254 98.218185
91037 29 24 39
0.939033 0.089483 -0.331980 92.318466
74957 29 25 32
0.600088 -0.799750 0.017167 91.767342
77261 29 25 33
0.514208 -0.853361 0.085819 92.835152
79565 29 25 34
0.493652 -0.866637 0.072445 94.503799
81869 29 25 35
0.530469 -0.847467 0.020060 95.508537
84173 29 25 36
0.619705 -0.784085 -0.034309 95.338188
86477 29 25 37
0.745878 -0.662357 -0.070346 94.237022
88781 29 25 38
0.866159 -0.489935 -0.098659 92.574608
91085 29 25 39
0.936144 -0.313448 -0.159325 90.086685
65789 29 26 28
0.760515 -0.604740 -0.236446 99.061340
68093 29 26 29
0.597813 -0.689531 -0.408860 93.228706
70397 29 26 30
0.470363 -0.787487 -0.398275 85.626022
31277 29 27 13
-0.712509 -0.035451 0.700767 46.258171
33581 29 27 14
-0.658270 -0.163882 0.734726 55.188328
35885 29 27 15
-0.607705 -0.318447 0.727520 63.779236
38189 29 27 16
-0.654614 -0.466479 0.594876 71.301216
40493 29 27 17
-0.782852 -0.566005 0.258420 76.151947
63533 29 27 27
0.553150 -0.833081 0.001334 87.983551
65837 29 27 28
0.432612 -0.855819 -0.283587 84.893158
68141 29 27 29
0.319202 -0.855919 -0.406833 77.098907
33629 29 28 14
-0.631324 -0.569375 0.526537 50.275246
35933 29 28 15
-0.580214 -0.653948 0.485494 57.383087
38237 29 28 16
-0.602951 -0.708405 0.366896 63.639225
42845 29 28 18
-0.708767 -0.685628 -0.166023 67.080208
45149 29 28 19
-0.674394 -0.636001 -0.375093 61.955482
63581 29 28 27
0.339793 -0.935626 -0.095625 69.763184
65885 29 28 28
0.251902 -0.917282 -0.308448 65.021767
42893 29 29 18
-0.593713 -0.790967 -0.147907 53.369766
45197 29 29 19
-0.578797 -0.742732 -0.336665 48.501099
63629 29 29 27
0.226227 -0.961683 -0.154880 49.503731
86094 30 17 37
0.032174 0.969416 -0.243306 69.786499
88398 30 17 38
0.076594 0.809686 -0.581843 61.058094
90702 30 17 39
0.116805 0.637909 -0.761203 47.001328
86142 30 18 37
0.108158 0.885272 -0.452322 87.972748
88446 30 18 38
0.154889 0.636737 -0.755365 76.071121
90750 30 18 39
0.192856 0.487033 -0.851825 58.825813
81582 30 19 35
0.220990 0.926084 0.305831 105.405266
83886 30 19 36
0.217763 0.956868 -0.192309 106.846199
86190 30 19 37
0.228347 0.631707 -0.740813 100.374992
88494 30 19 38
0.248869 0.404347 -0.880095 86.369827
67806 30 20 29
0.707929 0.674193 0.210477 76.394119
70110 30 20 30
0.690662 0.653419 0.309885 80.635445
77022 30 20 33
0.502983 0.670911 0.544873 103.441727
79326 30 20 34
0.456398 0.724284 0.516830 111.504829
81630 30 20 35
0.480490 0.845066 0.234506 116.140114
83934 30 20 36
0.437229 0.630062 -0.641757 114.805565
86238 30 20 37
0.316881 0.277627 -0.906923 106.419945
40206 30 21 17
-0.640346 0.716325 0.277193 81.023315
72462 30 21 31
0.718186 0.488689 0.495371 95.243385
74766 30 21 32
0.652262 0.451900 0.608556 103.031563
77070 30 21 33
0.614380 0.449933 0.648149 111.437996
79374 30 21 34
0.651609 0.489572 0.579418 118.152687
37950 30 22 16
-0.583766 0.254460 0.771017 80.620575
40254 30 22 17
-0.736910 0.461240 0.494188 90.784576
42558 30 22 18
-0.730876 0.673552 -0.110218 93.187019
37998 30 23 16
-0.496963 -0.126664 0.858478 81.660011
40302 30 23 17
-0.692435 -0.218659 0.687548 92.423393
42606 30 23 18
-0.950597 -0.302563 -0.069428 95.583290
58734 30 23 25
0.617673 0.457411 0.639730 94.398857
61038 30 23 26
0.723890 0.559543 0.403602 103.024857
93294 30 23 40
0.578061 0.626987 -0.522238 91.965927
95598 30 23 41
0.526042 0.589508 -0.612993 81.570999
97902 30 23 42
0.449296 0.521617 -0.725292 67.603157
40350 30 24 17
-0.558650 -0.596295 0.576492 87.537682
58782 30 24 25
0.526175 0.128892 0.840552 99.023872
61086 30 24 26
0.730457 0.290876 0.617918 109.728897
77214 30 24 33
0.502951 -0.780051 0.372238 112.537308
79518 30 24 34
0.435295 -0.869333 0.234046 115.750359
81822 30 24 35
0.446147 -0.894959 0.001166 117.000679
84126 30 24 36
0.545947 -0.795347 -0.263372 115.857704
86430 30 24 37
0.744203 -0.485508 -0.458743 113.057640
88734 30 24 38
0.877676 -0.012372 -0.479094 109.617264
91038 30 24 39
0.837389 0.286876 -0.465276 105.673950
93342 30 24 40
0.734049 0.373052 -0.567454 99.972534
95646 30 24 41
0.599606 0.352669 -0.718399 90.570915
97950 30 24 42
0.464695 0.300492 -0.832924 76.409920
61134 30 25 26
0.566191 -0.237169 0.789417 110.351212
72654 30 25 31
0.376614 -0.898781 -0.224398 100.406975
74958 30 25 32
0.292994 -0.956113 0.001755 99.033897
77262 30 25 33
0.253541 -0.961901 0.102292 100.082253
79566 30 25 34
0.254362 -0.960553 0.112420 102.169197
81870 30 25 35
0.290986 -0.953422 0.079461 104.005676
84174 30 25 36
0.367894 -0.928987 0.040457 105.047478
86478 30 25 37
0.494248 -0.869229 0.012601 105.444725
88782 30 25 38
0.661251 -0.749322 -0.035549 105.370995
91086 30 25 39
0.801552 -0.563727 -0.199315 104.248062
93390 30 25 40
0.790523 -0.349409 -0.502977 100.514465
95694 30 25 41
0.622180 -0.177884 -0.762397 92.301598
97998 30 25 42
0.448102 -0.079402 -0.890449 78.746964
100302 30 25 43
0.326833 -0.026305 -0.944716 61.029907
40446 30 26 17
-0.802742 -0.546453 0.238734 72.983017
58878 30 26 25
0.136277 -0.523668 0.840952 91.832909
61182 30 26 26
0.246746 -0.721238 0.647249 103.833199
63486 30 26 27
0.296397 -0.947177 0.122492 109.181885
65790 30 26 28
0.226271 -0.912876 -0.339792 107.210365
68094 30 26 29
0.163944 -0.867501 -0.469643 100.149040
70398 30 26 30
0.135405 -0.897591 -0.419518 91.509918
88830 30 26 38
0.436230 -0.890589 0.128667 92.274849
91134 30 26 39
0.500486 -0.865686 0.010098 93.741882
93438 30 26 40
0.527929 -0.812020 -0.248827 92.008331
95742 30 26 41
0.473800 -0.671586 -0.569636 85.454468
98046 30 26 42
0.368231 -0.488122 -0.791292 73.516953
100350 30 26 43
0.275192 -0.340539 -0.899057 57.435497
33582 30 27 14
-0.738489 -0.205644 0.642141 45.813042
35886 30 27 15
-0.752821 -0.338450 0.564546 54.753662
38190 30 27 16
-0.795298 -0.468439 0.384794 61.864712
40494 30 27 17
-0.826915 -0.554255 0.094936 65.496338
42798 30 27 18
-0.796796 -0.571922 -0.194989 64.573868
56622 30 27 24
-0.067577 -0.632206 0.771847 67.129768
58926 30 27 25
0.008988 -0.732833 0.680349 80.607750
61230 30 27 26
0.033485 -0.921484 0.386971 90.513573
63534 30 27 27
0.023414 -0.999092 -0.035593 93.598427
65838 30 27 28
0.008162 -0.949287 -0.314306 89.592117
68142 30 27 29
0.004639 -0.911153 -0.412042 80.830978
93486 30 27 40
0.354466 -0.929140 -0.105127 75.815201
95790 30 27 41
0.323939 -0.872113 -0.366718 71.205086
98094 30 27 42
0.269994 -0.745383 -0.609514 61.680286
100398 30 27 43
0.213942 -0.596418 -0.773637 48.444656
33630 30 28 14
-0.708202 -0.497127 0.501313 40.568783
35934 30 28 15
-0.702697 -0.580512 0.411366 47.669113
38238 30 28 16
-0.724997 -0.639368 0.256103 53.173439
40542 30 28 17
-0.751877 -0.658480 0.032931 55.674553
42846 30 28 18
-0.745549 -0.636768 -0.196677 54.143475
45150 30 28 19
-0.709743 -0.612310 -0.348340 48.958832
56670 30 28 24
-0.092798 -0.757899 0.645738 54.789703
58974 30 28 25
-0.053107 -0.868081 0.493574 65.514175
61278 30 28 26
-0.055390 -0.980437 0.188881 72.300461
63582 30 28 27
-0.066075 -0.989620 -0.127620 72.742088
93534 30 28 40
0.262183 -0.964375 -0.035234 55.674084
95838 30 28 41
0.232492 -0.941857 -0.242594 52.864590
98142 30 28 42
0.196173 -0.868175 -0.455838 46.048264
100446 30 28 43
0.161062 -0.758260 -0.631745 36.270012
56718 30 29 24
-0.089107 -0.855734 0.509686 40.967289
59022 30 29 25
-0.070541 -0.940013 0.333766 48.472408
61326 30 29 26
-0.081431 -0.994641 0.063710 52.283989
63630 30 29 27
-0.093390 -0.978604 -0.183337 50.884560
86095 31 17 37
-0.308248 0.932106 -0.190165 66.674316
88399 31 17 38
-0.247120 0.830929 -0.498487 59.212036
90703 31 17 39
-0.151397 0.699491 -0.698421 46.665188
86143 31 18 37
-0.335717 0.873945 -0.351445 85.666801
88447 31 18 38
-0.221202 0.716539 -0.661544 75.427452
90751 31 18 39
-0.090562 0.591201 -0.801424 60.024708
83887 31 19 36
-0.421101 0.891385 -0.167650 105.179176
86191 31 19 37
-0.348884 0.709997 -0.611706 99.480217
88495 31 19 38
-0.157640 0.536942 -0.828760 87.459930
90799 31 19 39
-0.003021 0.487136 -0.873321 71.114594
63199 31 20 27
0.417256 0.868289 0.268275 79.491150
65503 31 20 28
0.436074 0.882935 0.173969 82.743073
67807 31 20 29
0.408275 0.887943 0.211823 85.073006
70111 31 20 30
0.329997 0.868685 0.369443 88.381920
72415 31 20 31
0.223108 0.830636 0.510164 93.573929
74719 31 20 32
0.110712 0.817994 0.564472 100.340294
77023 31 20 33
-0.024821 0.839166 0.543308 107.517204
79327 31 20 34
-0.218776 0.879400 0.422839 113.428337
81631 31 20 35
-0.476890 0.876465 0.066216 116.181076
83935 31 20 36
-0.546497 0.637019 -0.543643 114.171783
86239 31 20 37
-0.312986 0.388195 -0.866801 106.765259
88543 31 20 38
-0.078755 0.358201 -0.930317 94.696114
40207 31 21 17
-0.668388 0.677806 0.306327 67.963516
77071 31 21 33
-0.117882 0.591269 0.797812 114.894279
79375 31 21 34
-0.448602 0.674182 0.586715 119.846634
37951 31 22 16
-0.683132 0.291998 0.669378 68.076225
40255 31 22 17
-0.780399 0.429287 0.454632 79.267426
42559 31 22 18
-0.802966 0.587377 0.101161 83.940498
49471 31 22 21
-0.444396 0.765375 -0.465524 72.780647
37999 31 23 16
-0.674885 -0.035337 0.737076 70.699837
40303 31 23 17
-0.826868 -0.061767 0.558995 82.530098
42607 31 23 18
-0.982846 -0.088159 0.161995 87.693665
44911 31 23 19
-0.909778 -0.106405 -0.401226 86.569473
47215 31 23 20
-0.707065 -0.118944 -0.697074 81.501427
49519 31 23 21
-0.694917 -0.142896 -0.704749 75.972488
56431 31 23 24
-0.009308 0.238117 0.971192 87.655441
58735 31 23 25
0.088731 0.387261 0.917690 100.139252
61039 31 23 26
0.195525 0.665999 0.719872 110.252922
93295 31 23 40
-0.086282 0.756936 -0.647768 96.470909
95599 31 23 41
-0.004229 0.646351 -0.763028 86.901772
97903 31 23 42
0.024525 0.519752 -0.853965 72.836548
38047 31 24 16
-0.668101 -0.266372 0.694757 67.522522
40351 31 24 17
-0.759546 -0.437583 0.481260 78.198654
42655 31 24 18
-0.784282 -0.612313 0.099876 82.733170
44959 31 24 19
-0.670605 -0.684269 -0.286468 81.363571
47263 31 24 20
-0.555509 -0.696530 -0.454153 76.346390
49567 31 24 21
-0.542249 -0.761551 -0.354973 71.265892
58783 31 24 25
-0.129165 -0.072952 0.988936 102.177635
61087 31 24 26
-0.121577 0.081374 0.989241 114.286392
77215 31 24 33
-0.277258 -0.896711 0.345018 113.928993
79519 31 24 34
-0.327002 -0.922131 0.206745 116.578300
81823 31 24 35
-0.424260 -0.904894 -0.034199 117.423729
84127 31 24 36
-0.572033 -0.760989 -0.306060 116.128105
86431 31 24 37
-0.753395 -0.436765 -0.491562 113.529892
93343 31 24 40
-0.453935 0.417537 -0.787151 102.875618
95647 31 24 41
-0.233684 0.325004 -0.916386 94.118492
97951 31 24 42
-0.120726 0.243481 -0.962363 80.040199
100255 31 24 43
-0.069806 0.197313 -0.977852 61.674751
61135 31 25 26
-0.368626 -0.495314 0.786625 111.441444
63439 31 25 27
-0.520335 -0.782748 0.341405 118.077660
72655 31 25 31
-0.182671 -0.958126 -0.220513 101.680191
74959 31 25 32
-0.152127 -0.988361 -0.000409 100.205902
77263 31 25 33
-0.132716 -0.985007 0.110213 101.294830
79567 31 25 34
-0.128037 -0.983233 0.129842 103.542412
81871 31 25 35
-0.145305 -0.984484 0.098372 105.570221
84175 31 25 36
-0.200539 -0.978294 0.052192 106.734444
86479 31 25 37
-0.315759 -0.948734 0.014119 107.151787
88783 31 25 38
-0.489080 -0.871006 -0.046366 107.059319
91087 31 25 39
-0.634050 -0.731096 -0.251950 105.982224
93391 31 25 40
-0.589190 -0.519068 -0.619212 102.392189
95695 31 25 41
-0.395140 -0.304877 -0.866553 94.323860
97999 31 25 42
-0.244858 -0.171013 -0.954358 80.753418
100303 31 25 43
-0.160271 -0.094047 -0.982582 62.772354
58879 31 26 25
-0.387650 -0.558492 0.733358 89.011749
61183 31 26 26
-0.446865 -0.729008 0.518516 101.471649
63487 31 26 27
-0.455407 -0.884183 0.104041 107.090721
65791 31 26 28
-0.368244 -0.895423 -0.250228 105.421394
68095 31 26 29
-0.275085 -0.881740 -0.383227 98.774406
70399 31 26 30
-0.207034 -0.911076 -0.356478 90.635223
88831 31 26 38
-0.193988 -0.974057 0.116537 94.913658
91135 31 26 39
-0.300293 -0.953396 -0.029324 95.790604
93439 31 26 40
-0.367490 -0.880291 -0.300064 93.484779
95743 31 26 41
-0.349904 -0.722017 -0.596874 86.511139
98047 31 26 42
-0.280084 -0.535900 -0.796470 74.306526
100351 31 26 43
-0.211295 -0.384817 -0.898482 58.036911
102655 31 26 44
-0.160446 -0.277452 -0.947247 40.488102
40495 31 27 17
-0.847782 -0.526367 0.064830 51.678383
42799 31 27 18
-0.799033 -0.580332 -0.157353 50.784420
56623 31 27 24
-0.415206 -0.582000 0.699199 62.247211
58927 31 27 25
-0.436837 -0.685555 0.582398 75.916618
61231 31 27 26
-0.460521 -0.831242 0.311379 85.714218
63535 31 27 27
-0.424001 -0.905430 -0.020494 88.824524
65839 31 27 28
-0.345696 -0.904275 -0.250561 85.241463
91183 31 27 39
-0.161053 -0.985797 0.047610 78.112267
93487 31 27 40
-0.230587 -0.960818 -0.153811 77.172768
95791 31 27 41
-0.262821 -0.879968 -0.395703 71.780609
98095 31 27 42
-0.252311 -0.750324 -0.611026 61.780254
100399 31 27 43
-0.218010 -0.608993 -0.762626 48.351810
102703 31 27 44
-0.179695 -0.484852 -0.855937 33.850243
42847 31 28 18
-0.779194 -0.600858 -0.178400 40.399097
56671 31 28 24
-0.421498 -0.680508 0.599373 49.877213
58975 31 28 25
-0.438996 -0.788758 0.430283 60.311134
61279 31 28 26
-0.439801 -0.884585 0.155192 66.657738
93535 31 28 40
-0.155052 -0.984641 -0.080254 56.866936
95839 31 28 41
-0.195993 -0.941284 -0.274901 53.218174
98143 31 28 42
-0.209214 -0.859604 -0.466166 45.875580
100447 31 28 43
-0.199130 -0.753862 -0.626130 35.904015
56719 31 29 24
-0.391653 -0.780081 0.487935 36.885818
59023 31 29 25
-0.403464 -0.865411 0.297121 43.925735
61327 31 29 26
-0.398740 -0.915938 0.045435 47.243931
63152 32 19 27
-0.004397 0.942553 0.334027 68.153763
70064 32 19 30
-0.229446 0.952834 0.198653 76.888428
72368 32 19 31
-0.293582 0.924066 0.244769 80.201973
74672 32 19 32
-0.349907 0.901714 0.253925 84.422333
88496 32 19 38
-0.540143 0.582380 -0.607519 80.799034
90800 32 19 39
-0.352949 0.575935 -0.737378 67.590248
60896 32 20 26
-0.109071 0.870217 0.480444 76.179939
63200 32 20 27
-0.150918 0.944660 0.291276 82.035042
65504 32 20 28
-0.255231 0.959478 0.119411 84.483612
70112 32 20 30
-0.518769 0.804602 0.288955 87.622566
72416 32 20 31
-0.560117 0.716969 0.415000 91.611519
74720 32 20 32
-0.589755 0.685886 0.426321 97.058319
77024 32 20 33
-0.650651 0.677414 0.343166 102.573677
79328 32 20 34
-0.742403 0.644013 0.184623 106.579590
81632 32 20 35
-0.826865 0.561291 -0.035319 107.769089
83936 32 20 36
-0.843392 0.453965 -0.287410 105.350395
86240 32 20 37
-0.755332 0.390622 -0.526201 99.149017
88544 32 20 38
-0.574714 0.419691 -0.702541 89.583557
90848 32 20 39
-0.361856 0.514263 -0.777556 77.510254
60944 32 21 26
-0.275471 0.834521 0.477169 89.321465
79376 32 21 34
-0.935111 0.308724 0.173943 113.005257
81680 32 21 35
-0.960753 0.234572 -0.148087 113.158646
93200 32 21 40
-0.288491 0.624133 -0.726107 74.348862
47168 32 22 20
-0.796651 0.562244 -0.221876 69.365311
49472 32 22 21
-0.779042 0.592127 -0.206107 66.295944
51776 32 22 22
-0.764161 0.626146 0.154915 65.629608
54080 32 22 23
-0.582680 0.540812 0.606636 69.960197
56384 32 22 24
-0.444172 0.481856 0.755332 79.360229
58688 32 22 25
-0.432584 0.536250 0.724780 90.805351
93248 32 22 40
-0.524362 0.582951 -0.620655 83.356071
95552 32 22 41
-0.375869 0.600873 -0.705460 73.246674
97856 32 22 42
-0.273554 0.552898 -0.787066 59.891140
40304 32 23 17
-0.875046 -0.015680 0.483785 67.301933
42608 32 23 18
-0.970209 -0.032294 0.240107 74.123253
44912 32 23 19
-0.995257 -0.062270 -0.074737 75.483925
47216 32 23 20
-0.944533 -0.105851 -0.310890 72.790329
49520 32 23 21
-0.944854 -0.154465 -0.288774 69.063774
56432 32 23 24
-0.578274 0.036915 0.815007 83.252853
58736 32 23 25
-0.596960 0.140877 0.789805 96.070251
61040 32 23 26
-0.738161 0.301015 0.603745 106.483963
63344 32 23 27
-0.860326 0.483542 0.161326 111.293839
97904 32 23 42
-0.466945 0.355979 -0.809470 68.555260
100208 32 23 43
-0.342654 0.310867 -0.886538 52.101231
42656 32 24 18
-0.870946 -0.457320 0.179752 69.461365
44960 32 24 19
-0.827102 -0.554159 -0.093864 70.178177
47264 32 24 20
-0.749127 -0.610660 -0.256718 67.151497
49568 32 24 21
-0.729627 -0.656100 -0.192816 63.504913
58784 32 24 25
-0.639238 -0.218101 0.737432 95.062965
61088 32 24 26
-0.791163 -0.167084 0.588340 107.189857
63392 32 24 27
-0.967377 -0.106518 0.229862 113.495331
65696 32 24 28
-0.980832 -0.053886 -0.187258 113.650085
70304 32 24 30
-0.933292 -0.207965 -0.292774 106.082970
72608 32 24 31
-0.917678 -0.394105 -0.050468 104.122032
74912 32 24 32
-0.839617 -0.522093 0.149875 104.865372
77216 32 24 33
-0.790986 -0.579750 0.195527 107.295761
79520 32 24 34
-0.802682 -0.586373 0.108940 109.514847
97952 32 24 42
-0.626332 0.072931 -0.776138 72.660950
100256 32 24 43
-0.466980 0.082990 -0.880365 56.047638
47312 32 25 20
-0.637001 -0.741831 -0.209563 55.426712
49616 32 25 21
-0.626182 -0.772595 -0.104849 52.412308
61136 32 25 26
-0.743933 -0.457205 0.487368 100.956223
63440 32 25 27
-0.830489 -0.523653 0.189933 107.922539
65744 32 25 28
-0.812499 -0.568613 -0.128551 108.378807
68048 32 25 29
-0.731793 -0.613309 -0.297205 104.354362
70352 32 25 30
-0.660811 -0.693792 -0.286322 99.034012
72656 32 25 31
-0.602168 -0.784329 -0.149071 95.143082
74960 32 25 32
-0.547193 -0.836945 0.010180 93.965027
77264 32 25 33
-0.512958 -0.852157 0.103454 95.178207
79568 32 25 34
-0.517268 -0.848140 0.114419 97.403893
81872 32 25 35
-0.570424 -0.818899 0.063400 99.142120
84176 32 25 36
-0.673474 -0.739070 -0.014440 99.581978
86480 32 25 37
-0.796911 -0.599272 -0.076191 98.810432
98000 32 25 42
-0.688653 -0.210872 -0.693750 71.191177
63488 32 26 27
-0.707553 -0.698680 0.105904 94.300476
65792 32 26 28
-0.644252 -0.754074 -0.127715 93.862732
68096 32 26 29
-0.554984 -0.792827 -0.251831 88.958527
70400 32 26 30
-0.476302 -0.840958 -0.256759 82.544182
81920 32 26 35
-0.355045 -0.924945 0.135718 80.797379
84224 32 26 36
-0.430781 -0.895163 0.114506 83.636833
86528 32 26 37
-0.550107 -0.832158 0.069966 85.587433
88832 32 26 38
-0.675597 -0.737267 0.002425 86.346764
91136 32 26 39
-0.759647 -0.643081 -0.096864 85.469673
86576 32 27 37
-0.371075 -0.916061 0.152107 66.522972
88880 32 27 38
-0.481077 -0.873087 0.079268 69.181915
91184 32 27 39
-0.577478 -0.815729 -0.033242 69.755211
91232 32 28 39
-0.435159 -0.900254 0.013379 50.820450
70017 33 18 30
-0.456629 0.888823 0.038529 56.770435
63153 33 19 27
-0.514218 0.802180 0.303459 64.046753
65457 33 19 28
-0.609570 0.781592 0.132430 67.247650
70065 33 19 30
-0.714044 0.693163 0.098321 69.670456
72369 33 19 31
-0.711100 0.688469 0.142642 71.658249
74673 33 19 32
-0.699361 0.699379 0.147525 74.365562
90801 33 19 39
-0.609726 0.577743 -0.542630 57.792576
60897 33 20 26
-0.607435 0.666495 0.432211 69.958611
63201 33 20 27
-0.724890 0.654835 0.213837 75.314316
65505 33 20 28
-0.816825 0.576062 0.030799 76.991791
72417 33 20 31
-0.889368 0.399685 0.221984 80.753006
74721 33 20 32
-0.873895 0.420870 0.243260 84.920387
77025 33 20 33
-0.873782 0.449988 0.184435 89.057343
79329 33 20 34
-0.886084 0.457443 0.074840 91.701355
81633 33 20 35
-0.900060 0.432392 -0.054114 91.922768
83937 33 20 36
-0.902020 0.390909 -0.183166 89.457787
86241 33 20 37
-0.876408 0.368479 -0.310051 84.476402
88545 33 20 38
-0.806457 0.397489 -0.437755 77.252075
90849 33 20 39
-0.684623 0.475180 -0.552717 68.031906
60945 33 21 26
-0.772273 0.518596 0.366950 80.328720
63249 33 21 27
-0.858831 0.500640 0.108487 84.432487
79377 33 21 34
-0.974764 0.206458 0.084915 98.116203
81681 33 21 35
-0.976215 0.196292 -0.092051 98.058243
88593 33 21 38
-0.876900 0.221016 -0.426847 82.749504
90897 33 21 39
-0.799256 0.333885 -0.499710 75.098030
93201 33 21 40
-0.678506 0.454089 -0.577436 66.152428
95505 33 21 41
-0.549308 0.522593 -0.652041 55.459438
49473 33 22 21
-0.921498 0.384666 -0.053600 54.500668
51777 33 22 22
-0.921705 0.351510 0.164016 55.046791
54081 33 22 23
-0.844128 0.295045 0.447656 59.720371
56385 33 22 24
-0.779419 0.261421 0.569355 68.711273
58689 33 22 25
-0.806004 0.272581 0.525411 79.427895
60993 33 22 26
-0.887473 0.312817 0.338433 87.982933
63297 33 22 27
-0.935524 0.346095 0.070804 91.789169
93249 33 22 40
-0.842215 0.279514 -0.461027 72.364342
95553 33 22 41
-0.729826 0.352057 -0.586012 63.335609
97857 33 22 42
-0.601191 0.375088 -0.705605 51.538132
42609 33 23 18
-0.966131 -0.016061 0.257550 56.194454
44913 33 23 19
-0.997815 -0.040410 0.052279 59.158192
47217 33 23 20
-0.991280 -0.077312 -0.106707 58.559528
49521 33 23 21
-0.987453 -0.119156 -0.103628 56.613804
56433 33 23 24
-0.823774 -0.068065 0.562817 70.477844
58737 33 23 25
-0.850991 -0.015764 0.524944 81.995819
61041 33 23 26
-0.933030 0.048669 0.356491 91.586075
63345 33 23 27
-0.986804 0.122317 0.106095 96.376755
65649 33 23 28
-0.979346 0.177797 -0.096283 96.292511
97905 33 23 42
-0.741538 0.156657 -0.652365 56.590378
100209 33 23 43
-0.607962 0.171391 -0.775247 42.801594
42657 33 24 18
-0.910554 -0.353444 0.214404 52.329845
44961 33 24 19
-0.904846 -0.425422 0.016444 54.554539
47265 33 24 20
-0.870278 -0.477672 -0.120187 53.447006
49569 33 24 21
-0.854898 -0.509624 -0.097117 51.295475
61089 33 24 26
-0.903257 -0.214338 0.371733 89.587204
63393 33 24 27
-0.972594 -0.173453 0.154837 95.815308
65697 33 24 28
-0.989311 -0.136267 -0.051922 96.848160
68001 33 24 29
-0.978896 -0.129431 -0.158149 94.458130
70305 33 24 30
-0.975698 -0.171538 -0.136340 91.371910
72609 33 24 31
-0.967757 -0.250905 -0.022220 89.798813
74913 33 24 32
-0.940018 -0.328081 0.093431 90.542160
77217 33 24 33
-0.916950 -0.376014 0.133477 92.865341
79521 33 24 34
-0.918371 -0.387708 0.079231 95.055466
97953 33 24 42
-0.815273 -0.056163 -0.576346 57.525581
100257 33 24 43
-0.692004 -0.023482 -0.721512 44.171532
47313 33 25 20
-0.744388 -0.657254 -0.117910 42.929977
63441 33 25 27
-0.888289 -0.430751 0.159360 88.250671
65745 33 25 28
-0.891371 -0.452349 -0.028953 89.830620
68049 33 25 29
-0.863254 -0.483011 -0.146606 87.543739
70353 33 25 30
-0.830040 -0.534249 -0.160040 83.851738
72657 33 25 31
-0.798105 -0.596879 -0.082242 81.083557
74961 33 25 32
-0.763807 -0.644888 0.026801 80.503212
77265 33 25 33
-0.739167 -0.666459 0.097287 81.965508
79569 33 25 34
-0.741347 -0.663955 0.097817 84.221710
81873 33 25 35
-0.775261 -0.630766 0.033238 85.710304
84177 33 25 36
-0.830128 -0.553846 -0.064351 85.416039
63489 33 26 27
-0.797102 -0.592016 0.118936 74.230774
65793 33 26 28
-0.764694 -0.642956 -0.043013 75.189842
68097 33 26 29
-0.710557 -0.688457 -0.145380 72.498863
81921 33 26 35
-0.587362 -0.802606 0.104071 69.702103
84225 33 26 36
-0.657128 -0.752379 0.045926 71.455078
86529 33 26 37
-0.745547 -0.665775 -0.030045 71.636299
88833 33 26 38
-0.820837 -0.562640 -0.098295 70.219559
84273 33 27 36
-0.506755 -0.852920 0.125406 53.395950
86577 33 27 37
-0.596692 -0.800151 0.060965 55.487144
88881 33 27 38
-0.688394 -0.725018 -0.021513 55.932304
63106 34 18 27
-0.642714 0.712743 0.280920 42.744907
65410 34 18 28
-0.702955 0.701872 0.115019 45.770836
67714 34 18 29
-0.734046 0.678968 0.013408 46.663280
70018 34 18 30
-0.739422 0.673091 -0.014245 46.576908
63154 34 19 27
-0.813911 0.534490 0.227749 52.874905
65458 34 19 28
-0.874081 0.480897 0.068701 55.257000
72370 34 19 31
-0.886376 0.457345 0.071925 56.927628
74674 34 19 32
-0.859573 0.504488 0.081402 58.497349
76978 34 19 33
-0.837141 0.544207 0.055078 59.994240
63202 34 20 27
-0.919729 0.366558 0.140480 60.764328
74722 34 20 32
-0.948056 0.276329 0.157586 66.551949
77026 34 20 33
-0.937454 0.326553 0.120598 69.683624
79330 34 20 34
-0.929947 0.365231 0.042491 71.583527
79378 34 21 34
-0.980928 0.179149 0.075408 77.689957
81682 34 21 35
-0.978525 0.200635 -0.047261 78.027481
83986 34 21 36
-0.965330 0.204984 -0.161615 75.752960
90898 34 21 39
-0.896607 0.251277 -0.364630 59.884396
93202 34 21 40
-0.837751 0.314225 -0.446582 52.480724
81730 34 22 35
-0.997480 0.056971 -0.042280 80.711433
84034 34 22 36
-0.981519 0.063952 -0.180364 78.437630
86338 34 22 37
-0.960940 0.060857 -0.269981 74.027817
93250 34 22 40
-0.916152 0.125185 -0.380780 56.488708
67954 34 23 29
-0.992772 0.085323 -0.084400 72.477409
84082 34 23 36
-0.981181 -0.071567 -0.179337 78.415779
86386 34 23 37
-0.958449 -0.061890 -0.278469 74.034698
68002 34 24 29
-0.988447 -0.132355 -0.073855 72.118317
70306 34 24 30
-0.986789 -0.147114 -0.067853 70.283813
72610 34 24 31
-0.981866 -0.189542 0.003617 69.469032
74914 34 24 32
-0.966900 -0.239521 0.087944 70.523323
77218 34 24 33
-0.952096 -0.277499 0.128481 73.055740
79522 34 24 34
-0.950301 -0.295620 0.097656 75.690392
68050 34 25 29
-0.915700 -0.396374 -0.066195 65.516083
70354 34 25 30
-0.901242 -0.425006 -0.084459 63.522976
72658 34 25 31
-0.884740 -0.464827 -0.034231 62.026752
74962 34 25 32
-0.863818 -0.501549 0.047616 62.169701
77266 34 25 33
-0.844659 -0.524588 0.106581 64.001945
79570 34 25 34
-0.839505 -0.532674 0.107190 66.534920
81874 34 25 35
-0.851922 -0.522028 0.041412 68.278137
65411 35 18 28
-0.870000 0.487426 0.074271 33.625240
81683 35 21 35
-0.975188 0.221365 -0.002507 56.640625
81731 35 22 35
-0.995294 0.093394 0.025833 59.939301
84035 35 22 36
-0.987218 0.119083 -0.105920 59.179619
86339 35 22 37
-0.966948 0.122371 -0.223688 56.094460
84083 35 23 36
-0.994206 -0.038026 -0.100540 60.013893
86387 35 23 37
-0.967396 -0.031923 -0.251250 56.948582
86435 35 24 37
-0.940909 -0.231035 -0.247616 54.861267
84084 36 23 36
-0.999475 0.032374 0.001205 43.554863
86388 36 23 37
-0.977329 0.057604 -0.203742 42.160576
86436 36 24 37
-0.957277 -0.203495 -0.205450 41.336830
86437 37 24 37
-0.988381 -0.110205 -0.104680 30.924883
88741 37 24 38
-0.890968 -0.085031 -0.446034 28.434420
86485 37 25 37
-0.870523 -0.488037 -0.063330 28.237309
88789 37 25 38
-0.779934 -0.457498 -0.427082 26.170925
88790 38 25 38
-0.847827 -0.381819 -0.367971 20.423273
88791 39 25 38
-0.934835 -0.252920 -0.249230 15.183469
91095 39 25 39
-0.776009 -0.204127 -0.596776 12.831382
88839 39 26 38
-0.768265 -0.609106 -0.196873 12.793413
91143 39 26 39
-0.657274 -0.537095 -0.528697 10.888118
