2.000000
24 24 24
15.232998 44.055896 44.421170
-8.767002 20.055897 20.421171
108.767816 2954.990871 836.124294
6506 2 7 11
0.915051 0.402898 0.018843 41.563435
7082 2 7 12
0.870282 0.440711 -0.219964 39.438034
6530 2 8 11
0.975843 0.210008 0.060222 48.510643
7106 2 8 12
0.947955 0.255874 -0.189496 47.031094
6507 3 7 11
0.886637 0.461332 -0.032364 63.709072
7083 3 7 12
0.809362 0.508015 -0.294711 59.280014
6531 3 8 11
0.966036 0.256823 0.028584 73.800598
7107 3 8 12
0.909911 0.318616 -0.265606 70.498520
7683 3 8 13
0.786690 0.354757 -0.505240 59.986282
6532 4 8 11
0.952541 0.303203 -0.027099 101.576859
7108 4 8 12
0.843117 0.380899 -0.379564 95.532417
7684 4 8 13
0.671226 0.406892 -0.619592 80.504166
5404 4 9 9
0.799878 -0.089768 0.593411 83.599976
5980 4 9 10
0.917263 -0.054200 0.394577 99.166901
6556 4 9 11
0.996987 0.027130 0.072664 106.278648
7132 4 9 12
0.938654 0.144387 -0.313178 102.970016
7708 4 9 13
0.761220 0.245283 -0.600317 89.945091
5428 4 10 9
0.748691 -0.251274 0.613451 78.244888
6004 4 10 10
0.859910 -0.248966 0.445612 94.440308
7756 4 11 13
0.933058 -0.022978 -0.358992 95.985893
8332 4 11 14
0.760596 0.152619 -0.631031 83.409851
8908 4 11 15
0.579799 0.258234 -0.772754 65.330231
7204 4 12 12
0.921583 -0.357460 0.151353 93.121078
7780 4 12 13
0.960249 -0.222878 -0.168070 93.163467
8356 4 12 14
0.861683 -0.048703 -0.505104 84.988823
8932 4 12 15
0.682674 0.087016 -0.725524 69.908730
7228 4 13 12
0.825323 -0.511428 0.239341 81.250931
7804 4 13 13
0.888517 -0.458678 -0.012348 84.592171
8380 4 13 14
0.872652 -0.349294 -0.341280 80.309212
8956 4 13 15
0.749961 -0.208535 -0.627752 68.659065
9532 4 13 16
0.595256 -0.094360 -0.797977 52.217674
9556 4 14 16
0.608032 -0.383697 -0.695035 47.049503
6533 5 8 11
0.924280 0.360087 -0.126662 127.505272
7109 5 8 12
0.718982 0.440005 -0.538015 118.167152
7685 5 8 13
0.509106 0.440089 -0.739684 98.635727
5405 5 9 9
0.713614 -0.175156 0.678288 107.670845
5981 5 9 10
0.872070 -0.138676 0.469322 124.978622
6557 5 9 11
0.999470 -0.018045 0.027086 131.726456
7133 5 9 12
0.852780 0.158299 -0.497702 126.068542
7709 5 9 13
0.589923 0.267408 -0.761894 109.184021
5429 5 10 9
0.626426 -0.340479 0.701188 99.450912
6005 5 10 10
0.761629 -0.359316 0.539271 117.927452
6581 5 10 11
0.929235 -0.308621 0.203165 127.754501
5453 5 11 9
0.558507 -0.437199 0.704931 87.567070
7757 5 11 13
0.820958 0.005707 -0.570960 115.980179
8333 5 11 14
0.556681 0.212440 -0.803104 99.998344
8909 5 11 15
0.378266 0.304870 -0.874053 77.877495
7205 5 12 12
0.883235 -0.438582 0.165958 115.171913
7781 5 12 13
0.918979 -0.237218 -0.314970 113.976547
8357 5 12 14
0.706098 0.014621 -0.707963 103.083740
8933 5 12 15
0.482313 0.156170 -0.861966 84.290024
7229 5 13 12
0.756599 -0.593032 0.275448 102.845650
7805 5 13 13
0.839848 -0.538251 -0.070299 105.768570
8381 5 13 14
0.777919 -0.371467 -0.506808 99.427521
8957 5 13 15
0.587999 -0.176051 -0.789470 84.414375
9533 5 13 16
0.422962 -0.050966 -0.904713 63.922009
8981 5 14 15
0.587478 -0.539109 -0.603515 75.751915
9557 5 14 16
0.458765 -0.380933 -0.802761 58.839890
10133 5 14 17
0.350838 -0.261337 -0.899230 40.143387
9581 5 15 16
0.433656 -0.633900 -0.640401 47.153538
5286 6 4 9
0.485235 0.873306 0.043392 73.023994
5862 6 4 10
0.390121 0.871199 -0.298025 69.379585
5310 6 5 9
0.586064 0.791164 0.174899 94.740906
5886 6 5 10
0.470762 0.854120 -0.221049 93.749352
5334 6 6 9
0.682987 0.631791 0.366565 114.006195
5910 6 6 10
0.589061 0.803018 -0.090385 117.679756
5358 6 7 9
0.735473 0.351864 0.579026 127.364296
5934 6 7 10
0.763344 0.634868 0.119369 136.605698
6510 6 7 11
0.561062 0.734584 -0.381569 132.790604
5958 6 8 10
0.892603 0.201752 0.403183 146.126541
6534 6 8 11
0.825122 0.468948 -0.315059 147.198044
7110 6 8 12
0.494187 0.492795 -0.716193 134.787094
7686 6 8 13
0.309955 0.455139 -0.834731 111.698051
5406 6 9 9
0.576776 -0.294935 0.761802 127.427826
5982 6 9 10
0.764149 -0.294928 0.573667 144.798279
6558 6 9 11
0.987316 -0.137145 -0.079995 150.339523
7134 6 9 12
0.645356 0.152318 -0.748542 142.414307
7710 6 9 13
0.365149 0.264851 -0.892480 122.515938
8286 6 9 14
0.237635 0.310705 -0.920322 95.054260
5430 6 10 9
0.466342 -0.450802 0.761119 116.105820
6006 6 10 10
0.582293 -0.514916 0.629124 135.240570
7734 6 10 13
0.434218 0.132387 -0.891027 127.348373
5454 6 11 9
0.393435 -0.509526 0.765240 101.659401
6030 6 11 10
0.480044 -0.558668 0.676349 121.851616
5478 6 12 9
0.358519 -0.533883 0.765789 86.429367
6054 6 12 10
0.436843 -0.562213 0.702200 107.234962
7206 6 12 12
0.817391 -0.542653 0.193391 131.021484
7782 6 12 13
0.807362 -0.199475 -0.555316 128.591370
5502 6 13 9
0.349267 -0.573779 0.740804 70.730354
6078 6 13 10
0.420591 -0.602695 0.678131 91.106209
6654 6 13 11
0.522856 -0.637254 0.566152 108.583694
7230 6 13 12
0.664850 -0.669605 0.331064 119.874237
7806 6 13 13
0.776598 -0.607614 -0.166438 122.114601
7254 6 14 12
0.544805 -0.775102 0.320008 101.585762
7830 6 14 13
0.596643 -0.802348 0.015973 106.488136
8406 6 14 14
0.569961 -0.721631 -0.392928 102.019188
8982 6 14 15
0.450456 -0.529539 -0.718803 88.308174
9558 6 14 16
0.327086 -0.350978 -0.877399 68.169197
9006 6 15 15
0.402638 -0.772490 -0.491062 71.165016
9582 6 15 16
0.323174 -0.631226 -0.705062 55.801559
5263 7 3 9
0.044848 0.997255 -0.058922 56.845524
5839 7 3 10
0.019297 0.929387 -0.368602 51.674194
5287 7 4 9
0.084661 0.996398 0.004778 80.411568
5863 7 4 10
0.042082 0.934900 -0.352408 75.420853
4735 7 5 8
0.197731 0.770257 0.606306 95.328384
5311 7 5 9
0.154536 0.977956 0.140434 104.735909
5887 7 5 10
0.082626 0.951228 -0.297216 102.034538
4759 7 6 8
0.289887 0.547207 0.785194 112.012314
5335 7 6 9
0.270307 0.881656 0.386804 126.408043
5911 7 6 10
0.159750 0.968325 -0.191904 128.136108
5359 7 7 9
0.415814 0.544492 0.728441 141.363373
5935 7 7 10
0.340823 0.939669 0.029342 148.630310
6511 7 7 11
0.161078 0.845937 -0.508374 142.447418
7087 7 7 12
0.086967 0.719228 -0.689310 124.566261
5383 7 8 9
0.452555 -0.029504 0.891248 146.269653
5959 7 8 10
0.709817 0.380997 0.592453 158.622253
6535 7 8 11
0.405007 0.685740 -0.604756 157.626923
7111 7 8 12
0.167079 0.538962 -0.825594 143.237137
7687 7 8 13
0.103771 0.471042 -0.875986 118.355667
6559 7 9 11
0.844964 -0.369174 -0.386970 160.533890
7135 7 9 12
0.290733 0.159521 -0.943413 151.009033
7711 7 9 13
0.150204 0.265652 -0.952296 129.511948
8287 7 9 14
0.105374 0.306701 -0.945955 100.448380
7735 7 10 13
0.206541 0.134342 -0.969171 134.262314
8311 7 10 14
0.129712 0.266681 -0.955016 109.112869
5455 7 11 9
0.274186 -0.567368 0.776477 111.235046
5479 7 12 9
0.254591 -0.552185 0.793899 95.057442
6055 7 12 10
0.290594 -0.573729 0.765761 116.626274
5503 7 13 9
0.255948 -0.564197 0.784967 79.122200
6079 7 13 10
0.300717 -0.587490 0.751283 101.216438
6655 7 13 11
0.395665 -0.632814 0.665579 120.064232
7231 7 13 12
0.575875 -0.704115 0.415440 131.907593
7807 7 13 13
0.732944 -0.615120 -0.290551 133.694550
6679 7 14 11
0.385903 -0.722910 0.573132 101.959053
7255 7 14 12
0.471695 -0.802826 0.364656 115.356316
7831 7 14 13
0.538395 -0.842468 -0.019460 120.057556
8407 7 14 14
0.493253 -0.711888 -0.499917 114.183441
8983 7 14 15
0.363492 -0.479977 -0.798433 98.241783
9559 7 14 16
0.257997 -0.306978 -0.916080 75.538925
8431 7 15 14
0.407970 -0.872526 -0.268810 93.062706
9007 7 15 15
0.342529 -0.756939 -0.556523 81.161667
9583 7 15 16
0.266353 -0.605542 -0.749917 63.111477
5264 8 3 9
-0.311922 0.947183 -0.074487 53.669273
4712 8 4 8
-0.310572 0.874256 0.373125 72.477364
5288 8 4 9
-0.341749 0.939469 -0.024612 76.874191
4736 8 5 8
-0.300559 0.801269 0.517332 93.849152
5312 8 5 9
-0.359241 0.929859 0.079421 101.724869
4184 8 6 7
-0.112382 0.449636 0.886114 90.955284
4760 8 6 8
-0.243273 0.657718 0.712899 112.645073
5336 8 6 9
-0.358622 0.892574 0.273315 125.015060
4208 8 7 7
0.007109 0.231751 0.972749 100.625031
4784 8 7 8
-0.117264 0.378219 0.918259 125.567734
5360 8 7 9
-0.307686 0.715144 0.627613 142.474655
5936 8 7 10
-0.373339 0.926191 -0.052803 147.759369
6512 8 7 11
-0.274063 0.835965 -0.475449 140.598572
7088 8 7 12
-0.183301 0.737469 -0.650031 122.785950
7664 8 7 13
-0.117181 0.661373 -0.740847 97.974434
4232 8 8 7
0.145834 -0.034577 0.988705 103.439674
4808 8 8 8
0.058492 -0.021130 0.998064 129.855560
5384 8 8 9
-0.097264 0.124236 0.987474 150.127670
5960 8 8 10
-0.443366 0.751689 0.488252 160.244827
6536 8 8 11
-0.300625 0.753965 -0.584091 157.928284
7112 8 8 12
-0.152722 0.593351 -0.790323 143.225418
7688 8 8 13
-0.077074 0.514121 -0.854247 118.685112
6560 8 9 11
-0.228584 -0.195762 -0.953639 162.955795
7136 8 9 12
-0.055904 0.260366 -0.963890 152.844940
7712 8 9 13
-0.008522 0.315427 -0.948912 131.320358
8288 8 9 14
0.020802 0.337956 -0.940932 102.394470
7736 8 10 13
0.087381 0.186078 -0.978642 137.289322
8312 8 10 14
0.079223 0.296953 -0.951600 112.030205
6104 8 14 10
0.291883 -0.620279 0.728051 92.040031
6680 8 14 11
0.350122 -0.684489 0.639445 112.347374
7256 8 14 12
0.453425 -0.783869 0.424211 126.756111
7832 8 14 13
0.551069 -0.833488 -0.040259 131.589706
8408 8 14 14
0.491009 -0.650152 -0.579839 124.860451
8984 8 14 15
0.353463 -0.409997 -0.840813 107.277679
9560 8 14 16
0.257487 -0.261248 -0.930296 82.514961
6704 8 15 11
0.365159 -0.771769 0.520606 90.147491
7280 8 15 12
0.414425 -0.850651 0.323489 103.753029
7856 8 15 13
0.443776 -0.895770 0.025672 109.359207
8432 8 15 14
0.419563 -0.847904 -0.324078 104.965561
9008 8 15 15
0.348259 -0.712751 -0.608853 90.952385
9584 8 15 16
0.271990 -0.563515 -0.780046 70.374924
4737 9 5 8
-0.601355 0.710367 0.365719 80.902603
5313 9 5 9
-0.626072 0.778715 0.040459 86.889923
4185 9 6 7
-0.449278 0.520608 0.726028 82.704697
4761 9 6 8
-0.587728 0.638657 0.496683 100.675735
5337 9 6 9
-0.645863 0.746597 0.159542 110.498489
4209 9 7 7
-0.352103 0.384878 0.853166 95.692230
4785 9 7 8
-0.525911 0.503808 0.685270 116.944313
5361 9 7 9
-0.655391 0.666061 0.356125 130.855225
5937 9 7 10
-0.633770 0.772078 -0.047229 134.834610
6513 9 7 11
-0.506916 0.786682 -0.352375 128.378357
7089 9 7 12
-0.370925 0.753982 -0.542150 112.856216
3657 9 8 6
-0.058403 0.147916 0.987274 77.659584
4233 9 8 7
-0.177587 0.156594 0.971566 103.194855
4809 9 8 8
-0.355667 0.224300 0.907298 126.379105
5385 9 8 9
-0.590216 0.410304 0.695194 143.583206
5961 9 8 10
-0.722904 0.668405 0.175054 151.832016
6537 9 8 11
-0.565445 0.735794 -0.372663 149.361542
7113 9 8 12
-0.357624 0.670154 -0.650383 136.049713
7689 9 8 13
-0.212033 0.594432 -0.775689 113.784698
3681 9 9 6
0.126046 -0.093404 0.987617 78.436653
4257 9 9 7
0.059772 -0.144857 0.987646 103.395897
5409 9 9 9
-0.224741 -0.169324 0.959594 145.987900
5985 9 9 10
-0.616343 0.017931 0.787274 157.675812
6561 9 9 11
-0.714888 0.519980 -0.467500 159.382492
7137 9 9 12
-0.272699 0.474565 -0.836913 149.748062
7713 9 9 13
-0.111683 0.436937 -0.892532 129.559464
8289 9 9 14
-0.029308 0.420034 -0.907035 102.187996
3705 9 10 6
0.283635 -0.319379 0.904184 73.127983
7737 9 10 13
0.050510 0.318844 -0.946460 138.703400
8313 9 10 14
0.077211 0.374844 -0.923867 114.283081
6105 9 14 10
0.346606 -0.574344 0.741615 101.478203
6681 9 14 11
0.385765 -0.620195 0.683040 122.457550
7257 9 14 12
0.502345 -0.714789 0.486545 137.645203
7833 9 14 13
0.641423 -0.766296 -0.036976 142.931778
8409 9 14 14
0.552774 -0.549613 -0.626391 135.933319
8985 9 14 15
0.392755 -0.330810 -0.858084 117.224564
9561 9 14 16
0.293069 -0.214951 -0.931615 90.639305
6705 9 15 11
0.407175 -0.716156 0.566859 102.309349
7281 9 15 12
0.466587 -0.805504 0.365322 117.209396
7857 9 15 13
0.513744 -0.857630 0.023212 123.289238
8433 9 15 14
0.486398 -0.791277 -0.370537 118.162300
9009 9 15 15
0.400638 -0.643779 -0.651949 102.270485
9585 9 15 16
0.315888 -0.505455 -0.802950 79.117607
3106 10 9 5
-0.077821 0.111640 0.990697 55.723045
3682 10 9 6
-0.133496 0.118968 0.983883 78.463821
4258 10 9 7
-0.221084 0.138951 0.965305 101.571930
4834 10 9 8
-0.347577 0.196072 0.916922 122.661003
5410 10 9 9
-0.515937 0.334578 0.788585 139.490921
5986 10 9 10
-0.680144 0.590938 0.433815 149.831665
6562 10 9 11
-0.608689 0.767621 -0.200640 151.572876
7138 10 9 12
-0.356402 0.700062 -0.618782 143.352249
7714 10 9 13
-0.173663 0.604112 -0.777747 125.512138
8290 10 9 14
-0.060597 0.543101 -0.837478 100.708344
8866 10 9 15
0.015381 0.510181 -0.859929 73.415352
3130 10 10 5
0.088129 -0.127238 0.987949 55.570580
3706 10 10 6
0.098781 -0.157010 0.982644 78.024254
4282 10 10 7
0.094937 -0.187801 0.977608 100.990181
5434 10 10 9
0.016380 -0.201939 0.979261 140.681885
6010 10 10 10
-0.082134 -0.097057 0.991884 153.518021
6586 10 10 11
-0.390518 0.899295 0.196886 158.680923
7162 10 10 12
-0.054149 0.597351 -0.800150 154.222046
7738 10 10 13
0.031694 0.514645 -0.856817 139.631424
8314 10 10 14
0.080993 0.492560 -0.866501 116.670616
8890 10 10 15
0.117893 0.486232 -0.865840 89.216026
9538 10 13 16
0.281356 0.158437 -0.946434 100.483063
6682 10 14 11
0.454629 -0.554943 0.696671 133.912201
7258 10 14 12
0.571764 -0.619701 0.537640 149.265533
7834 10 14 13
0.751787 -0.659212 -0.016022 155.014145
8410 10 14 14
0.616328 -0.429015 -0.660368 148.160141
8986 10 14 15
0.424805 -0.246076 -0.871199 128.745361
9562 10 14 16
0.318573 -0.164900 -0.933445 100.466171
10138 10 14 17
0.257587 -0.126612 -0.957924 69.558815
6706 10 15 11
0.467201 -0.646721 0.602888 116.183357
7282 10 15 12
0.532502 -0.736313 0.417474 132.041519
7858 10 15 13
0.601357 -0.798166 0.036074 138.793457
8434 10 15 14
0.562791 -0.714568 -0.415523 133.384186
9010 10 15 15
0.451310 -0.557600 -0.696708 115.915726
9586 10 15 16
0.353885 -0.433621 -0.828697 90.101685
3683 11 9 6
-0.368689 0.326819 0.870206 72.259583
5411 11 9 9
-0.559868 0.628807 0.539583 128.036224
5987 11 9 10
-0.573679 0.767538 0.285967 138.076447
6563 11 9 11
-0.507051 0.859498 -0.064516 140.770157
7139 11 9 12
-0.361130 0.841202 -0.402448 134.728333
7715 11 9 13
-0.205747 0.756399 -0.620909 119.932251
8291 11 9 14
-0.082304 0.674962 -0.733248 98.387589
8867 11 9 15
0.011030 0.617845 -0.786222 73.823158
3131 11 10 5
-0.153940 0.042158 0.987180 54.869488
3707 11 10 6
-0.164460 0.079844 0.983147 77.307808
4283 11 10 7
-0.178233 0.134904 0.974697 100.136375
4859 11 10 8
-0.201192 0.218709 0.954824 121.247124
5435 11 10 9
-0.242812 0.363185 0.899522 138.872635
6011 11 10 10
-0.306301 0.640865 0.703898 151.255554
6587 11 10 11
-0.294799 0.951441 0.088621 156.478455
7163 11 10 12
-0.133409 0.853789 -0.503235 152.873260
7739 11 10 13
-0.013774 0.702536 -0.711515 139.899673
8315 11 10 14
0.061233 0.621132 -0.781310 118.905540
8891 11 10 15
0.115341 0.576736 -0.808747 93.109825
3731 11 11 6
0.067920 -0.189990 0.979434 75.902313
4307 11 11 7
0.132622 -0.190721 0.972644 99.350182
9539 11 13 16
0.259955 0.183743 -0.947978 109.724976
6683 11 14 11
0.486376 -0.522441 0.700353 146.325562
7259 11 14 12
0.584559 -0.555138 0.591703 160.879395
7835 11 14 13
0.812014 -0.583586 0.007759 166.706039
8411 11 14 14
0.606031 -0.311963 -0.731714 160.213272
8987 11 14 15
0.393768 -0.160463 -0.905096 140.586334
9563 11 14 16
0.295691 -0.111765 -0.948723 111.004623
10139 11 14 17
0.242040 -0.094645 -0.965639 77.824181
6707 11 15 11
0.481733 -0.600510 0.638217 130.902420
7283 11 15 12
0.542311 -0.683597 0.488461 146.951614
7859 11 15 13
0.640693 -0.764864 0.067042 154.281158
8435 11 15 14
0.586388 -0.651068 -0.481933 149.055725
9011 11 15 15
0.445486 -0.470869 -0.761462 130.606430
5412 12 9 9
-0.534095 0.730562 0.425466 112.792007
5988 12 9 10
-0.503198 0.825755 0.254793 123.495316
6564 12 9 11
-0.441476 0.896957 0.023830 127.926788
7140 12 9 12
-0.341534 0.909033 -0.238776 124.604866
7716 12 9 13
-0.218688 0.858845 -0.463207 113.262199
8292 12 9 14
-0.098630 0.785082 -0.611489 95.418335
3708 12 10 6
-0.382910 0.272501 0.882679 70.448616
4284 12 10 7
-0.395870 0.374808 0.838335 92.797630
4860 12 10 8
-0.397784 0.495122 0.772413 114.000946
5436 12 10 9
-0.391262 0.636958 0.664227 132.112625
6012 12 10 10
-0.373903 0.803088 0.463947 145.255219
6588 12 10 11
-0.319205 0.940894 0.113251 151.553909
7164 12 10 12
-0.206703 0.934471 -0.289891 149.498795
7740 12 10 13
-0.085562 0.828482 -0.553441 138.637070
8316 12 10 14
0.011499 0.731070 -0.682206 120.108894
8892 12 10 15
0.088029 0.660736 -0.745439 96.570686
3732 12 11 6
-0.197766 0.027189 0.979872 74.266968
4308 12 11 7
-0.164616 0.090568 0.982191 98.955223
4884 12 11 8
-0.115751 0.170982 0.978451 122.433876
5460 12 11 9
-0.057198 0.285753 0.956595 142.499847
6036 12 11 10
0.002748 0.501144 0.865359 157.407547
6612 12 11 11
0.058092 0.893359 0.445572 165.674789
7188 12 11 12
0.075337 0.949744 -0.303826 166.049026
4332 12 12 7
0.081619 -0.199932 0.976404 97.378304
4908 12 12 8
0.185512 -0.206382 0.960725 121.772362
5484 12 12 9
0.297546 -0.212829 0.930683 142.847992
4356 12 13 7
0.245636 -0.380153 0.891710 89.275650
9540 12 13 16
0.173295 0.203695 -0.963575 117.310524
10116 12 13 17
0.164919 0.146333 -0.975391 83.771858
7260 12 14 12
0.434675 -0.592138 0.678550 169.645874
7836 12 14 13
0.704671 -0.709355 0.015963 174.852051
8412 12 14 14
0.390004 -0.210787 -0.896363 168.772751
8988 12 14 15
0.245107 -0.080292 -0.966166 149.651398
9564 12 14 16
0.198853 -0.061022 -0.978128 119.756668
10140 12 14 17
0.175243 -0.062871 -0.982516 85.172241
6708 12 15 11
0.377463 -0.621591 0.686401 143.144897
7284 12 15 12
0.392786 -0.703017 0.592862 158.260498
7860 12 15 13
0.507221 -0.851607 0.132260 165.715515
8436 12 15 14
0.455438 -0.646743 -0.611800 161.119125
9012 12 15 15
0.324736 -0.397127 -0.858392 142.755569
7308 12 16 12
0.415640 -0.768401 0.486624 141.138947
7884 12 16 13
0.491127 -0.864649 0.105714 149.009155
6589 13 10 11
-0.338587 0.927963 0.155705 143.543396
7165 13 10 12
-0.260053 0.952826 -0.156510 143.562134
7741 13 10 13
-0.161651 0.892771 -0.420511 135.096680
8317 13 10 14
-0.060572 0.807926 -0.586162 119.373451
8893 13 10 15
0.034915 0.728531 -0.684123 98.684013
4309 13 11 7
-0.379187 0.279186 0.882197 91.295387
4885 13 11 8
-0.350495 0.385047 0.853752 116.119972
5461 13 11 9
-0.312805 0.514795 0.798210 138.059875
6037 13 11 10
-0.279248 0.693803 0.663821 154.630310
6613 13 11 11
-0.251882 0.911663 0.324693 163.941330
7189 13 11 12
-0.193887 0.961458 -0.194950 164.935532
7765 13 11 13
-0.113631 0.839322 -0.531627 157.490021
8341 13 11 14
-0.035766 0.727449 -0.685229 142.295883
8917 13 11 15
0.038018 0.637012 -0.769916 120.719444
4333 13 12 7
-0.208489 0.011616 0.977956 95.489670
4909 13 12 8
-0.150169 0.044852 0.987642 122.096542
5485 13 12 9
-0.074243 0.076433 0.994307 145.175781
6061 13 12 10
-0.001451 0.142066 0.989856 162.470337
6637 13 12 11
0.006310 0.436188 0.899833 172.837860
7213 13 12 12
-0.154337 0.980747 -0.119650 175.864487
7789 13 12 13
-0.139488 0.739108 -0.658987 171.277863
4357 13 13 7
-0.039346 -0.232827 0.971722 92.225494
4933 13 13 8
0.045395 -0.282513 0.958189 118.772377
5509 13 13 9
0.139575 -0.361083 0.922029 141.725266
6085 13 13 10
0.202556 -0.451371 0.869043 159.357666
9541 13 13 16
0.015809 0.206593 -0.978299 120.649406
10117 13 13 17
0.058311 0.139551 -0.988497 87.697823
4381 13 14 7
0.077385 -0.395269 0.915300 83.171898
4957 13 14 8
0.154867 -0.474441 0.866557 108.236084
8413 13 14 14
-0.250563 -0.123082 -0.960244 170.137772
8989 13 14 15
-0.058721 -0.018519 -0.998103 152.327286
9565 13 14 16
0.020056 -0.020711 -0.999584 123.657898
10141 13 14 17
0.057938 -0.037016 -0.997634 89.388870
4405 13 15 7
0.138224 -0.489418 0.861025 70.882767
4981 13 15 8
0.192938 -0.568555 0.799700 93.626572
7285 13 15 12
-0.065102 -0.770710 0.633851 161.856979
7861 13 15 13
-0.203905 -0.958017 0.201560 168.640152
8437 13 15 14
-0.103577 -0.658897 -0.745068 164.901047
9013 13 15 15
0.024964 -0.331762 -0.943033 147.958954
9589 13 15 16
0.075530 -0.226963 -0.970970 119.438469
5005 13 16 8
0.189213 -0.623110 0.758902 77.552254
7309 13 16 12
-0.012461 -0.825940 0.563620 146.534042
7885 13 16 13
-0.016274 -0.979954 0.198559 154.785782
8461 13 16 14
0.069595 -0.869436 -0.489120 152.105209
9037 13 16 15
0.128372 -0.561491 -0.817464 136.062363
5605 13 17 9
0.146978 -0.729505 0.667997 78.454926
6757 13 17 11
0.050924 -0.807764 0.587302 111.844681
7333 13 17 12
0.030895 -0.885781 0.463075 126.100594
7909 13 17 13
0.068037 -0.986164 0.151170 134.296906
8485 13 17 14
0.143509 -0.931096 -0.335360 132.099686
9061 13 17 15
0.186874 -0.711958 -0.676901 117.579735
5629 13 18 9
0.109752 -0.785502 0.609049 59.847191
6205 13 18 10
0.075305 -0.825107 0.559935 74.337257
6781 13 18 11
0.047657 -0.867825 0.494580 88.677811
7357 13 18 12
0.048897 -0.930636 0.362666 101.084686
7933 13 18 13
0.088671 -0.989988 0.109827 108.169739
8509 13 18 14
0.149081 -0.958443 -0.243231 106.340034
9085 13 18 15
0.191574 -0.814063 -0.548271 94.204208
9661 13 18 16
0.206857 -0.652251 -0.729232 74.065887
6805 13 19 11
0.040155 -0.913065 0.405832 64.203773
7381 13 19 12
0.047272 -0.957977 0.282924 73.814072
7957 13 19 13
0.079171 -0.993477 0.082070 79.261711
8533 13 19 14
0.124703 -0.975191 -0.182900 77.876366
9109 13 19 15
0.163583 -0.882896 -0.440153 68.735916
9685 13 19 16
0.185333 -0.754904 -0.629104 53.715168
8318 14 10 14
-0.145531 0.849334 -0.507398 116.162468
5462 14 11 9
-0.399838 0.573770 0.714785 127.794495
6038 14 11 10
-0.374979 0.717051 0.587561 146.766495
6614 14 11 11
-0.370706 0.877698 0.303682 157.808502
7190 14 11 12
-0.352368 0.926350 -0.133084 159.664261
7766 14 11 13
-0.292704 0.833677 -0.468301 152.885269
8342 14 11 14
-0.210618 0.733798 -0.645895 139.043350
8918 14 11 15
-0.113502 0.644146 -0.756435 119.724609
5486 14 12 9
-0.331178 0.257702 0.907695 140.056122
6062 14 12 10
-0.346861 0.349265 0.870461 159.294525
6638 14 12 11
-0.516676 0.578650 0.631040 170.135330
7214 14 12 12
-0.651608 0.729207 -0.208962 172.286957
7790 14 12 13
-0.495910 0.600546 -0.627230 166.642181
8366 14 12 14
-0.360791 0.532092 -0.765969 154.076660
9518 14 12 16
-0.111588 0.367425 -0.923335 109.904381
4358 14 13 7
-0.279455 -0.090677 0.955867 87.279594
4934 14 13 8
-0.244141 -0.124422 0.961725 115.735138
5510 14 13 9
-0.205286 -0.205012 0.956989 140.786880
6086 14 13 10
-0.208967 -0.349789 0.913225 159.309906
6662 14 13 11
-0.409605 -0.535132 0.738822 170.198105
7238 14 13 12
-0.909238 -0.410852 0.066990 173.948685
9542 14 13 16
-0.187319 0.181339 -0.965416 118.061310
10118 14 13 17
-0.081934 0.117117 -0.989733 87.391052
4382 14 14 7
-0.188424 -0.297384 0.935980 81.411247
4958 14 14 8
-0.149707 -0.391950 0.907724 108.174469
5534 14 14 9
-0.113449 -0.530047 0.840345 131.559540
8414 14 14 14
-0.717691 -0.100254 -0.689108 162.785797
8990 14 14 15
-0.406273 0.003337 -0.913746 146.752441
9566 14 14 16
-0.202719 0.002830 -0.979233 120.823433
10142 14 14 17
-0.088608 -0.018866 -0.995888 88.920174
4406 14 15 7
-0.134900 -0.443010 0.886309 70.833427
4982 14 15 8
-0.110565 -0.551767 0.826637 94.699249
5558 14 15 9
-0.103123 -0.671121 0.734141 115.929214
8438 14 15 14
-0.705067 -0.468210 -0.532598 158.336151
9014 14 15 15
-0.372720 -0.263388 -0.889779 143.818802
9590 14 15 16
-0.159112 -0.176179 -0.971414 118.181412
5006 14 16 8
-0.117427 -0.640111 0.759255 78.430901
5582 14 16 9
-0.140091 -0.728622 0.670436 97.341171
7310 14 16 12
-0.456932 -0.761359 0.459940 140.802307
7886 14 16 13
-0.576376 -0.791672 0.202597 148.559631
8462 14 16 14
-0.535752 -0.762994 -0.361677 147.475204
9038 14 16 15
-0.277241 -0.536687 -0.796934 134.319824
5030 14 17 8
-0.143380 -0.698963 0.700638 61.556847
5606 14 17 9
-0.183451 -0.763712 0.618942 77.884003
6182 14 17 10
-0.248932 -0.791537 0.558124 93.220520
6758 14 17 11
-0.327150 -0.795238 0.510461 107.776649
7334 14 17 12
-0.395878 -0.816046 0.421129 120.817421
7910 14 17 13
-0.428514 -0.881891 0.196583 129.429962
8486 14 17 14
-0.360866 -0.902596 -0.234728 129.354095
9062 14 17 15
-0.187547 -0.740776 -0.645041 117.736618
5630 14 18 9
-0.207475 -0.801297 0.561139 58.597000
6206 14 18 10
-0.259664 -0.824677 0.502476 71.767342
6782 14 18 11
-0.307201 -0.839197 0.448750 84.771240
7358 14 18 12
-0.334550 -0.873406 0.353890 96.603172
7934 14 18 13
-0.325345 -0.932185 0.158687 104.470284
8510 14 18 14
-0.257015 -0.952754 -0.161876 104.684639
9086 14 18 15
-0.139511 -0.855791 -0.498155 95.029205
9662 14 18 16
-0.031468 -0.696324 -0.717037 76.771263
5654 14 19 9
-0.208303 -0.841752 0.498060 40.532162
6230 14 19 10
-0.246244 -0.863983 0.439201 50.703514
6806 14 19 11
-0.273710 -0.883200 0.380843 60.950851
7382 14 19 12
-0.280823 -0.915823 0.287066 70.282272
7958 14 19 13
-0.259568 -0.957980 0.122057 76.429634
8534 14 19 14
-0.203845 -0.971510 -0.120898 76.606033
9110 14 19 15
-0.122118 -0.914050 -0.386781 69.286980
9686 14 19 16
-0.040345 -0.799953 -0.598705 55.622761
6615 15 11 11
-0.411653 0.853558 0.319344 148.690338
7191 15 11 12
-0.433183 0.894567 -0.110006 151.271942
7767 15 11 13
-0.413141 0.792621 -0.448405 144.693878
8343 15 11 14
-0.365607 0.690115 -0.624558 131.653137
8919 15 11 15
-0.287042 0.605183 -0.742536 114.343254
9495 15 11 16
-0.181519 0.502313 -0.845419 93.803757
10071 15 11 17
-0.079602 0.382629 -0.920467 71.098969
6063 15 12 10
-0.459543 0.406902 0.789463 151.066696
6639 15 12 11
-0.657108 0.569841 0.493447 162.971756
7215 15 12 12
-0.769890 0.579135 -0.268089 164.464615
7791 15 12 13
-0.639936 0.448615 -0.623880 157.439011
8367 15 12 14
-0.542226 0.404854 -0.736263 144.362183
9519 15 12 16
-0.294752 0.295357 -0.908782 104.196320
10095 15 12 17
-0.171968 0.208918 -0.962694 78.707878
5511 15 13 9
-0.384724 -0.087439 0.918881 133.046631
6087 15 13 10
-0.450988 -0.225874 0.863476 153.309875
6663 15 13 11
-0.711215 -0.446834 0.542689 164.088684
7239 15 13 12
-0.907498 -0.363258 -0.210931 165.769211
9543 15 13 16
-0.365474 0.137859 -0.920556 109.951401
10119 15 13 17
-0.222489 0.087464 -0.971004 82.736176
5535 15 14 9
-0.329842 -0.458004 0.825492 125.480667
6111 15 14 10
-0.354287 -0.653949 0.668455 143.855240
9567 15 14 16
-0.380096 0.015235 -0.924822 112.080116
5559 15 15 9
-0.313442 -0.650087 0.692200 109.886864
6135 15 15 10
-0.340683 -0.771280 0.537646 126.523239
9015 15 15 15
-0.616813 -0.222726 -0.754940 132.113037
9591 15 15 16
-0.351025 -0.136838 -0.926314 110.523811
8463 15 16 14
-0.750207 -0.629737 -0.201548 133.626007
9039 15 16 15
-0.564774 -0.502698 -0.654465 123.944519
9615 15 16 16
-0.301512 -0.350837 -0.886569 103.942070
8487 15 17 14
-0.610662 -0.785791 -0.098103 116.438950
9063 15 17 15
-0.467297 -0.727468 -0.502418 108.713928
9639 15 17 16
-0.256319 -0.573613 -0.777990 91.151337
8511 15 18 14
-0.497916 -0.865477 -0.055049 93.216286
9087 15 18 15
-0.384902 -0.844387 -0.372641 87.174309
9663 15 18 16
-0.229680 -0.734295 -0.638795 72.873734
9448 16 9 16
-0.145148 0.833308 -0.533413 57.683769
10024 16 9 17
-0.088782 0.727867 -0.679946 45.371235
9472 16 10 16
-0.244835 0.669232 -0.701559 74.617004
10048 16 10 17
-0.170319 0.537222 -0.826065 58.031368
6616 16 11 11
-0.430502 0.832568 0.348567 138.168945
7192 16 11 12
-0.472037 0.875174 -0.106077 141.295319
7768 16 11 13
-0.467719 0.751764 -0.464854 134.553299
8344 16 11 14
-0.453777 0.629100 -0.631125 121.626015
9496 16 11 16
-0.352250 0.431824 -0.830330 87.253639
10072 16 11 17
-0.254582 0.314601 -0.914447 67.180450
6640 16 12 11
-0.678448 0.566617 0.467603 153.295090
7216 16 12 12
-0.774825 0.549124 -0.313224 154.599869
7792 16 12 13
-0.636174 0.380407 -0.671247 146.312347
9520 16 12 16
-0.422377 0.225710 -0.877868 94.882683
10096 16 12 17
-0.307818 0.151605 -0.939289 72.460770
6088 16 13 10
-0.516465 -0.136881 0.845297 143.724686
6664 16 13 11
-0.785957 -0.361446 0.501625 155.420914
7240 16 13 12
-0.858303 -0.356929 -0.368669 156.059006
7816 16 13 13
-0.722625 -0.123483 -0.680122 148.478409
9544 16 13 16
-0.446276 0.114392 -0.887554 98.940315
10120 16 13 17
-0.316131 0.076904 -0.945593 75.196449
5536 16 14 9
-0.403075 -0.397409 0.824376 115.002411
6112 16 14 10
-0.420529 -0.611144 0.670566 134.953003
6688 16 14 11
-0.482574 -0.810569 0.331814 145.671051
5560 16 15 9
-0.378287 -0.625349 0.682523 99.612144
6136 16 15 10
-0.368402 -0.777356 0.509899 116.835953
9040 16 16 15
-0.633435 -0.545942 -0.548368 110.443062
9616 16 16 16
-0.390418 -0.369204 -0.843364 94.921165
10192 16 16 17
-0.190395 -0.246421 -0.950277 72.760361
9064 16 17 15
-0.542731 -0.759613 -0.358374 95.745415
9640 16 17 16
-0.353082 -0.630725 -0.691028 83.009979
10216 16 17 17
-0.169192 -0.475955 -0.863042 63.839851
9449 17 9 16
-0.312843 0.794820 -0.519991 52.901672
10025 17 9 17
-0.297887 0.688487 -0.661248 41.878914
6593 17 10 11
-0.335079 0.882264 0.330655 102.316292
7169 17 10 12
-0.347650 0.937559 0.011048 107.560364
7745 17 10 13
-0.354910 0.891663 -0.281027 103.671890
9473 17 10 16
-0.403442 0.609400 -0.682544 67.502182
10049 17 10 17
-0.367154 0.480011 -0.796735 52.647835
6617 17 11 11
-0.464595 0.798799 0.382193 126.748665
7193 17 11 12
-0.502070 0.860365 -0.087736 130.617966
7769 17 11 13
-0.475854 0.737216 -0.479662 123.978745
9497 17 11 16
-0.455090 0.378777 -0.805867 78.033806
10073 17 11 17
-0.399159 0.266754 -0.877220 60.005978
6641 17 12 11
-0.666400 0.564540 0.487037 142.279449
7217 17 12 12
-0.741141 0.608523 -0.283566 144.385864
7793 17 12 13
-0.558492 0.422071 -0.714103 135.810577
9521 17 12 16
-0.446733 0.215562 -0.868310 84.449532
10097 17 12 17
-0.383095 0.143450 -0.912502 64.231842
6089 17 13 10
-0.524809 -0.057751 0.849259 132.308517
6665 17 13 11
-0.782392 -0.210217 0.586234 145.933197
7241 17 13 12
-0.854954 -0.270324 -0.442695 147.252747
5537 17 14 9
-0.415198 -0.342762 0.842689 102.806129
6113 17 14 10
-0.426774 -0.541309 0.724464 124.830933
6689 17 14 11
-0.446352 -0.797348 0.406211 137.358414
5561 17 15 9
-0.374592 -0.595674 0.710530 88.254967
6137 17 15 10
-0.335759 -0.764147 0.550768 107.016869
6713 17 15 11
-0.299575 -0.897863 0.322640 118.790985
9617 17 16 16
-0.337659 -0.430159 -0.837227 87.032486
10193 17 16 17
-0.177612 -0.251409 -0.951445 68.357178
9641 17 17 16
-0.324065 -0.723752 -0.609234 75.264610
10217 17 17 17
-0.174085 -0.535829 -0.826185 59.882645
10026 18 9 17
-0.459518 0.622087 -0.633917 35.409733
6594 18 10 11
-0.412955 0.835677 0.362095 91.142654
7170 18 10 12
-0.424695 0.904541 0.037939 97.007896
7746 18 10 13
-0.411459 0.868719 -0.275734 93.739998
9474 18 10 16
-0.485095 0.560203 -0.671458 58.208454
10050 18 10 17
-0.490783 0.436116 -0.754278 44.512505
6618 18 11 11
-0.525428 0.743818 0.413111 113.777725
7194 18 11 12
-0.549294 0.835216 -0.026279 118.974236
7770 18 11 13
-0.484180 0.754100 -0.443737 113.417175
9498 18 11 16
-0.467158 0.386232 -0.795354 67.976257
10074 18 11 17
-0.463769 0.274582 -0.842332 51.120277
6642 18 12 11
-0.660602 0.547904 0.513232 129.704361
7218 18 12 12
-0.715791 0.685945 -0.130850 133.906296
6090 18 13 10
-0.541665 0.020887 0.840335 119.274155
6666 18 13 11
-0.743236 -0.002486 0.669025 135.522415
7242 18 13 12
-0.967770 0.039710 -0.248686 139.458832
5538 18 14 9
-0.429627 -0.281524 0.858000 89.917191
6114 18 14 10
-0.448901 -0.431279 0.782615 113.845520
6690 18 14 11
-0.468984 -0.674372 0.570330 129.376892
5562 18 15 9
-0.372524 -0.546342 0.750157 77.053604
6138 18 15 10
-0.329697 -0.707565 0.625021 97.661591
6714 18 15 11
-0.258875 -0.869846 0.419943 112.057251
7290 18 15 12
-0.174905 -0.973791 0.145395 118.734001
9618 18 16 16
-0.235391 -0.500406 -0.833177 81.908257
10194 18 16 17
-0.164100 -0.269330 -0.948964 64.929024
9642 18 17 16
-0.257462 -0.800074 -0.541844 69.520142
10218 18 17 17
-0.182707 -0.592250 -0.784766 56.372505
6571 19 9 11
-0.431626 0.834159 0.343334 56.108788
7147 19 9 12
-0.436135 0.895035 0.093264 61.716331
7723 19 9 13
-0.423304 0.892556 -0.155429 60.885731
6595 19 10 11
-0.516038 0.766318 0.382704 77.760101
7171 19 10 12
-0.527161 0.845667 0.083366 84.354156
7747 19 10 13
-0.493452 0.838163 -0.232354 82.374107
7195 19 11 12
-0.614318 0.786249 0.066521 105.336746
6667 19 13 11
-0.723612 0.143223 0.675184 122.704063
6115 19 14 10
-0.506903 -0.305696 0.805978 100.977097
6691 19 14 11
-0.565773 -0.451990 0.689642 119.596680
7267 19 14 12
-0.651386 -0.691030 0.313327 128.461807
7843 19 14 13
-0.461808 -0.571229 -0.678551 127.168282
6715 19 15 11
-0.337855 -0.772910 0.537089 104.707985
7291 19 15 12
-0.258955 -0.923363 0.283447 114.641266
7867 19 15 13
-0.175688 -0.978668 -0.106498 116.655342
8443 19 15 14
-0.149103 -0.785040 -0.601233 111.504829
9019 19 15 15
-0.179737 -0.373859 -0.909903 100.100052
6739 19 16 11
-0.229897 -0.874189 0.427716 81.394257
7315 19 16 12
-0.166879 -0.947772 0.271807 91.446930
7891 19 16 13
-0.134914 -0.986572 0.092055 96.317574
8467 19 16 14
-0.160964 -0.974053 -0.159096 95.850937
9043 19 16 15
-0.231887 -0.827393 -0.511516 89.696655
9619 19 16 16
-0.266015 -0.536618 -0.800798 77.721428
10195 19 16 17
-0.242908 -0.294594 -0.924235 61.126358
9643 19 17 16
-0.285798 -0.817033 -0.500776 64.400032
10219 19 17 17
-0.267965 -0.618237 -0.738903 52.206711
10795 19 17 18
-0.220922 -0.442024 -0.869372 37.457333
7148 20 9 12
-0.557136 0.821438 0.121814 49.803074
7724 20 9 13
-0.535622 0.835630 -0.121784 49.785934
7172 20 10 12
-0.623663 0.770338 0.132756 69.274788
7748 20 10 13
-0.588368 0.792649 -0.159783 68.948631
8324 20 10 14
-0.530944 0.745253 -0.403357 62.042992
8348 20 11 14
-0.518181 0.696718 -0.496057 79.347061
8924 20 11 15
-0.449980 0.596698 -0.664431 65.204407
8372 20 12 14
-0.487014 0.633865 -0.600860 95.342644
8948 20 12 15
-0.380776 0.530877 -0.757086 78.828957
6668 20 13 11
-0.741652 0.206846 0.638097 106.049202
6692 20 14 11
-0.672274 -0.255057 0.694977 105.696350
7268 20 14 12
-0.832379 -0.321334 0.451542 118.060669
7844 20 14 13
-0.927003 -0.267651 -0.262732 120.262283
8420 20 14 14
-0.562264 -0.000651 -0.826958 112.549438
6716 20 15 11
-0.490089 -0.630133 0.602284 93.795944
7292 20 15 12
-0.500444 -0.772004 0.391874 106.549881
7868 20 15 13
-0.511875 -0.859040 0.005874 111.029961
8444 20 15 14
-0.492002 -0.705265 -0.510427 106.897369
9020 20 15 15
-0.429015 -0.369204 -0.824400 95.143196
7316 20 16 12
-0.320649 -0.889358 0.325926 84.886406
7892 20 16 13
-0.316424 -0.941690 0.114439 90.966873
8468 20 16 14
-0.354172 -0.920519 -0.164944 90.579262
9044 20 16 15
-0.411543 -0.770883 -0.486182 83.692207
9620 20 16 16
-0.429579 -0.525937 -0.734065 71.119286
10196 20 16 17
-0.400951 -0.312013 -0.861328 54.831112
9644 20 17 16
-0.412603 -0.777454 -0.474682 57.380154
10220 20 17 17
-0.413097 -0.602710 -0.682709 45.803890
10796 20 17 18
-0.374731 -0.442709 -0.814608 32.511791
8349 21 11 14
-0.626935 0.680293 -0.379676 65.316551
8925 21 11 15
-0.540555 0.608674 -0.580789 53.670914
8373 21 12 14
-0.653144 0.615573 -0.440991 81.586044
8949 21 12 15
-0.528732 0.541137 -0.653921 67.633034
8397 21 13 14
-0.737583 0.443900 -0.508847 94.616470
8973 21 13 15
-0.558939 0.400205 -0.726239 79.612297
6693 21 14 11
-0.757177 -0.135766 0.638944 87.012222
7269 21 14 12
-0.896363 -0.135923 0.421970 100.852837
7845 21 14 13
-0.996061 -0.085942 -0.021845 105.560356
8421 21 14 14
-0.852512 0.022331 -0.522231 100.123497
8997 21 14 15
-0.637218 0.109281 -0.762896 86.067368
6717 21 15 11
-0.636593 -0.489036 0.596316 78.144920
7293 21 15 12
-0.710792 -0.575743 0.404098 91.838531
7869 21 15 13
-0.782987 -0.617951 0.071189 97.844009
8445 21 15 14
-0.776035 -0.522538 -0.353163 94.896332
9021 21 15 15
-0.679012 -0.324005 -0.658759 83.820992
8469 21 16 14
-0.589216 -0.793111 -0.154272 79.366653
9045 21 16 15
-0.612105 -0.662520 -0.431736 72.365761
8398 22 13 14
-0.871195 0.357746 -0.336211 75.077370
8974 22 13 15
-0.736678 0.342044 -0.583362 63.329170
6694 22 14 11
-0.820699 -0.071611 0.566856 65.261024
7270 22 14 12
-0.929158 -0.061218 0.364580 78.029320
7846 22 14 13
-0.998582 -0.031246 0.043104 83.490364
8422 22 14 14
-0.946002 0.018660 -0.323623 80.030365
8998 22 14 15
-0.806320 0.069943 -0.587329 68.660385
6718 22 15 11
-0.745420 -0.378227 0.548902 59.150745
7294 22 15 12
-0.830725 -0.422072 0.362976 71.486465
7870 22 15 13
-0.897370 -0.433128 0.084422 77.510544
8446 22 15 14
-0.893445 -0.378285 -0.242189 75.565285
9022 22 15 15
-0.816775 -0.271170 -0.509259 66.247368
8470 22 16 14
-0.748786 -0.648535 -0.136829 62.442608
