2.000000
48 48 48
12.523581 31.935333 36.444765
-35.476418 -16.064667 -11.555235
117.570169 5247.535637 1477.324989
51849 9 24 22
0.841092 0.104907 -0.530621 70.328094
49593 9 25 21
0.973695 -0.196259 -0.115756 76.731728
51897 9 25 22
0.841868 -0.159617 -0.515540 70.006592
54201 9 25 23
0.642891 -0.105684 -0.758632 56.322105
54249 9 26 23
0.623224 -0.360361 -0.694069 51.472244
44698 10 19 19
0.963707 0.239228 0.118488 96.568214
47002 10 19 20
0.933656 0.328034 -0.143802 96.302994
49306 10 19 21
0.838188 0.363425 -0.406648 88.618622
51610 10 19 22
0.708476 0.348060 -0.613934 74.382957
44746 10 20 19
0.971981 -0.079710 0.221131 98.594048
47050 10 20 20
0.996898 0.007336 -0.078364 100.712051
49354 10 20 21
0.910344 0.077120 -0.406603 94.447105
51658 10 20 22
0.752829 0.109069 -0.649116 80.442894
49498 10 23 21
0.931281 0.139842 -0.336393 93.873299
51802 10 23 22
0.695746 0.144070 -0.703691 83.338524
47242 10 24 20
0.972180 0.060706 0.226231 96.955849
49546 10 24 21
0.940688 0.091184 -0.326789 96.362007
51850 10 24 22
0.679467 0.092144 -0.727897 86.144218
44986 10 25 19
0.846211 -0.182902 0.500474 87.029243
47290 10 25 20
0.942401 -0.248516 0.223875 95.475296
49594 10 25 21
0.918018 -0.265905 -0.294172 95.177811
51898 10 25 22
0.678877 -0.189686 -0.709327 85.490494
47338 10 26 20
0.799396 -0.572655 0.181746 86.506844
49642 10 26 21
0.764509 -0.611208 -0.204819 86.531906
51946 10 26 22
0.629506 -0.513546 -0.583089 78.199646
54250 10 26 23
0.483509 -0.369621 -0.793473 63.087379
51994 10 27 22
0.573217 -0.697153 -0.430581 64.879570
42347 11 18 18
0.783355 0.581325 0.220036 104.956917
42395 11 19 18
0.891754 0.143359 0.429212 114.144455
44699 11 19 19
0.935913 0.334308 0.110931 120.152298
47003 11 19 20
0.842953 0.457112 -0.283688 118.367119
49307 11 19 21
0.667692 0.458416 -0.586551 108.414124
51611 11 19 22
0.514097 0.401353 -0.758037 91.136101
53915 11 19 23
0.407636 0.339930 -0.847514 69.219200
42443 11 20 18
0.791192 -0.283262 0.542013 112.027824
44747 11 20 19
0.935570 -0.213699 0.281144 121.161179
47051 11 20 20
0.975598 -0.079207 -0.204781 122.153175
49355 11 20 21
0.775159 0.045774 -0.630106 114.092453
51659 11 20 22
0.570037 0.098270 -0.815721 97.547180
53963 11 20 23
0.445463 0.114054 -0.888006 75.247589
44795 11 21 19
0.814565 -0.428987 0.390455 114.318459
47099 11 21 20
0.918330 -0.390316 -0.065751 117.693108
49403 11 21 21
0.783663 -0.225883 -0.578662 111.948936
51707 11 21 22
0.583976 -0.086602 -0.807138 97.306396
47243 11 24 20
0.979929 0.122031 0.157632 112.044815
49547 11 24 21
0.811599 0.112644 -0.573253 109.379784
51851 11 24 22
0.532897 0.077051 -0.842665 97.679474
44987 11 25 19
0.843863 -0.187505 0.502729 105.409676
47291 11 25 20
0.945781 -0.300256 0.123871 111.191559
49595 11 25 21
0.798189 -0.296611 -0.524325 108.474731
51899 11 25 22
0.539271 -0.183844 -0.821820 97.005936
45035 11 26 19
0.760090 -0.531138 0.374374 97.600670
47339 11 26 20
0.745231 -0.662005 0.079874 102.753899
49643 11 26 21
0.663938 -0.661547 -0.348628 100.363869
51947 11 26 22
0.531491 -0.505541 -0.679666 90.063438
49691 11 27 21
0.587614 -0.781256 -0.210591 85.039993
35388 12 17 15
0.538434 0.479638 0.692846 72.510551
37692 12 17 16
0.550170 0.660754 0.510605 87.358437
39996 12 17 17
0.517592 0.810919 0.272962 97.077019
42300 12 17 18
0.459766 0.887034 0.042268 101.037025
35436 12 18 15
0.520712 0.097447 0.848153 79.666222
37740 12 18 16
0.580722 0.269954 0.768041 98.644844
40044 12 18 17
0.617419 0.532816 0.578707 112.658035
42348 12 18 18
0.573794 0.781318 0.245566 120.405670
44652 12 18 19
0.471163 0.875868 -0.104214 121.596458
37788 12 19 16
0.480768 -0.197419 0.854335 99.089287
40092 12 19 17
0.555079 -0.097298 0.826088 116.740585
42396 12 19 18
0.701657 0.151024 0.696326 128.463455
44700 12 19 19
0.799270 0.587472 0.126661 133.290756
47004 12 19 20
0.550732 0.658630 -0.512738 130.600296
49308 12 19 21
0.374037 0.543294 -0.751617 119.883377
51612 12 19 22
0.288999 0.446488 -0.846834 101.562134
53916 12 19 23
0.243611 0.378621 -0.892917 78.046585
40140 12 20 17
0.409058 -0.449099 0.794344 110.442978
42444 12 20 18
0.460003 -0.503282 0.731508 124.965157
44748 12 20 19
0.662145 -0.578110 0.476814 132.966965
47052 12 20 20
0.809061 -0.318340 -0.494044 133.366409
49356 12 20 21
0.493338 0.030195 -0.869313 125.216652
51660 12 20 22
0.368843 0.125873 -0.920930 108.503433
53964 12 20 23
0.317782 0.157804 -0.934940 85.350334
44796 12 21 19
0.456095 -0.725268 0.515716 125.022202
47100 12 21 20
0.621652 -0.774479 -0.117182 127.839088
49404 12 21 21
0.561911 -0.366634 -0.741509 122.452972
42540 12 22 18
0.494032 -0.339851 0.800271 106.755859
44988 12 25 19
0.880886 -0.109027 0.460600 119.160873
42732 12 26 18
0.776788 -0.403007 0.483926 105.227623
45036 12 26 19
0.778058 -0.560786 0.283098 113.405151
47340 12 26 20
0.739121 -0.671680 -0.050447 115.624107
42780 12 27 18
0.704766 -0.613669 0.355970 91.865936
45084 12 27 19
0.679143 -0.707827 0.194282 99.145256
47388 12 27 20
0.649586 -0.760163 -0.013775 101.424065
35389 13 17 15
0.361593 0.508524 0.781443 83.006660
37693 13 17 16
0.345963 0.732446 0.586372 97.550186
39997 13 17 17
0.308722 0.899900 0.308010 106.564896
35437 13 18 15
0.289572 0.045026 0.956097 89.071457
37741 13 18 16
0.262870 0.241186 0.934199 107.090698
40045 13 18 17
0.203307 0.606147 0.768929 119.595116
42349 13 18 18
0.140229 0.938693 0.314946 126.194778
37789 13 19 16
0.127153 -0.305304 0.943727 105.839775
40093 13 19 17
-0.001337 -0.248497 0.968632 121.499832
42397 13 19 18
-0.202147 -0.015520 0.979232 131.586075
44701 13 19 19
-0.355846 0.875955 0.325693 135.883865
51613 13 19 22
0.130774 0.495171 -0.858897 106.590698
53917 13 19 23
0.137960 0.437055 -0.888791 83.229126
40141 13 20 17
-0.018076 -0.536556 0.843671 114.499435
42445 13 20 18
-0.167029 -0.610524 0.774184 127.102020
44749 13 20 19
-0.292767 -0.737178 0.608980 134.444717
49405 13 21 21
0.539146 -0.376722 -0.753261 128.160187
40237 13 22 17
0.275106 -0.170593 0.946158 98.424866
42541 13 22 18
0.174236 -0.287317 0.941855 111.611145
42685 13 25 18
0.793263 0.190123 0.578435 123.330345
40429 13 26 17
0.768640 -0.241673 0.592272 110.907417
42733 13 26 18
0.832262 -0.362298 0.419618 121.646172
45037 13 26 19
0.852984 -0.494939 0.165695 126.392365
47341 13 26 20
0.820653 -0.555957 -0.132063 126.652802
54253 13 26 23
0.584223 -0.315237 -0.747869 97.409332
40477 13 27 17
0.715565 -0.521326 0.464958 100.441887
42781 13 27 18
0.733223 -0.610938 0.298561 110.619873
45085 13 27 19
0.733504 -0.669280 0.118473 115.468605
47389 13 27 20
0.725657 -0.683594 -0.078240 115.965286
54301 13 27 23
0.548651 -0.460103 -0.698059 87.326508
54349 13 28 23
0.535696 -0.533235 -0.654745 74.477997
35390 14 17 15
0.198578 0.479181 0.854958 88.614235
37694 14 17 16
0.147742 0.720109 0.677949 101.984535
35438 14 18 15
0.068738 -0.054366 0.996152 92.523582
37742 14 18 16
-0.093343 0.089250 0.991626 108.291229
40046 14 18 17
-0.299081 0.393718 0.869216 119.004799
51566 14 18 22
0.030022 0.639691 -0.768045 92.976540
40094 14 19 17
-0.406696 -0.350846 0.843508 118.324081
42398 14 19 18
-0.613402 -0.197140 0.764771 127.416504
51614 14 19 22
0.059532 0.564742 -0.823118 108.773560
40142 14 20 17
-0.300610 -0.513914 0.803447 111.417572
42446 14 20 18
-0.423543 -0.518988 0.742471 122.683418
40238 14 22 17
0.084933 0.051511 0.995054 100.903656
42542 14 22 18
-0.002751 -0.037238 0.999303 112.223236
40286 14 23 17
0.285119 0.525764 0.801423 105.355934
42590 14 23 18
0.232737 0.597816 0.767105 115.455475
42638 14 24 18
0.385417 0.764909 0.516109 124.187645
40382 14 25 17
0.643069 0.410004 0.646807 124.988838
42686 14 25 18
0.700611 0.554742 0.448782 132.805450
54206 14 25 23
0.708076 -0.176652 -0.683683 119.920639
40430 14 26 17
0.794804 -0.143109 0.589751 127.470192
42734 14 26 18
0.916795 -0.201349 0.344885 134.898163
45038 14 26 19
0.959718 -0.267978 0.084432 137.310181
54254 14 26 23
0.622847 -0.363144 -0.692956 113.007935
38174 14 27 16
0.655530 -0.438045 0.615140 104.796661
40478 14 27 17
0.719087 -0.523796 0.456675 119.500420
42782 14 27 18
0.776075 -0.576483 0.255687 127.575050
45086 14 27 19
0.809724 -0.583367 0.063482 130.573364
54302 14 27 23
0.541217 -0.493553 -0.680801 101.716911
54350 14 28 23
0.482126 -0.559502 -0.674175 87.744659
54398 14 29 23
0.435229 -0.584805 -0.684529 73.024544
49934 14 32 21
0.466116 -0.815539 -0.342975 54.979309
49982 14 33 21
0.353611 -0.887383 -0.295823 39.427086
44559 15 16 19
0.340977 0.911250 -0.230996 101.196342
46863 15 16 20
0.260997 0.808875 -0.526879 93.122360
33087 15 17 14
0.164758 0.235335 0.957848 74.423096
35391 15 17 15
0.127224 0.391974 0.911137 91.258453
37695 15 17 16
0.059441 0.607280 0.792261 103.279236
44607 15 17 19
0.161429 0.963816 -0.212129 115.973030
46911 15 17 20
0.121323 0.815900 -0.565321 109.645401
49215 15 17 21
0.051654 0.690710 -0.721285 95.567474
35439 15 18 15
-0.009278 -0.177563 0.984066 92.774063
37743 15 18 16
-0.203029 -0.125769 0.971062 106.138275
49263 15 18 21
-0.028467 0.698576 -0.714970 111.479721
49311 15 19 21
-0.002912 0.735674 -0.677330 124.732712
49359 15 20 21
0.331304 0.792901 -0.511415 134.388184
51663 15 20 22
0.197561 0.643210 -0.739763 124.277840
51711 15 21 22
0.552191 0.573018 -0.605586 135.743576
54015 15 21 23
0.370996 0.511721 -0.774922 120.056679
56319 15 21 24
0.301034 0.466253 -0.831857 95.916534
37935 15 22 16
0.198726 0.264251 0.943758 89.141045
54063 15 22 23
0.590789 0.380127 -0.711669 131.735245
56367 15 22 24
0.453215 0.349055 -0.820217 109.144623
58671 15 22 25
0.396154 0.330411 -0.856674 81.139381
54111 15 23 23
0.731464 0.194931 -0.653424 138.947937
56415 15 23 24
0.566017 0.192327 -0.801646 117.889763
58719 15 23 25
0.495355 0.204168 -0.844357 90.221596
54159 15 24 23
0.769810 -0.030236 -0.637557 141.004379
56463 15 24 24
0.625123 0.007521 -0.780490 121.086502
58767 15 24 25
0.574599 0.063211 -0.815990 94.806618
40383 15 25 17
0.508046 0.686850 0.519736 134.226288
42687 15 25 18
0.528443 0.786752 0.319012 139.680405
54207 15 25 23
0.711466 -0.273406 -0.647352 137.433838
56511 15 25 24
0.633668 -0.189795 -0.749962 118.345039
58815 15 25 25
0.636563 -0.089785 -0.765981 94.416893
38127 15 26 16
0.657737 0.012508 0.753144 128.439011
40431 15 26 17
0.812037 0.072112 0.579134 140.312286
42735 15 26 18
0.951389 0.141271 0.273682 145.276001
54255 15 26 23
0.593434 -0.473827 -0.650633 128.390579
56559 15 26 24
0.603189 -0.373047 -0.704981 110.049210
35871 15 27 15
0.557846 -0.367572 0.744110 102.430534
38175 15 27 16
0.624059 -0.446930 0.640940 122.630432
40479 15 27 17
0.723449 -0.508484 0.466975 135.628036
42783 15 27 18
0.828532 -0.508061 0.235391 141.928635
54303 15 27 23
0.473428 -0.594354 -0.650084 114.976692
52047 15 28 22
0.390994 -0.673850 -0.626937 114.857208
49791 15 29 21
0.447094 -0.724504 -0.524595 112.636421
52095 15 29 22
0.299092 -0.682467 -0.666920 98.985954
42927 15 30 18
0.534960 -0.717849 0.445546 94.154297
45231 15 30 19
0.576604 -0.783899 0.230282 103.160500
49839 15 30 21
0.338302 -0.778648 -0.528450 96.714203
52143 15 30 22
0.210262 -0.697844 -0.684692 82.552597
42975 15 31 18
0.426620 -0.761584 0.487837 74.273621
45279 15 31 19
0.429469 -0.862275 0.268399 84.021942
47583 15 31 20
0.357413 -0.926108 -0.120745 85.943970
49887 15 31 21
0.217143 -0.843415 -0.491426 79.208458
52191 15 31 22
0.124022 -0.731405 -0.670571 65.962967
45327 15 32 19
0.278014 -0.920735 0.273781 63.735313
47631 15 32 20
0.204886 -0.975817 -0.076172 66.055237
49935 15 32 21
0.108915 -0.899403 -0.423334 60.745979
47679 15 33 20
0.094202 -0.994816 -0.038314 46.411823
49983 15 33 21
0.030651 -0.937685 -0.346132 42.776749
44512 16 15 19
0.253739 0.929413 -0.267969 89.524673
46816 16 15 20
0.162416 0.799356 -0.578490 80.114662
44560 16 16 19
0.182038 0.929873 -0.319686 105.884377
46864 16 16 20
0.076416 0.751918 -0.654813 96.909882
35392 16 17 15
0.179966 0.295706 0.938174 93.391212
37696 16 17 16
0.144378 0.454867 0.878778 104.225571
44608 16 17 19
0.035953 0.961842 -0.271231 117.166756
46912 16 17 20
-0.032927 0.740263 -0.671510 110.515381
49216 16 17 21
-0.079381 0.613956 -0.785338 95.273743
35440 16 18 15
0.110101 -0.266060 0.957648 93.287064
37744 16 18 16
0.020281 -0.277439 0.960529 104.854279
42352 16 18 18
-0.089506 0.237952 0.967144 120.210762
49264 16 18 21
-0.111540 0.670436 -0.733536 110.004524
49312 16 19 21
-0.040234 0.782097 -0.621857 124.441818
49360 16 20 21
0.225475 0.897623 -0.378728 137.709915
51664 16 20 22
0.067230 0.754750 -0.652558 127.263847
51712 16 21 22
0.331217 0.772233 -0.542173 143.852783
54016 16 21 23
0.197072 0.659857 -0.725087 127.998329
56320 16 21 24
0.171528 0.589279 -0.789511 103.759438
58624 16 21 25
0.187986 0.543124 -0.818338 76.229233
35632 16 22 15
0.357679 0.303536 0.883137 78.628120
37936 16 22 16
0.365753 0.366655 0.855446 93.244179
51760 16 22 22
0.676338 0.640583 -0.363621 156.399750
54064 16 22 23
0.413094 0.552381 -0.724036 144.481552
56368 16 22 24
0.323601 0.478834 -0.816089 121.817711
58672 16 22 25
0.312898 0.442004 -0.840671 93.274857
54112 16 23 23
0.625454 0.307549 -0.717092 154.658966
56416 16 23 24
0.476864 0.292105 -0.829020 134.169052
58720 16 23 25
0.445199 0.305001 -0.841886 106.472427
51856 16 24 22
0.978890 -0.115981 -0.168294 165.061295
54160 16 24 23
0.727231 -0.060829 -0.683692 157.318039
56464 16 24 24
0.597446 0.039735 -0.800924 139.154083
58768 16 24 25
0.578409 0.138487 -0.803906 114.145096
51904 16 25 22
0.797361 -0.526276 -0.295379 160.714615
54208 16 25 23
0.662929 -0.415971 -0.622489 152.489807
56512 16 25 24
0.654172 -0.236097 -0.718552 136.509369
58816 16 25 25
0.698695 -0.055607 -0.713255 115.586212
35824 16 26 15
0.543797 0.065225 0.836678 123.530968
38128 16 26 16
0.633470 0.174136 0.753918 140.872314
40432 16 26 17
0.768288 0.377224 0.517141 150.054352
42736 16 26 18
0.849238 0.475208 0.230157 153.670135
49648 16 26 21
0.706225 -0.676190 -0.209794 155.750717
51952 16 26 22
0.506053 -0.736666 -0.448591 151.115479
54256 16 26 23
0.513842 -0.642045 -0.568986 141.225464
35872 16 27 15
0.517679 -0.385865 0.763621 118.695633
38176 16 27 16
0.593538 -0.448367 0.668341 137.374481
40480 16 27 17
0.732031 -0.470506 0.492703 148.528702
42784 16 27 18
0.878552 -0.422842 0.222150 153.456726
52000 16 27 22
0.281964 -0.782461 -0.555204 137.355453
54304 16 27 23
0.365942 -0.751132 -0.549442 125.280556
35920 16 28 15
0.437131 -0.617300 0.654108 102.219353
38224 16 28 16
0.476006 -0.670158 0.569479 121.904068
49744 16 28 21
0.199245 -0.768389 -0.608178 133.801392
52048 16 28 22
0.133227 -0.771141 -0.622569 120.831642
49792 16 29 21
0.069156 -0.779468 -0.622613 118.039330
52096 16 29 22
0.022743 -0.753389 -0.657181 102.784706
42928 16 30 18
0.362320 -0.842673 0.398280 106.387505
45232 16 30 19
0.287644 -0.952388 0.101081 113.050484
47536 16 30 20
0.106856 -0.938519 -0.328274 110.620018
49840 16 30 21
-0.040233 -0.807761 -0.588136 99.806839
42976 16 31 18
0.235074 -0.879025 0.414795 82.983223
45280 16 31 19
0.127939 -0.981926 0.139473 90.469765
47584 16 31 20
-0.025498 -0.969187 -0.245004 89.284637
49888 16 31 21
-0.129555 -0.843400 -0.521433 79.853119
45328 16 32 19
0.007454 -0.987589 0.156882 66.790031
47632 16 32 20
-0.116988 -0.978546 -0.169592 66.701172
49936 16 32 21
-0.192533 -0.876948 -0.440332 59.529915
47680 16 33 20
-0.171284 -0.979154 -0.109174 45.435665
39905 17 15 17
0.110983 0.941225 0.319026 90.652985
42209 17 15 18
0.051941 0.996771 0.061241 94.435173
44513 17 15 19
-0.019749 0.933935 -0.356898 91.856087
46817 17 15 20
-0.068381 0.750029 -0.657860 81.139221
44561 17 16 19
-0.086630 0.895525 -0.436497 106.551216
46865 17 16 20
-0.132858 0.672704 -0.727886 96.223587
33089 17 17 14
0.235809 0.170469 0.956731 81.476830
35393 17 17 15
0.312887 0.270844 0.910354 96.711594
37697 17 17 16
0.360907 0.417520 0.833921 106.556915
44609 17 17 19
-0.105907 0.911199 -0.398121 116.744568
46913 17 17 20
-0.168142 0.668494 -0.724462 108.665375
33137 17 18 14
0.258535 -0.202204 0.944602 80.839798
35441 17 18 15
0.350963 -0.242591 0.904420 96.509781
37745 17 18 16
0.443884 -0.217744 0.869226 107.113022
46961 17 18 20
-0.113684 0.787904 -0.605214 120.122871
49361 17 20 21
0.054850 0.897407 -0.437781 139.870926
35585 17 21 15
0.506174 0.006305 0.862408 83.576393
49409 17 21 21
0.331374 0.935669 -0.121303 154.851715
51713 17 21 22
0.057338 0.839811 -0.539842 147.790237
35633 17 22 15
0.493076 0.321215 0.808515 86.637863
37937 17 22 16
0.565956 0.322362 0.758799 100.919640
49457 17 22 21
0.635274 0.704341 0.316751 165.736053
51761 17 22 22
0.300688 0.840240 -0.451202 164.171860
54065 17 22 23
0.166514 0.696974 -0.697495 151.700348
49505 17 23 21
0.755702 0.285087 0.589610 171.581024
51809 17 23 22
0.738005 0.585572 -0.335343 173.611633
49553 17 24 21
0.771782 -0.136308 0.621106 172.490158
51857 17 24 22
0.931334 -0.305303 -0.198513 175.125717
49601 17 25 21
0.674896 -0.663221 0.323502 168.880539
51905 17 25 22
0.527144 -0.820718 -0.220320 169.131332
35825 17 26 15
0.530091 0.143523 0.835706 136.360138
38129 17 26 16
0.604425 0.352784 0.714293 150.677261
40433 17 26 17
0.670836 0.603170 0.431468 157.822220
49649 17 26 21
0.288457 -0.920092 -0.264998 161.097824
51953 17 26 22
0.223265 -0.915620 -0.334353 156.971848
35873 17 27 15
0.482528 -0.408605 0.774731 132.578217
38177 17 27 16
0.565645 -0.444418 0.694650 149.191986
49697 17 27 21
0.013986 -0.840742 -0.541255 149.456879
52001 17 27 22
0.034892 -0.895255 -0.444185 140.410187
61217 17 27 26
0.937800 -0.282417 -0.201919 117.833565
63521 17 27 27
0.937120 -0.066544 -0.342605 109.186386
65825 17 27 28
0.858756 0.089151 -0.504570 94.832916
35921 17 28 15
0.387922 -0.651533 0.651937 115.974617
38225 17 28 16
0.420263 -0.701340 0.575762 134.906815
47441 17 28 20
0.025304 -0.800063 -0.599383 146.284363
49745 17 28 21
-0.115960 -0.779112 -0.616067 134.314224
45185 17 29 19
0.147662 -0.970487 -0.190661 138.066025
47489 17 29 20
-0.087844 -0.845350 -0.526941 130.173843
49793 17 29 21
-0.196566 -0.764880 -0.613449 116.100311
45233 17 30 19
0.018226 -0.994853 -0.099673 116.326210
47537 17 30 20
-0.171049 -0.885112 -0.432804 109.349586
68273 17 30 29
0.818945 -0.441885 -0.366150 66.178276
45281 17 31 19
-0.076454 -0.996392 -0.036851 90.785004
42162 18 14 18
-0.137306 0.990444 0.012944 73.921021
44466 18 14 19
-0.176208 0.934691 -0.308712 70.825844
39906 18 15 17
-0.029155 0.971521 0.235155 91.262123
42210 18 15 18
-0.135571 0.990404 -0.026849 93.452423
44514 18 15 19
-0.200105 0.890356 -0.408930 89.491165
46818 18 15 20
-0.199712 0.706191 -0.679271 77.842896
44562 18 16 19
-0.173782 0.845735 -0.504511 104.338402
46866 18 16 20
-0.197541 0.634240 -0.747474 92.472359
33090 18 17 14
0.297298 0.213277 0.930660 86.659073
35394 18 17 15
0.443821 0.348437 0.825600 102.039749
37698 18 17 16
0.561918 0.538289 0.628087 111.160858
46914 18 17 20
-0.150918 0.645161 -0.748993 105.444870
33138 18 18 14
0.363707 -0.128899 0.922552 87.159767
35442 18 18 15
0.552729 -0.108616 0.826252 103.416962
37746 18 18 16
0.737277 0.017404 0.675366 113.844864
46962 18 18 20
-0.053677 0.749218 -0.660145 118.652802
47010 18 19 20
0.089457 0.872878 -0.479668 133.027390
44754 18 20 19
0.685276 0.583655 0.435596 145.480026
47058 18 20 20
0.286840 0.936923 -0.199745 147.378372
49362 18 20 21
-0.079306 0.830868 -0.550790 139.455902
35586 18 21 15
0.603990 0.020325 0.796732 94.726273
42498 18 21 18
0.720982 0.113894 0.683530 139.579468
47106 18 21 20
0.527103 0.818089 0.229985 159.283569
49410 18 21 21
0.009510 0.922380 -0.386166 157.332260
51714 18 21 22
-0.151563 0.821017 -0.550418 146.369537
49458 18 22 21
0.193435 0.978975 -0.064736 170.636826
51762 18 22 22
-0.092476 0.865223 -0.492786 165.675171
54066 18 22 23
-0.061238 0.793671 -0.605257 152.942505
56370 18 22 24
0.050677 0.750665 -0.658737 133.938446
49506 18 23 21
0.521047 0.613163 0.593752 177.596191
51810 18 23 22
0.059469 0.868537 -0.492043 177.336945
49554 18 24 21
0.468890 -0.478730 0.742267 177.944885
51858 18 24 22
0.516006 -0.794584 -0.319960 179.612137
49602 18 25 21
0.120444 -0.976051 0.181154 172.360138
51906 18 25 22
0.110971 -0.992002 -0.060149 172.739670
33522 18 26 14
0.479054 0.068786 0.875086 127.693466
35826 18 26 15
0.510623 0.220402 0.831076 146.928711
38130 18 26 16
0.545080 0.508729 0.666395 158.387344
49650 18 26 21
-0.119215 -0.952395 -0.280591 161.824188
61170 18 26 26
0.935532 0.017109 -0.352828 150.210175
63474 18 26 27
0.803808 0.238737 -0.544883 136.196564
65778 18 26 28
0.651697 0.344069 -0.675949 114.263542
33570 18 27 14
0.416443 -0.396967 0.817920 122.583572
35874 18 27 15
0.438367 -0.439597 0.783957 143.966507
38178 18 27 16
0.514032 -0.451913 0.729072 158.283569
47394 18 27 20
-0.174621 -0.738323 -0.651449 157.026733
49698 18 27 21
-0.229495 -0.838562 -0.494110 147.250473
61218 18 27 26
0.917186 -0.392534 -0.068457 145.074982
63522 18 27 27
0.912134 -0.114182 -0.393667 138.582352
65826 18 27 28
0.757818 0.088397 -0.646450 122.216743
68130 18 27 29
0.585290 0.196534 -0.786645 97.939056
35922 18 28 15
0.337927 -0.682890 0.647662 127.749603
38226 18 28 16
0.353770 -0.737827 0.574855 145.313904
45138 18 28 19
-0.050021 -0.842487 -0.536389 155.404419
47442 18 28 20
-0.230451 -0.730908 -0.642391 143.930756
49746 18 28 21
-0.282919 -0.770932 -0.570632 129.363632
61266 18 28 26
0.737466 -0.658715 0.149127 129.846634
63570 18 28 27
0.859461 -0.482779 -0.168079 129.970154
45186 18 29 19
-0.104761 -0.913961 -0.392046 138.260452
47490 18 29 20
-0.259387 -0.771487 -0.580970 125.545319
68226 18 29 29
0.673178 -0.310336 -0.671210 95.638939
45234 18 30 19
-0.140162 -0.948620 -0.283680 114.507339
65970 18 30 28
0.691137 -0.711217 -0.128453 92.546341
68274 18 30 29
0.680283 -0.543808 -0.491414 84.863762
70578 18 30 30
0.572607 -0.325937 -0.752254 69.843956
72882 18 30 31
0.453801 -0.149412 -0.878488 51.203407
68322 18 31 29
0.652421 -0.699600 -0.291386 70.089912
70626 18 31 30
0.606003 -0.535652 -0.588079 60.240299
72930 18 31 31
0.514274 -0.354465 -0.780946 46.147198
42211 19 15 18
-0.109198 0.988583 -0.103822 90.860954
44515 19 15 19
-0.157134 0.892521 -0.422747 85.635788
46819 19 15 20
-0.158792 0.720329 -0.675212 73.464645
35347 19 16 15
0.250820 0.797194 0.549155 97.353836
35395 19 17 15
0.507983 0.467467 0.723483 109.655174
37699 19 17 16
0.627295 0.658505 0.415779 118.592941
35443 19 18 15
0.638615 0.044230 0.768254 113.816673
37747 19 18 16
0.821024 0.224022 0.525103 124.792213
44707 19 19 19
0.528818 0.815855 -0.233948 143.575974
47011 19 19 20
0.102885 0.757683 -0.644462 134.845245
44755 19 20 19
0.675019 0.736335 0.046477 155.185791
47059 19 20 20
0.138706 0.831127 -0.538506 150.716965
35587 19 21 15
0.600337 -0.005796 0.799726 108.446770
37891 19 21 16
0.697570 -0.013094 0.716397 125.814217
40195 19 21 17
0.742630 0.023809 0.669279 141.179367
47107 19 21 20
0.220456 0.909448 -0.352566 163.896301
49411 19 21 21
-0.200428 0.788404 -0.581590 155.184265
33331 19 22 14
0.472615 0.261799 0.841485 91.405251
35635 19 22 15
0.579106 0.192524 0.792194 110.298447
37939 19 22 16
0.667136 0.096148 0.738705 126.435112
40243 19 22 17
0.698052 0.023316 0.715668 141.440369
47155 19 22 20
0.417698 0.892191 0.171823 172.361740
49459 19 22 21
-0.290199 0.841497 -0.455705 169.665726
58675 19 22 25
0.029144 0.818023 -0.574447 113.988670
47203 19 23 20
0.425311 0.191048 0.884653 175.693893
49507 19 23 21
-0.629455 0.759533 -0.163998 177.465179
56419 19 23 24
0.010528 0.857863 -0.513771 158.363815
58723 19 23 25
0.165191 0.791852 -0.587947 142.468674
61027 19 23 26
0.226301 0.728012 -0.647137 120.039238
47251 19 24 20
0.144574 -0.495876 0.856274 174.754440
49555 19 24 21
-0.654503 -0.697930 0.290722 177.690674
56467 19 24 24
0.349867 0.796577 -0.493009 174.019608
58771 19 24 25
0.412449 0.711753 -0.568588 164.380981
61075 19 24 26
0.383833 0.669173 -0.636302 146.314148
47299 19 25 20
-0.263009 -0.953373 0.148007 170.509750
49603 19 25 21
-0.383133 -0.923656 0.008266 170.787796
56515 19 25 24
0.881652 -0.429152 0.196263 177.175583
58819 19 25 25
0.872635 0.328302 -0.361560 175.637451
31219 19 26 13
0.435035 -0.004870 0.900400 115.562721
33523 19 26 14
0.441164 0.079945 0.893859 138.997833
35827 19 26 15
0.439831 0.299433 0.846692 154.789383
38131 19 26 16
0.388783 0.652774 0.650180 163.625153
47347 19 26 20
-0.389175 -0.791356 -0.471486 163.162445
49651 19 26 21
-0.352805 -0.901906 -0.249185 158.019165
58867 19 26 25
0.836928 -0.508737 0.201836 173.856979
61171 19 26 26
0.927762 0.013866 -0.372914 172.329041
63475 19 26 27
0.656042 0.299186 -0.692890 159.129532
65779 19 26 28
0.454424 0.379935 -0.805698 134.761795
31267 19 27 13
0.367755 -0.400996 0.839022 108.841103
33571 19 27 14
0.354732 -0.453681 0.817520 133.719482
35875 19 27 15
0.345551 -0.491618 0.799316 152.339050
38179 19 27 16
0.352758 -0.513739 0.782070 164.130081
42787 19 27 18
-0.202419 -0.733862 -0.648439 169.347900
45091 19 27 19
-0.342338 -0.601316 -0.721958 162.999649
47395 19 27 20
-0.375803 -0.685694 -0.623375 152.135452
61219 19 27 26
0.769509 -0.635933 0.058693 165.700180
63523 19 27 27
0.791050 -0.255603 -0.555795 160.531952
65827 19 27 28
0.536374 0.052168 -0.842367 142.360489
68131 19 27 29
0.357823 0.177230 -0.916817 114.185112
42835 19 28 18
-0.145211 -0.936654 -0.318737 160.753326
45139 19 28 19
-0.304301 -0.722600 -0.620685 151.890244
47443 19 28 20
-0.356885 -0.681129 -0.639293 136.685638
58963 19 28 25
0.301406 -0.838886 0.453238 135.726379
61267 19 28 26
0.475595 -0.834433 0.278443 147.286880
63571 19 28 27
0.635390 -0.746331 -0.198163 149.156403
65875 19 28 28
0.556873 -0.393565 -0.731437 138.178131
68179 19 28 29
0.374510 -0.094802 -0.922364 115.685860
42883 19 29 18
-0.111214 -0.976765 -0.183198 142.644348
45187 19 29 19
-0.271718 -0.814639 -0.512380 133.395721
59011 19 29 25
0.215134 -0.853833 0.474011 108.008385
61315 19 29 26
0.333673 -0.865306 0.374044 122.109482
63619 19 29 27
0.460471 -0.884592 0.073920 129.168411
65923 19 29 28
0.515648 -0.726335 -0.454472 125.080803
68227 19 29 29
0.407001 -0.372913 -0.833838 109.523605
40627 19 30 17
0.080032 -0.966957 0.242051 114.998375
42931 19 30 18
-0.093789 -0.989016 -0.114239 117.034477
45235 19 30 19
-0.246037 -0.875288 -0.416337 108.815880
59059 19 30 25
0.187105 -0.850204 0.492082 81.007462
61363 19 30 26
0.289219 -0.853493 0.433478 95.486435
65971 19 30 28
0.488660 -0.856668 -0.165323 107.070297
68275 19 30 29
0.472304 -0.613737 -0.632658 98.184494
40675 19 31 17
0.071511 -0.974473 0.212810 85.783157
42979 19 31 18
-0.084663 -0.993234 -0.079488 87.850510
45283 19 31 19
-0.226813 -0.913233 -0.338470 81.355629
66019 19 31 28
0.486100 -0.873253 0.033720 86.891342
68323 19 31 29
0.523660 -0.766339 -0.372162 83.260406
35348 20 16 15
0.247297 0.839721 0.483439 102.984718
35396 20 17 15
0.488994 0.569933 0.660349 119.170151
37700 20 17 16
0.598590 0.733464 0.322058 128.768951
35444 20 18 15
0.627270 0.159317 0.762332 126.524704
37748 20 18 16
0.806064 0.352899 0.475103 138.683975
44708 20 19 19
0.493411 0.709144 -0.503648 152.277054
47012 20 19 20
0.123703 0.607430 -0.784682 137.550613
44756 20 20 19
0.557600 0.719074 -0.414746 163.725677
47060 20 20 20
0.041136 0.636523 -0.770160 152.394531
35588 20 21 15
0.514352 -0.068488 0.854840 121.935379
37892 20 21 16
0.616046 -0.094832 0.781981 140.696106
40196 20 21 17
0.693541 -0.053092 0.718458 156.224762
42500 20 21 18
0.797619 0.104586 0.594024 167.537369
44804 20 21 19
0.737703 0.656153 -0.158928 171.267288
47108 20 21 20
-0.072220 0.654396 -0.752695 164.618698
35636 20 22 15
0.485108 0.100784 0.868627 121.965073
37940 20 22 16
0.561734 -0.034513 0.826598 139.076141
40244 20 22 17
0.602714 -0.111632 0.790110 154.445038
47156 20 22 20
-0.294948 0.619057 -0.727856 172.422165
49460 20 22 21
-0.482692 0.609361 -0.629037 163.048584
58676 20 22 25
-0.160140 0.876075 -0.454805 111.667595
60980 20 22 26
-0.062026 0.826199 -0.559954 92.294235
47204 20 23 20
-0.899307 0.007414 -0.437256 175.010956
56420 20 23 24
-0.300321 0.909375 -0.287827 154.591263
58724 20 23 25
-0.114607 0.888546 -0.444242 143.480850
61028 20 23 26
-0.004941 0.817205 -0.576327 124.567596
63332 20 23 27
0.051203 0.752794 -0.656261 99.343544
44948 20 24 19
0.059114 -0.560644 0.825944 170.926407
47252 20 24 20
-0.727776 -0.684386 -0.044250 172.729721
49556 20 24 21
-0.917538 -0.363229 -0.161831 171.433243
54164 20 24 23
-0.817237 0.532384 0.220659 172.492081
56468 20 24 24
-0.351570 0.935084 -0.044914 173.888214
58772 20 24 25
-0.028980 0.913507 -0.405789 169.300613
61076 20 24 26
0.079720 0.800619 -0.593847 154.629166
44996 20 25 19
-0.644920 -0.764199 -0.008884 167.916153
47300 20 25 20
-0.606026 -0.758037 -0.241067 166.378082
49604 20 25 21
-0.639004 -0.764399 -0.085833 164.073593
54212 20 25 23
-0.477486 -0.584197 0.656293 171.636627
56516 20 25 24
-0.236714 -0.155465 0.959060 180.034088
58820 20 25 25
0.305187 0.941000 -0.146217 183.617859
61124 20 25 26
0.241079 0.729654 -0.639911 176.381882
28916 20 26 12
0.384837 -0.064467 0.920730 100.273659
31220 20 26 13
0.369925 -0.031054 0.928542 126.855011
33524 20 26 14
0.331608 0.081110 0.939924 146.789459
35828 20 26 15
0.215910 0.385674 0.897016 159.032730
38132 20 26 16
-0.018850 0.767598 0.640654 165.449188
45044 20 26 19
-0.601243 -0.530303 -0.597734 163.722595
47348 20 26 20
-0.530500 -0.708459 -0.465464 156.466156
56564 20 26 24
0.016886 -0.738825 0.673685 171.710236
58868 20 26 25
0.335253 -0.707915 0.621661 182.956345
61172 20 26 26
0.758248 -0.003618 -0.651956 184.342545
63476 20 26 27
0.310648 0.354052 -0.882126 171.752274
65780 20 26 28
0.189688 0.387782 -0.902022 146.100800
28964 20 27 12
0.317071 -0.411447 0.854504 92.259583
31268 20 27 13
0.283210 -0.473488 0.834027 119.187531
33572 20 27 14
0.228232 -0.534531 0.813749 141.253372
35876 20 27 15
0.128811 -0.583902 0.801540 156.668839
38180 20 27 16
-0.113846 -0.659187 0.743311 165.664627
45092 20 27 19
-0.505421 -0.553611 -0.661864 156.166367
47396 20 27 20
-0.469391 -0.665522 -0.580304 142.988556
58916 20 27 25
0.157985 -0.828194 0.537713 167.624985
61220 20 27 26
0.346672 -0.922979 0.167116 176.478073
63524 20 27 27
0.389654 -0.479407 -0.786345 171.860764
65828 20 27 28
0.207533 -0.007545 -0.978199 152.598709
68132 20 27 29
0.126888 0.141155 -0.981822 122.330383
42836 20 28 18
-0.439195 -0.772228 -0.459098 155.597534
45140 20 28 19
-0.441701 -0.642453 -0.626222 143.078323
63572 20 28 27
0.236460 -0.944311 -0.228829 158.313553
65876 20 28 28
0.191773 -0.498860 -0.845199 146.629730
68180 20 28 29
0.117956 -0.129816 -0.984497 122.601730
70484 20 28 30
0.080518 0.042357 -0.995853 91.810921
40580 20 29 17
-0.186222 -0.979237 0.080100 140.481857
42884 20 29 18
-0.341457 -0.875459 -0.342021 137.003952
45188 20 29 19
-0.390039 -0.731084 -0.559809 123.751686
40628 20 30 17
-0.134591 -0.986980 0.088070 114.408867
42932 20 30 18
-0.274185 -0.924616 -0.264402 111.678513
45236 20 30 19
-0.343422 -0.802231 -0.488351 99.527122
61364 20 30 26
0.145616 -0.855608 0.496721 101.857063
40676 20 31 17
-0.100021 -0.992140 0.075194 85.570122
42980 20 31 18
-0.222896 -0.950426 -0.216812 83.365852
45284 20 31 19
-0.300498 -0.854680 -0.423348 73.414619
66020 20 31 28
0.391968 -0.918045 0.059621 96.578751
68324 20 31 29
0.441711 -0.772569 -0.456102 92.860771
68372 20 32 29
0.489635 -0.847452 -0.205141 76.588432
72980 20 32 31
0.383371 -0.486046 -0.785357 54.497044
73028 20 33 31
0.401550 -0.690032 -0.602174 42.906860
35349 21 16 15
0.194211 0.866668 0.459531 108.868065
35397 21 17 15
0.390709 0.651306 0.650497 129.058029
37701 21 17 16
0.501519 0.802454 0.323337 140.147171
44613 21 17 19
0.386606 0.724197 -0.571029 131.564301
46917 21 17 20
0.234255 0.555685 -0.797708 111.939583
35445 21 18 15
0.534896 0.239407 0.810290 139.350601
37749 21 18 16
0.729299 0.447167 0.517847 153.059357
44661 21 18 19
0.430009 0.622234 -0.654154 148.258881
46965 21 18 20
0.203351 0.476037 -0.855592 127.445198
35493 21 19 15
0.516216 -0.077263 0.852966 140.748413
44709 21 19 19
0.409972 0.555476 -0.723443 160.958557
44757 21 20 19
0.339998 0.505536 -0.792991 169.953156
35589 21 21 15
0.355552 -0.170391 0.918994 132.415619
37893 21 21 16
0.433472 -0.233337 0.870434 151.899918
40197 21 21 17
0.529775 -0.222860 0.818335 167.097046
42501 21 21 18
0.789897 -0.095204 0.605804 176.105713
44805 21 21 19
0.231169 0.387547 -0.892395 175.079666
47109 21 21 20
-0.187319 0.386130 -0.903225 162.011185
58629 21 21 25
-0.323824 0.863259 -0.387198 70.838844
35637 21 22 15
0.296934 -0.010802 0.954837 130.082062
37941 21 22 16
0.337728 -0.184077 0.923068 147.662552
40245 21 22 17
0.376212 -0.284673 0.881718 162.932709
42549 21 22 18
0.441123 -0.394046 0.806311 173.796082
44853 21 22 19
-0.065079 -0.270549 -0.960504 176.153366
47157 21 22 20
-0.413733 0.255244 -0.873885 167.927444
58677 21 22 25
-0.349590 0.868524 -0.351360 101.936325
44901 21 23 19
-0.413878 -0.906920 -0.078744 173.752075
47205 21 23 20
-0.679504 -0.095030 -0.727491 169.309479
54117 21 23 23
-0.683017 0.718358 -0.132096 145.493988
56421 21 23 24
-0.534847 0.832431 -0.144902 141.962860
58725 21 23 25
-0.383567 0.871711 -0.304953 134.514420
61029 21 23 26
-0.246251 0.843076 -0.478103 119.430733
44949 21 24 19
-0.546170 -0.834524 -0.072576 169.163895
47253 21 24 20
-0.731988 -0.492858 -0.470409 165.886703
54165 21 24 23
-0.866745 0.446670 0.221900 159.626419
56469 21 24 24
-0.678813 0.724857 0.117454 163.691284
58773 21 24 25
-0.457384 0.864664 -0.207741 162.615509
61077 21 24 26
-0.257177 0.836702 -0.483518 151.366135
44997 21 25 19
-0.624955 -0.677973 -0.387018 163.335510
47301 21 25 20
-0.640990 -0.651631 -0.405596 158.048889
54213 21 25 23
-0.754138 -0.238718 0.611792 161.845108
56517 21 25 24
-0.746406 0.139292 0.650750 173.163681
58821 21 25 25
-0.689509 0.712239 0.131503 179.851349
61125 21 25 26
-0.319477 0.797215 -0.512233 175.293274
63429 21 25 27
-0.128487 0.686780 -0.715419 157.440063
28917 21 26 12
0.297801 -0.112753 0.947946 110.565201
31221 21 26 13
0.225844 -0.083654 0.970565 133.998779
33525 21 26 14
0.048707 0.049495 0.997586 149.949371
35829 21 26 15
-0.319593 0.382515 0.866916 158.932571
45045 21 26 19
-0.588352 -0.568151 -0.575367 155.902863
56565 21 26 24
-0.351205 -0.558619 0.751398 167.964371
58869 21 26 25
-0.478448 -0.484855 0.732123 181.721329
61173 21 26 26
-0.757256 0.187511 -0.625623 184.892471
63477 21 26 27
-0.150345 0.396186 -0.905778 173.406662
65781 21 26 28
-0.049799 0.391232 -0.918944 148.252274
28965 21 27 12
0.214210 -0.493911 0.842714 100.971298
31269 21 27 13
0.131516 -0.569222 0.811597 125.310204
33573 21 27 14
-0.007645 -0.637499 0.770413 143.887665
35877 21 27 15
-0.251866 -0.679305 0.689281 155.995743
42789 21 27 18
-0.635350 -0.532672 -0.559098 157.066086
45093 21 27 19
-0.538836 -0.569734 -0.620531 145.350555
61221 21 27 26
-0.161679 -0.962227 0.219041 177.806229
63525 21 27 27
-0.136898 -0.529665 -0.837087 173.555435
65829 21 27 28
-0.051710 -0.028325 -0.998260 154.311142
68133 21 27 29
-0.020264 0.123747 -0.992107 123.851395
38229 21 28 16
-0.365284 -0.882809 0.295325 150.688538
40533 21 28 17
-0.546336 -0.823026 -0.155386 152.120834
42837 21 28 18
-0.550362 -0.678184 -0.487000 144.829025
68181 21 28 29
-0.007969 -0.123790 -0.992276 123.828659
40581 21 29 17
-0.433058 -0.897078 -0.087819 132.591568
42885 21 29 18
-0.484674 -0.775065 -0.405421 125.412788
40629 21 30 17
-0.365518 -0.929222 -0.054256 107.085114
42933 21 30 18
-0.427724 -0.837182 -0.340850 100.803352
36069 21 31 15
-0.093869 -0.880347 0.464950 67.053680
38373 21 31 16
-0.205359 -0.948738 0.240257 76.892708
40677 21 31 17
-0.312252 -0.948909 -0.045496 79.641731
42981 21 31 18
-0.373207 -0.879355 -0.295720 74.463112
63717 21 31 27
0.279720 -0.834381 0.474937 97.363953
38421 21 32 16
-0.175469 -0.964362 0.198032 52.312485
40725 21 32 17
-0.262150 -0.963684 -0.050902 54.048302
63765 21 32 27
0.347582 -0.796053 0.495466 77.841896
66069 21 32 28
0.451401 -0.864513 0.221030 86.653084
68373 21 32 29
0.518732 -0.823564 -0.229478 86.831398
70677 21 32 30
0.469545 -0.619257 -0.629323 77.888756
72981 21 32 31
0.374094 -0.412604 -0.830549 62.227226
35350 22 16 15
0.084870 0.880786 0.465847 113.131645
37654 22 16 16
0.151101 0.955177 0.254569 124.259903
44566 22 16 19
0.243057 0.845444 -0.475549 118.636909
46870 22 16 20
0.177375 0.661657 -0.728525 99.961761
35398 22 17 15
0.213926 0.715046 0.665541 136.709930
37702 22 17 16
0.309558 0.875122 0.371935 149.613205
44614 22 17 19
0.292864 0.719844 -0.629329 140.955002
46918 22 17 20
0.178177 0.513481 -0.839399 118.711327
35446 22 18 15
0.349695 0.307240 0.885052 149.458237
37750 22 18 16
0.534178 0.554465 0.638140 164.543701
44662 22 18 19
0.296134 0.554675 -0.777586 157.156128
46966 22 18 20
0.136212 0.379174 -0.915245 133.000427
35494 22 19 15
0.349256 -0.114480 0.930008 151.208099
37798 22 19 16
0.537560 -0.029801 0.842699 168.639053
44710 22 19 19
0.227770 0.390460 -0.891999 167.424179
35542 22 20 15
0.263142 -0.294078 0.918844 145.807632
37846 22 20 16
0.343888 -0.336181 0.876769 164.997574
44758 22 20 19
0.087653 0.243083 -0.966037 173.079620
35590 22 21 15
0.165503 -0.292745 0.941759 138.454300
37894 22 21 16
0.179383 -0.391232 0.902640 157.906174
44806 22 21 19
-0.110986 0.057828 -0.992138 175.270508
47110 22 21 20
-0.198569 0.205509 -0.958299 157.540039
35638 22 22 15
0.075065 -0.129433 0.988743 133.620758
37942 22 22 16
0.074715 -0.306493 0.948936 151.232132
42550 22 22 18
0.001067 -0.713681 0.700470 175.640640
44854 22 22 19
-0.335492 -0.269805 -0.902580 174.468582
47158 22 22 20
-0.353402 0.101516 -0.929947 161.149307
44902 22 23 19
-0.453838 -0.622490 -0.637602 170.901688
47206 22 23 20
-0.511559 -0.130097 -0.849342 161.174484
56422 22 23 24
-0.648713 0.755224 -0.093846 122.110291
58726 22 23 25
-0.534429 0.820774 -0.201781 117.157425
44950 22 24 19
-0.462475 -0.729276 -0.504255 164.980240
47254 22 24 20
-0.586629 -0.428865 -0.686980 156.815079
54166 22 24 23
-0.888981 0.435389 0.141946 140.208954
56470 22 24 24
-0.767428 0.627585 0.131117 144.442810
58774 22 24 25
-0.633318 0.769713 -0.080315 145.510986
28870 22 25 12
0.183021 0.371231 0.910325 114.022682
31174 22 25 13
0.024646 0.560000 0.828126 132.135437
44998 22 25 19
-0.472471 -0.688880 -0.549742 157.026245
47302 22 25 20
-0.558344 -0.615462 -0.556289 148.016342
54214 22 25 23
-0.871155 -0.010079 0.490904 145.477097
56518 22 25 24
-0.833616 0.274244 0.479453 157.074219
58822 22 25 25
-0.794620 0.581706 0.173775 165.304810
61126 22 25 26
-0.584732 0.753051 -0.301667 163.542313
28918 22 26 12
0.134445 -0.192170 0.972109 116.413673
31222 22 26 13
-0.064906 -0.187131 0.980188 135.825760
33526 22 26 14
-0.451060 -0.070082 0.889738 147.944748
45046 22 26 19
-0.482595 -0.640009 -0.597906 146.728745
54262 22 26 23
-0.587659 -0.467310 0.660514 139.801819
56566 22 26 24
-0.604465 -0.297009 0.739194 156.792847
58870 22 26 25
-0.784057 -0.088799 0.614304 171.421936
61174 22 26 26
-0.920397 0.360060 -0.152399 176.139603
63478 22 26 27
-0.425734 0.480521 -0.766714 166.847931
65782 22 26 28
-0.185198 0.432766 -0.882279 144.095688
68086 22 26 29
-0.081346 0.390048 -0.917194 112.503845
28966 22 27 12
0.054578 -0.594014 0.802601 105.204414
31270 22 27 13
-0.096991 -0.671018 0.735070 125.926796
33574 22 27 14
-0.310493 -0.707953 0.634347 140.848907
42790 22 27 18
-0.570074 -0.623054 -0.535555 146.061432
58918 22 27 25
-0.314507 -0.667372 0.675056 162.641190
61222 22 27 26
-0.507806 -0.809015 0.296021 172.840317
63526 22 27 27
-0.419835 -0.369501 -0.828980 169.429474
65830 22 27 28
-0.152921 0.035927 -0.987585 151.391800
68134 22 27 29
-0.059988 0.153249 -0.986365 122.213676
38230 22 28 16
-0.542642 -0.830512 0.125657 141.149094
40534 22 28 17
-0.597195 -0.767774 -0.232124 139.892365
42838 22 28 18
-0.551263 -0.686927 -0.473540 130.698608
35974 22 29 15
-0.336149 -0.857725 0.388987 111.634476
38278 22 29 16
-0.469139 -0.872382 0.137325 119.494331
40582 22 29 17
-0.542458 -0.821579 -0.175347 118.898735
42886 22 29 18
-0.534060 -0.741354 -0.406416 109.823639
36022 22 30 15
-0.322781 -0.864820 0.384577 85.798599
36070 22 31 15
-0.319714 -0.872889 0.368575 61.535011
38374 22 31 16
-0.416298 -0.899757 0.130889 68.241013
36118 22 32 15
-0.309870 -0.889467 0.335901 41.073269
38422 22 32 16
-0.386615 -0.915788 0.108909 45.840195
63766 22 32 27
0.387542 -0.745039 0.542888 86.892105
66070 22 32 28
0.501425 -0.821580 0.271254 96.808144
68374 22 32 29
0.580307 -0.776571 -0.245317 97.426353
70678 22 32 30
0.498524 -0.540103 -0.678058 87.875786
72982 22 32 31
0.382875 -0.340013 -0.858951 70.596497
38470 22 33 16
-0.345792 -0.934770 0.081450 28.091633
44519 23 15 19
0.077496 0.930773 -0.357289 96.284767
46823 23 15 20
0.054050 0.778371 -0.625474 81.069771
44567 23 16 19
0.064944 0.861211 -0.504081 123.500252
46871 23 16 20
0.037316 0.650359 -0.758710 103.623055
33095 23 17 14
-0.028106 0.558642 0.828933 116.551620
35399 23 17 15
-0.015898 0.750160 0.661065 139.406921
37703 23 17 16
0.016083 0.911665 0.410618 153.645111
44615 23 17 19
0.044005 0.720834 -0.691710 145.783066
46919 23 17 20
0.014080 0.481845 -0.876143 122.071259
33143 23 18 14
0.049378 0.221594 0.973888 129.051041
35447 23 18 15
0.072888 0.379649 0.922255 154.289841
37751 23 18 16
0.106649 0.666617 0.737732 169.931274
40055 23 18 17
0.115603 0.969498 0.216126 176.654465
42359 23 18 18
0.056912 0.843398 -0.534267 174.412964
44663 23 18 19
0.003961 0.501164 -0.865343 160.933456
46967 23 18 20
-0.017496 0.317990 -0.947932 135.112122
35495 23 19 15
0.121415 -0.137149 0.983081 156.677170
37799 23 19 16
0.144174 -0.116608 0.982658 173.866959
40103 23 19 17
0.173447 0.207442 0.962748 182.433609
42407 23 19 18
-0.048773 0.491410 -0.869562 181.787399
44711 23 19 19
-0.062345 0.268431 -0.961279 169.197281
47015 23 19 20
-0.059217 0.206172 -0.976722 143.481827
44759 23 20 19
-0.150914 0.091822 -0.984273 172.508286
47063 23 20 20
-0.111985 0.151112 -0.982153 148.941193
44807 23 21 19
-0.246159 -0.048554 -0.968013 172.883423
47111 23 21 20
-0.174729 0.114395 -0.977949 152.742950
35639 23 22 15
-0.073291 -0.224663 0.971676 133.466980
37943 23 22 16
-0.088729 -0.361091 0.928300 150.910904
44855 23 22 19
-0.311897 -0.237198 -0.920031 171.260345
47159 23 22 20
-0.246076 0.033172 -0.968683 154.750839
35687 23 23 15
-0.179762 0.166753 0.969474 132.573380
44903 23 23 19
-0.299791 -0.493311 -0.816560 167.513275
44951 23 24 19
-0.257317 -0.658901 -0.706850 161.142548
28871 23 25 12
-0.057872 0.392804 0.917799 115.671257
31175 23 25 13
-0.316454 0.560985 0.764953 130.032806
33479 23 25 14
-0.535523 0.633185 0.558831 138.433136
44999 23 25 19
-0.271836 -0.704106 -0.656003 151.716064
56519 23 25 24
-0.822114 0.390683 0.414120 135.954453
26615 23 26 11
0.040602 -0.244244 0.968863 94.664337
28919 23 26 12
-0.136123 -0.304655 0.942685 116.659935
31223 23 26 13
-0.453282 -0.324852 0.830064 131.987961
33527 23 26 14
-0.753506 -0.230951 0.615541 141.227142
56567 23 26 24
-0.703119 -0.005498 0.711051 141.078049
58871 23 26 25
-0.784722 0.231854 0.574853 156.020462
61175 23 26 26
-0.817586 0.573706 0.049137 162.756149
63479 23 26 27
-0.471665 0.645037 -0.601215 156.835297
65783 23 26 28
-0.193367 0.526586 -0.827838 137.917831
68087 23 26 29
-0.056992 0.435272 -0.898493 109.751457
26663 23 27 11
-0.011131 -0.596838 0.802285 82.617088
28967 23 27 12
-0.151708 -0.686001 0.711609 103.940681
31271 23 27 13
-0.335814 -0.731897 0.592922 120.662247
33575 23 27 14
-0.517357 -0.715215 0.469904 132.466293
42791 23 27 18
-0.445788 -0.747958 -0.491764 135.394913
56615 23 27 24
-0.362053 -0.407991 0.838129 135.942963
58919 23 27 25
-0.436101 -0.383038 0.814309 154.531357
61223 23 27 26
-0.743553 -0.405968 0.531337 165.518723
63527 23 27 27
-0.501302 0.031347 -0.864704 163.791534
65831 23 27 28
-0.115157 0.194603 -0.974099 147.931046
68135 23 27 29
-0.009136 0.230722 -0.972977 120.878601
35927 23 28 15
-0.511510 -0.808359 0.291397 123.154663
38231 23 28 16
-0.571074 -0.818914 0.057054 127.864235
40535 23 28 17
-0.552262 -0.801455 -0.229515 125.610207
52055 23 28 22
-0.146991 -0.847287 0.510390 89.137947
63575 23 28 27
0.100116 -0.922062 -0.373870 158.494400
65879 23 28 28
0.108068 -0.242053 -0.964226 147.610840
35975 23 29 15
-0.470034 -0.836054 0.282986 99.271576
38279 23 29 16
-0.538517 -0.840770 0.055728 104.562218
63767 23 32 27
0.425359 -0.719050 0.549578 97.172768
66071 23 32 28
0.531277 -0.792414 0.299707 107.588608
68375 23 32 29
0.614349 -0.743481 -0.264217 108.434608
70679 23 32 30
0.500592 -0.474556 -0.724020 98.355614
72983 23 32 31
0.373781 -0.280701 -0.884022 79.618164
66119 23 33 28
0.455974 -0.836503 0.303892 88.921127
68423 23 33 29
0.513297 -0.853049 -0.093989 91.763985
70727 23 33 30
0.479586 -0.722308 -0.498266 84.568550
42216 24 15 18
-0.116051 0.992142 -0.046762 102.139832
44520 24 15 19
-0.111231 0.918922 -0.378430 95.955933
46824 24 15 20
-0.105125 0.751988 -0.650741 80.406830
44568 24 16 19
-0.203984 0.830586 -0.518186 121.613678
46872 24 16 20
-0.163615 0.618872 -0.768263 101.680176
35400 24 17 15
-0.236221 0.753050 0.614097 135.582611
37704 24 17 16
-0.286482 0.875043 0.390164 150.021927
44616 24 17 19
-0.291519 0.670356 -0.682377 142.540695
46920 24 17 20
-0.202308 0.455279 -0.867060 119.030602
33144 24 18 14
-0.128161 0.298072 0.945900 127.824265
35448 24 18 15
-0.221281 0.456772 0.861623 152.521454
37752 24 18 16
-0.388628 0.679800 0.621965 167.489105
40056 24 18 17
-0.557418 0.821182 0.122250 173.429688
42360 24 18 18
-0.529053 0.693969 -0.488376 170.512695
44664 24 18 19
-0.349341 0.449899 -0.821920 156.795776
46968 24 18 20
-0.212858 0.302605 -0.929044 131.360291
35496 24 19 15
-0.133784 -0.094813 0.986465 156.582062
37800 24 19 16
-0.383560 -0.078976 0.920133 172.401535
40104 24 19 17
-0.914559 0.132265 0.382213 179.403122
42408 24 19 18
-0.725242 0.287983 -0.625372 177.552246
44712 24 19 19
-0.372573 0.237212 -0.897173 164.578934
47016 24 19 20
-0.202931 0.198408 -0.958881 139.335861
44760 24 20 19
-0.379546 0.090122 -0.920773 167.760376
47064 24 20 20
-0.186263 0.145558 -0.971658 144.553452
44808 24 21 19
-0.376177 -0.005458 -0.926532 168.460190
47112 24 21 20
-0.173396 0.107659 -0.978950 148.175186
35640 24 22 15
-0.116611 -0.281392 0.952481 131.548920
44856 24 22 19
-0.333648 -0.137704 -0.932586 167.657700
44904 24 23 19
-0.227907 -0.376858 -0.897796 164.845230
44952 24 24 19
-0.148384 -0.588795 -0.794546 158.745895
28872 24 25 12
-0.372844 0.343128 0.862120 111.821594
31176 24 25 13
-0.614166 0.420857 0.667593 123.522255
45000 24 25 19
-0.160593 -0.696420 -0.699435 148.274811
26616 24 26 11
-0.211778 -0.320484 0.923277 92.740051
28920 24 26 12
-0.436479 -0.404200 0.803809 111.092781
31224 24 26 13
-0.676448 -0.421729 0.603790 123.255264
42744 24 26 18
-0.247992 -0.863893 -0.438394 144.412247
63480 24 26 27
-0.309543 0.849936 -0.426371 148.483994
65784 24 26 28
-0.065239 0.641543 -0.764308 133.943588
26664 24 27 11
-0.204098 -0.661752 0.721408 79.684067
28968 24 27 12
-0.348343 -0.733544 0.583584 97.200684
31272 24 27 13
-0.490641 -0.743867 0.453799 110.408760
40488 24 27 17
-0.448760 -0.879872 -0.156334 133.313873
42792 24 27 18
-0.337758 -0.842772 -0.419112 126.399452
58920 24 27 25
-0.388902 0.052191 0.919800 146.498642
61224 24 27 26
-0.523512 0.360501 0.771994 159.168243
63528 24 27 27
-0.241869 0.685260 -0.686963 159.958237
65832 24 27 28
0.032925 0.399258 -0.916247 146.848770
35928 24 28 15
-0.534995 -0.807037 0.249943 108.601639
38232 24 28 16
-0.530889 -0.844977 0.064581 113.231590
40536 24 28 17
-0.475454 -0.861406 -0.178669 111.639015
49752 24 28 21
-0.351486 -0.927279 0.128887 79.368111
52056 24 28 22
-0.203865 -0.652376 0.729962 86.285568
58968 24 28 25
0.057978 -0.382310 0.922214 143.026443
61272 24 28 26
0.210955 -0.542895 0.812873 157.484802
63576 24 28 27
0.630140 -0.597791 -0.495549 161.012070
65880 24 28 28
0.295576 0.022361 -0.955058 151.158279
68184 24 28 29
0.216802 0.165480 -0.962088 129.300171
70488 24 28 30
0.200395 0.233383 -0.951512 100.353798
35976 24 29 15
-0.514881 -0.827168 0.225147 83.987030
38280 24 29 16
-0.530971 -0.846550 0.037724 88.147560
52104 24 29 22
0.084307 -0.668550 0.738873 74.835098
66072 24 32 28
0.497949 -0.815368 0.295335 118.101616
68376 24 32 29
0.573074 -0.761235 -0.303493 118.711899
70680 24 32 30
0.444678 -0.436999 -0.781852 108.193199
72984 24 32 31
0.327817 -0.236529 -0.914653 88.407211
66120 24 33 28
0.410927 -0.846615 0.338205 99.694992
68424 24 33 29
0.478557 -0.873273 -0.091531 103.000961
70728 24 33 30
0.448052 -0.703092 -0.552187 95.578583
42217 25 15 18
-0.345275 0.937684 -0.039171 95.537842
44521 25 15 19
-0.334286 0.857728 -0.390583 89.694809
44569 25 16 19
-0.462177 0.737422 -0.492545 112.009148
46873 25 16 20
-0.360482 0.568855 -0.739227 93.435631
35401 25 17 15
-0.397895 0.741867 0.539734 125.446518
37705 25 17 16
-0.493938 0.807286 0.322976 138.814896
44617 25 17 19
-0.550630 0.583270 -0.597162 130.734863
46921 25 17 20
-0.399258 0.438204 -0.805339 109.177528
33145 25 18 14
-0.282574 0.382931 0.879498 121.351074
35449 25 18 15
-0.434738 0.531317 0.727121 144.407852
37753 25 18 16
-0.637794 0.651587 0.410673 157.583252
44665 25 18 19
-0.588465 0.423491 -0.688742 144.562912
46969 25 18 20
-0.393319 0.331744 -0.857465 121.434151
33193 25 19 14
-0.196696 0.026015 0.980119 127.630440
35497 25 19 15
-0.371251 0.038616 0.927729 151.359283
37801 25 19 16
-0.744941 0.117658 0.656673 164.947037
44713 25 19 19
-0.588499 0.287849 -0.755521 153.485001
47017 25 19 20
-0.352794 0.262565 -0.898107 130.646683
44761 25 20 19
-0.572067 0.197111 -0.796170 158.664413
47065 25 20 20
-0.294296 0.221987 -0.929576 137.696274
44809 25 21 19
-0.547974 0.137856 -0.825058 161.578278
44857 25 22 19
-0.494008 0.019697 -0.869234 162.825714
44905 25 23 19
-0.374705 -0.256650 -0.890914 161.556015
47209 25 23 20
-0.190018 -0.156642 -0.969204 144.868073
44953 25 24 19
-0.258016 -0.530071 -0.807746 156.010651
47257 25 24 20
-0.206924 -0.387222 -0.898466 138.586288
26569 25 25 11
-0.421768 0.190126 0.886546 87.179245
28873 25 25 12
-0.606873 0.213419 0.765609 103.230911
31177 25 25 13
-0.735531 0.203871 0.646089 114.102112
42697 25 25 18
-0.277719 -0.899685 -0.336807 154.426498
45001 25 25 19
-0.225117 -0.679677 -0.698113 144.727692
24313 25 26 10
-0.302964 -0.272903 0.913092 65.139870
26617 25 26 11
-0.451625 -0.364243 0.814470 85.155006
28921 25 26 12
-0.617187 -0.449497 0.645780 100.675964
31225 25 26 13
-0.717389 -0.486505 0.498664 111.323273
40441 25 26 17
-0.369443 -0.924108 0.097652 142.734207
42745 25 26 18
-0.277308 -0.882667 -0.379472 139.625061
63481 25 26 27
0.040928 0.970913 -0.235910 145.721268
26665 25 27 11
-0.381909 -0.680756 0.625073 71.908707
28969 25 27 12
-0.481483 -0.736097 0.475747 86.165428
40489 25 27 17
-0.392149 -0.916802 -0.075456 123.909958
42793 25 27 18
-0.318710 -0.881199 -0.349159 118.056290
63529 25 27 27
0.172259 0.942298 -0.287056 159.804153
65833 25 27 28
0.218948 0.545560 -0.808966 149.535217
35929 25 28 15
-0.507875 -0.823547 0.252654 93.404221
38233 25 28 16
-0.476913 -0.873022 0.101918 98.855110
40537 25 28 17
-0.420016 -0.900196 -0.115040 98.699936
49753 25 28 21
-0.481028 -0.834496 0.268754 73.453842
52057 25 28 22
-0.334068 -0.384972 0.860346 82.118767
58969 25 28 25
0.058473 -0.006553 0.998267 144.272705
61273 25 28 26
0.300691 0.027481 0.953326 160.654129
63577 25 28 27
0.929518 0.284243 -0.234949 165.936050
65881 25 28 28
0.417840 0.242928 -0.875440 157.463791
68185 25 28 29
0.295407 0.249452 -0.922230 136.515045
70489 25 28 30
0.267555 0.269320 -0.925138 107.999626
38281 25 29 16
-0.492484 -0.868481 0.056578 72.585350
49801 25 29 21
-0.272646 -0.759186 0.591016 61.875156
52105 25 29 22
-0.071806 -0.432455 0.898792 75.100883
54409 25 29 23
0.071065 -0.288448 0.954855 95.086967
59017 25 29 25
0.319293 -0.350649 0.880396 140.253296
65929 25 29 28
0.635368 -0.180952 -0.750708 158.099518
54457 25 30 23
0.231140 -0.465027 0.854590 85.779640
54505 25 31 23
0.305256 -0.599287 0.740050 71.703438
68329 25 31 29
0.491890 -0.479432 -0.726767 136.167252
66073 25 32 28
0.381371 -0.890734 0.247285 126.753372
68377 25 32 29
0.415832 -0.832038 -0.367146 126.561775
70681 25 32 30
0.312514 -0.431317 -0.846346 115.745148
72985 25 32 31
0.239088 -0.209068 -0.948223 95.598557
66121 25 33 28
0.299429 -0.884543 0.357667 108.175156
68425 25 33 29
0.360123 -0.928626 -0.089248 111.647385
70729 25 33 30
0.349145 -0.702327 -0.620351 104.420837
42218 26 15 18
-0.557748 0.829176 -0.037197 83.478806
44522 26 15 19
-0.537385 0.752530 -0.380677 78.246414
44570 26 16 19
-0.639280 0.629815 -0.441196 96.400932
44618 26 17 19
-0.685828 0.524864 -0.504140 112.732368
35450 26 18 15
-0.544673 0.598960 0.587008 131.409042
37754 26 18 16
-0.705669 0.663336 0.249031 142.281296
46970 26 18 20
-0.519531 0.400650 -0.754697 107.105232
81530 26 18 35
0.973989 0.178212 -0.139950 67.606567
83834 26 18 36
0.887025 0.128224 -0.443559 60.266518
35498 26 19 15
-0.537587 0.232743 0.810451 142.014664
37802 26 19 16
-0.849908 0.358168 0.386487 153.179657
44714 26 19 19
-0.680936 0.382782 -0.624342 137.706589
47018 26 19 20
-0.469520 0.379223 -0.797334 118.459717
81578 26 19 35
0.979568 0.025373 -0.199507 70.072311
83882 26 19 36
0.886100 -0.010326 -0.463379 61.605179
35546 26 20 15
-0.354904 -0.253344 0.899922 141.585617
37850 26 20 16
-0.718487 -0.260818 0.644787 154.026718
44762 26 20 19
-0.671614 0.336448 -0.660103 145.961487
47066 26 20 20
-0.407758 0.354190 -0.841595 128.328522
81626 26 20 35
0.964488 -0.086943 -0.249407 69.206444
83930 26 20 36
0.887089 -0.107939 -0.448801 60.075562
33290 26 21 14
-0.138081 -0.263933 0.954606 113.631088
35594 26 21 15
-0.185077 -0.412804 0.891818 134.475433
44810 26 21 19
-0.679323 0.281130 -0.677854 151.745026
47114 26 21 20
-0.359193 0.277324 -0.891107 136.009125
35642 26 22 15
-0.114617 -0.272446 0.955320 127.516327
44858 26 22 19
-0.689615 0.134504 -0.711576 155.067200
47162 26 22 20
-0.340007 0.091995 -0.935912 140.191071
42602 26 23 18
-0.991356 -0.076702 0.106446 159.876770
44906 26 23 19
-0.630942 -0.169250 -0.757143 154.957184
47210 26 23 20
-0.336850 -0.180658 -0.924064 139.307495
65642 26 23 28
0.768760 0.599843 -0.221802 94.764435
67946 26 23 29
0.817158 0.484231 -0.312686 87.439713
70250 26 23 30
0.910042 0.288712 -0.297439 79.688988
72554 26 23 31
0.974178 0.042790 -0.221690 73.478035
40346 26 24 17
-0.506690 -0.187347 0.841526 153.574448
42650 26 24 18
-0.818793 -0.542492 -0.187830 157.292068
44954 26 24 19
-0.499426 -0.467872 -0.729157 149.647263
47258 26 24 20
-0.334965 -0.420076 -0.843406 132.305511
65690 26 24 28
0.690827 0.623220 -0.366544 110.824944
67994 26 24 29
0.714168 0.449728 -0.536384 99.156868
70298 26 24 30
0.794535 0.214047 -0.568241 85.486870
28874 26 25 12
-0.692507 0.071877 0.717822 91.452667
31178 26 25 13
-0.713327 -0.002922 0.700825 103.322586
40394 26 25 17
-0.552621 -0.714939 0.428336 148.618195
42698 26 25 18
-0.529594 -0.775348 -0.344044 148.594543
45002 26 25 19
-0.404909 -0.642650 -0.650422 137.683777
47306 26 25 20
-0.344928 -0.578953 -0.738808 119.405464
24314 26 26 10
-0.488951 -0.282091 0.825440 56.062042
26618 26 26 11
-0.598563 -0.371893 0.709520 73.267815
28922 26 26 12
-0.675783 -0.463416 0.573204 87.225899
31226 26 26 13
-0.677848 -0.535147 0.504123 98.068588
33530 26 26 14
-0.599790 -0.582910 0.548150 108.133080
40442 26 26 17
-0.457103 -0.886366 0.073561 135.358337
42746 26 26 18
-0.412330 -0.842394 -0.346924 131.851166
45050 26 26 19
-0.370614 -0.742504 -0.557972 119.185287
24362 26 27 10
-0.439747 -0.576021 0.689074 46.338562
26666 26 27 11
-0.507398 -0.661952 0.551694 60.685593
40490 26 27 17
-0.416597 -0.908168 -0.040954 113.361023
42794 26 27 18
-0.382868 -0.871766 -0.305673 108.055473
63578 26 28 27
0.772828 0.630896 0.068611 171.958130
65882 26 28 28
0.445607 0.365106 -0.817393 165.115005
68186 26 28 29
0.315181 0.285782 -0.904980 145.190094
70490 26 28 30
0.291738 0.272673 -0.916809 117.278976
59018 26 29 25
0.151830 -0.146215 0.977532 145.738968
61322 26 29 26
0.394855 -0.277445 0.875850 164.433228
63626 26 29 27
0.873714 -0.451939 0.179930 172.438919
65930 26 29 28
0.585108 -0.126558 -0.801019 167.391312
68234 26 29 29
0.352867 0.073416 -0.932789 150.097183
54458 26 30 23
0.007944 -0.322487 0.946541 88.925316
56762 26 30 24
0.129801 -0.376176 0.917411 114.473808
59066 26 30 25
0.264571 -0.493128 0.828750 137.832245
61370 26 30 26
0.409863 -0.654400 0.635431 155.269577
63674 26 30 27
0.555391 -0.805315 0.207388 163.794525
65978 26 30 28
0.546253 -0.649720 -0.528650 161.604614
68282 26 30 29
0.348380 -0.223101 -0.910416 148.732040
54506 26 31 23
0.101820 -0.526239 0.844219 77.292946
56810 26 31 24
0.203194 -0.605141 0.769751 100.321686
59114 26 31 25
0.289258 -0.700542 0.652358 121.201645
61418 26 31 26
0.344463 -0.794960 0.499383 137.485962
75242 26 31 32
0.151084 0.030317 -0.988056 76.129997
70682 26 32 30
0.106883 -0.456764 -0.883144 119.689774
72986 26 32 31
0.107812 -0.205965 -0.972602 99.914055
66122 26 33 28
0.128691 -0.932961 0.336188 112.976608
68426 26 33 29
0.125504 -0.987710 -0.093153 116.090355
70730 26 33 30
0.144080 -0.715173 -0.683937 109.323395
73034 26 33 31
0.151645 -0.412622 -0.898191 92.718262
66170 26 34 28
0.124827 -0.898784 0.420246 92.394981
68474 26 34 29
0.171720 -0.981985 0.078851 98.350594
70778 26 34 30
0.231456 -0.857304 -0.459846 94.716194
68522 26 35 29
0.216991 -0.966338 0.138224 78.322479
66266 26 36 28
0.163868 -0.899710 0.404561 51.493404
68570 26 36 29
0.233238 -0.961334 0.146411 57.585857
39915 27 15 17
-0.643020 0.735871 0.212176 65.659660
42219 27 15 18
-0.710806 0.702376 -0.037724 67.975281
44523 27 15 19
-0.687840 0.637084 -0.347851 63.609337
44571 27 16 19
-0.735702 0.557167 -0.385107 77.879631
81483 27 17 35
0.912300 0.390183 -0.124366 85.516136
35451 27 18 15
-0.582174 0.655541 0.480978 115.465919
37755 27 18 16
-0.691153 0.706967 0.150016 124.306099
46971 27 18 20
-0.570233 0.514668 -0.640274 91.404404
81531 27 18 35
0.961258 0.184088 -0.205171 93.512375
83835 27 18 36
0.849826 0.122305 -0.512677 83.149597
35499 27 19 15
-0.608592 0.410114 0.679280 129.692825
37803 27 19 16
-0.804569 0.553202 0.215954 139.051300
47019 27 19 20
-0.508889 0.537058 -0.672756 105.187744
81579 27 19 35
0.961477 0.035838 -0.272539 96.437775
83883 27 19 36
0.850027 0.003793 -0.526725 84.752808
35547 27 20 15
-0.491605 -0.039436 0.869925 133.620895
37851 27 20 16
-0.865611 0.096139 0.491401 144.489685
47067 27 20 20
-0.463803 0.517656 -0.718971 117.829918
81627 27 20 35
0.946992 -0.056905 -0.316177 96.059753
83931 27 20 36
0.863221 -0.063753 -0.500785 83.843887
35595 27 21 15
-0.297308 -0.292749 0.908794 129.959076
37899 27 21 16
-0.571413 -0.310677 0.759584 142.790680
44811 27 21 19
-0.721976 0.368617 -0.585553 139.877060
47115 27 21 20
-0.473431 0.391630 -0.788980 127.376961
49419 27 21 21
-0.105116 0.445526 -0.889076 111.564041
79371 27 21 34
0.985102 -0.097355 -0.141761 100.466003
81675 27 21 35
0.929497 -0.156546 -0.333960 92.918953
35643 27 22 15
-0.205813 -0.224850 0.952409 124.769287
37947 27 22 16
-0.380386 -0.229190 0.895979 139.186111
44859 27 22 19
-0.795951 0.135988 -0.589889 144.061401
47163 27 22 20
-0.528342 0.094209 -0.843789 131.972672
49467 27 22 21
-0.142534 0.100189 -0.984706 116.460175
51771 27 22 22
0.553892 0.215782 -0.804140 103.187241
74811 27 22 32
0.997284 -0.025310 0.069170 98.994972
77115 27 22 33
0.983483 -0.170627 -0.060399 99.278481
79419 27 22 34
0.940418 -0.262765 -0.215797 94.832100
44907 27 23 19
-0.779405 -0.173750 -0.601946 143.716309
47211 27 23 20
-0.540955 -0.252758 -0.802173 130.358810
49515 27 23 21
-0.239576 -0.326331 -0.914391 114.552231
65643 27 23 28
0.826881 0.493877 -0.268986 117.257545
67947 27 23 29
0.857003 0.399326 -0.325707 109.084969
70251 27 23 30
0.950179 0.194310 -0.243728 102.014938
72555 27 23 31
0.989679 -0.066440 -0.126971 97.747002
40347 27 24 17
-0.850458 -0.278414 0.446326 145.971771
42651 27 24 18
-0.877356 -0.392241 -0.276394 146.594238
44955 27 24 19
-0.675914 -0.426962 -0.600703 137.699860
47259 27 24 20
-0.509675 -0.477399 -0.715767 122.195335
49563 27 24 21
-0.324889 -0.587621 -0.741046 106.307251
65691 27 24 28
0.784721 0.458453 -0.417174 129.530090
67995 27 24 29
0.766783 0.304014 -0.565349 117.465317
70299 27 24 30
0.839548 0.051617 -0.540828 104.576820
72603 27 24 31
0.885793 -0.231099 -0.402449 93.868690
40395 27 25 17
-0.739807 -0.653476 0.160174 139.214188
42699 27 25 18
-0.688971 -0.637161 -0.345463 136.819839
45003 27 25 19
-0.571661 -0.592729 -0.567341 125.035217
47307 27 25 20
-0.484477 -0.605169 -0.631707 108.288658
65739 27 25 28
0.646685 0.493200 -0.581853 140.055115
24315 27 26 10
-0.601999 -0.277346 0.748784 44.420471
26619 27 26 11
-0.661156 -0.364134 0.655957 59.240303
28923 27 26 12
-0.675178 -0.462806 0.574408 72.614044
31227 27 26 13
-0.626309 -0.555048 0.547411 84.624794
40443 27 26 17
-0.574520 -0.818490 0.000592 123.781418
42747 27 26 18
-0.550733 -0.765251 -0.333294 118.999657
40491 27 27 17
-0.485502 -0.872766 -0.050673 100.204483
42795 27 27 18
-0.478337 -0.829912 -0.287123 94.737488
65883 27 28 28
0.338283 0.430542 -0.836778 171.768356
68187 27 28 29
0.239786 0.290663 -0.926292 152.925812
65931 27 29 28
0.406446 -0.144102 -0.902240 174.349274
68235 27 29 29
0.231392 0.025150 -0.972535 157.162918
70539 27 29 30
0.198344 0.108837 -0.974071 131.655792
54459 27 30 23
-0.180328 -0.207105 0.961556 86.294556
56763 27 30 24
-0.083450 -0.257821 0.962582 114.939972
59067 27 30 25
0.037831 -0.387563 0.921066 141.659302
61371 27 30 26
0.193408 -0.620845 0.759700 161.546112
63675 27 30 27
0.355168 -0.906161 0.229626 170.835266
65979 27 30 28
0.310829 -0.735533 -0.601977 167.948914
54507 27 31 23
-0.102378 -0.425694 0.899057 77.146828
56811 27 31 24
-0.007310 -0.525723 0.850625 103.134392
59115 27 31 25
0.099074 -0.668243 0.737317 126.820595
61419 27 31 26
0.187376 -0.824723 0.533594 144.518692
75243 27 31 32
0.058304 -0.042114 -0.997410 78.994797
54555 27 32 23
-0.032483 -0.603433 0.796752 62.617863
56859 27 32 24
0.047149 -0.701124 0.711479 84.355789
59163 27 32 25
0.117933 -0.798650 0.590127 104.407135
72987 27 32 31
-0.052563 -0.232377 -0.971204 100.597473
56907 27 33 24
0.069292 -0.786540 0.613639 62.597359
59211 27 33 25
0.106772 -0.844065 0.525504 78.995384
70731 27 33 30
-0.136817 -0.711083 -0.689668 109.426605
73035 27 33 31
-0.044167 -0.384750 -0.921963 93.992607
68475 27 34 29
-0.108012 -0.987324 0.116298 98.966217
70779 27 34 30
-0.067066 -0.889524 -0.451939 96.374771
66219 27 35 28
-0.066558 -0.888067 0.454871 72.402534
68523 27 35 29
-0.057807 -0.976491 0.207664 80.041260
70827 27 35 30
0.011074 -0.967162 -0.253919 79.886131
61659 27 36 26
-0.036123 -0.817287 0.575098 31.534542
63963 27 36 27
-0.058740 -0.836300 0.545116 42.124245
66267 27 36 28
-0.059139 -0.894764 0.442605 52.582367
68571 27 36 29
-0.024203 -0.975946 0.216666 59.823574
70875 27 36 30
0.046682 -0.988754 -0.142078 60.758808
73179 27 36 31
0.119306 -0.862634 -0.491558 54.272488
70923 27 37 30
0.051811 -0.994936 -0.086127 41.444603
42172 28 14 18
-0.741932 0.670161 0.020509 39.770535
44476 28 14 19
-0.721319 0.634267 -0.278217 37.634357
46828 28 15 20
-0.679181 0.516804 -0.521179 40.263100
81436 28 16 35
0.708424 0.701485 -0.077813 93.785347
83740 28 16 36
0.673783 0.601612 -0.429045 86.361603
81484 28 17 35
0.860687 0.472533 -0.189554 110.874283
83788 28 17 36
0.760207 0.353638 -0.545000 100.125748
46972 28 18 20
-0.526900 0.679805 -0.510139 77.415916
81532 28 18 35
0.929580 0.212647 -0.301101 120.289619
83836 28 18 36
0.784464 0.131189 -0.606140 106.929611
35500 28 19 15
-0.622821 0.520278 0.584299 115.311745
37804 28 19 16
-0.721939 0.674002 0.156602 124.024498
60844 28 19 26
0.725811 0.687880 0.004386 80.221535
63148 28 19 27
0.746679 0.660353 -0.080020 78.957382
65452 28 19 28
0.782102 0.620928 -0.052584 76.815514
35548 28 20 15
-0.585713 0.158303 0.794909 123.175072
37852 28 20 16
-0.846338 0.378537 0.374728 133.684036
60892 28 20 26
0.789931 0.612058 -0.037342 101.047752
63196 28 20 27
0.779906 0.607216 -0.151777 97.808876
35596 28 21 15
-0.451264 -0.146041 0.880359 122.901306
37900 28 21 16
-0.747580 -0.104750 0.655859 135.266891
79372 28 21 34
0.976634 -0.093421 -0.193544 130.874191
81676 28 21 35
0.900469 -0.133951 -0.413778 121.411774
49468 28 22 21
-0.309207 -0.009939 -0.950943 114.218559
51772 28 22 22
0.985452 0.169816 -0.006906 110.638924
77116 28 22 33
0.973050 -0.227920 -0.035012 129.450684
79420 28 22 34
0.919841 -0.302902 -0.249284 124.943481
81724 28 22 35
0.871038 -0.310053 -0.380997 114.629204
49516 28 23 21
-0.430793 -0.702285 -0.566756 110.232506
65644 28 23 28
0.792285 0.433633 -0.429241 138.527390
67948 28 23 29
0.840769 0.336780 -0.423894 128.754272
74860 28 23 32
0.915126 -0.402612 -0.021155 120.869591
77164 28 23 33
0.859122 -0.489261 -0.150108 118.463280
61084 28 24 26
0.935997 0.193224 0.294234 154.762802
63388 28 24 27
0.902596 0.340050 -0.263981 155.266388
65692 28 24 28
0.715143 0.307244 -0.627831 146.377472
74908 28 24 32
0.770493 -0.597495 -0.222128 107.204132
77212 28 24 33
0.727556 -0.639303 -0.248903 100.567406
28876 28 25 12
-0.676530 -0.108318 0.728405 64.081734
31180 28 25 13
-0.635466 -0.215484 0.741451 79.450462
33484 28 25 14
-0.590317 -0.328828 0.737155 94.932579
35788 28 25 15
-0.617897 -0.438978 0.652305 109.456924
38092 28 25 16
-0.739682 -0.544325 0.395703 120.321396
40396 28 25 17
-0.811697 -0.583635 -0.022765 124.162148
42700 28 25 18
-0.753779 -0.561494 -0.341382 119.274406
61132 28 25 26
0.789910 0.103930 0.604351 157.265167
63436 28 25 27
0.876238 0.385182 -0.289555 160.264725
65740 28 25 28
0.497105 0.306765 -0.811654 151.510345
74956 28 25 32
0.660829 -0.592918 -0.460166 91.783829
40444 28 26 17
-0.668085 -0.740277 -0.075179 107.404678
42748 28 26 18
-0.645650 -0.690974 -0.325102 101.208794
61180 28 26 26
0.382868 0.172251 0.907602 159.073883
63484 28 26 27
0.585287 0.800076 -0.131599 165.179596
65788 28 26 28
0.216816 0.469783 -0.855742 157.615692
40492 28 27 17
-0.564490 -0.821270 -0.082868 84.103638
42796 28 27 18
-0.565523 -0.775512 -0.280651 78.243599
61228 28 27 26
0.019750 0.259892 0.965436 162.567947
63532 28 27 27
0.034874 0.971329 0.235170 171.885132
65836 28 27 28
0.027635 0.581878 -0.812807 166.155228
68140 28 27 29
0.059087 0.376265 -0.924626 148.032959
65884 28 28 28
-0.046206 0.465435 -0.883875 174.300308
68188 28 28 29
0.012355 0.283148 -0.958997 156.446991
70492 28 28 30
0.064551 0.228069 -0.971503 130.857803
65932 28 29 28
-0.031391 -0.149192 -0.988310 176.892105
68236 28 29 29
-0.008868 -0.017243 -0.999812 159.897049
70540 28 29 30
0.013373 0.041887 -0.999033 134.871170
59068 28 30 25
-0.139913 -0.285243 0.948188 140.051498
61372 28 30 26
-0.055054 -0.522811 0.850669 162.903976
63676 28 30 27
0.032986 -0.954707 0.295712 173.607956
65980 28 30 28
0.014805 -0.755041 -0.655511 170.416092
75196 28 30 32
0.017809 -0.050771 -0.998552 81.222626
56812 28 31 24
-0.158931 -0.424669 0.891290 100.331917
59116 28 31 25
-0.067458 -0.582937 0.809712 127.146393
61420 28 31 26
0.025806 -0.799418 0.600221 147.236374
63724 28 31 27
0.069175 -0.980596 0.183429 156.911346
75244 28 31 32
-0.071440 -0.125244 -0.989551 78.906578
61468 28 32 26
0.050800 -0.886919 0.459123 123.340965
73036 28 33 31
-0.230616 -0.373834 -0.898368 91.138298
70780 28 34 30
-0.332897 -0.858740 -0.389544 92.937538
73084 28 34 31
-0.208509 -0.569528 -0.795086 82.445961
70828 28 35 30
-0.264837 -0.948736 -0.172512 77.421204
73132 28 35 31
-0.155238 -0.776075 -0.611236 70.119980
70876 28 36 30
-0.202517 -0.977245 -0.063084 59.111256
73180 28 36 31
-0.111989 -0.894671 -0.432460 54.323116
83693 29 15 36
0.314736 0.891212 -0.326623 79.199516
81437 29 16 35
0.473175 0.873190 -0.116811 111.321899
83741 29 16 36
0.447033 0.742801 -0.498406 102.606224
79181 29 17 34
0.672037 0.718452 0.179425 132.819336
81485 29 17 35
0.691243 0.659522 -0.295321 131.767029
83789 29 17 36
0.575861 0.463186 -0.673678 119.106247
79229 29 18 34
0.890301 0.450958 0.063256 147.546494
81533 29 18 35
0.824186 0.306377 -0.476287 142.886795
35501 29 19 15
-0.632690 0.561241 0.533584 99.313538
37805 29 19 16
-0.673117 0.717882 0.177650 108.486702
60845 29 19 26
0.563680 0.825864 -0.014596 100.314980
63149 29 19 27
0.584512 0.800123 -0.134717 97.925148
65453 29 19 28
0.638125 0.765506 -0.082442 94.679413
67757 29 19 29
0.707584 0.675918 0.206057 95.653404
70061 29 19 30
0.700883 0.508983 0.499699 104.073326
72365 29 19 31
0.692790 0.391824 0.605405 119.339859
35549 29 20 15
-0.650524 0.260650 0.713358 109.802620
37853 29 20 16
-0.807266 0.469037 0.358226 121.123451
40157 29 20 17
-0.753235 0.639811 -0.152575 122.693954
60893 29 20 26
0.645847 0.758624 -0.085857 124.603058
63197 29 20 27
0.627636 0.735816 -0.254260 119.284676
65501 29 20 28
0.653366 0.721072 -0.230583 112.345497
35597 29 21 15
-0.598914 -0.043916 0.799608 111.995346
37901 29 21 16
-0.834405 0.007756 0.551097 124.922829
56333 29 21 24
0.698489 0.558132 0.447885 135.065460
58637 29 21 25
0.754765 0.622679 0.206399 144.393845
60941 29 21 26
0.734945 0.667964 -0.116959 145.646164
79373 29 21 34
0.943585 -0.118451 -0.309220 156.520798
81677 29 21 35
0.804363 -0.131713 -0.579354 145.557083
83981 29 21 36
0.746213 -0.063865 -0.662637 129.714447
86285 29 21 37
0.767565 0.070555 -0.637076 113.759789
58685 29 22 25
0.846030 0.387632 0.366026 157.619873
74813 29 22 32
0.915575 -0.202348 0.347530 150.720093
77117 29 22 33
0.931002 -0.365009 0.002093 154.637756
79421 29 22 34
0.849814 -0.409851 -0.331419 150.451035
81725 29 22 35
0.780244 -0.371666 -0.503074 139.372223
84029 29 22 36
0.786256 -0.291872 -0.544621 125.591583
86333 29 22 37
0.845919 -0.172845 -0.504525 112.987495
88637 29 22 38
0.888769 -0.031256 -0.457289 102.739563
90941 29 22 39
0.861150 0.085811 -0.501055 93.210838
40301 29 23 17
-0.935809 -0.349564 0.045451 123.068848
61037 29 23 26
0.965411 0.257302 0.042153 168.497879
63341 29 23 27
0.720124 0.370891 -0.586396 163.900833
65645 29 23 28
0.554371 0.341213 -0.759109 152.641068
67949 29 23 29
0.698783 0.216442 -0.681803 141.854385
70253 29 23 30
0.968102 -0.215156 -0.128399 136.944550
72557 29 23 31
0.831716 -0.515397 0.206434 138.307220
74861 29 23 32
0.759853 -0.640614 0.110624 141.646439
77165 29 23 33
0.719930 -0.684798 -0.112927 141.589325
38045 29 24 16
-0.869022 -0.351549 0.348159 112.604530
40349 29 24 17
-0.906465 -0.420331 -0.040550 115.725349
58781 29 24 25
0.487950 -0.319498 0.812297 158.981293
61085 29 24 26
0.857498 -0.304972 0.414354 168.741196
63389 29 24 27
0.541581 -0.013818 -0.840535 166.430527
65693 29 24 28
0.237192 0.017544 -0.971304 155.215179
67997 29 24 29
0.275184 -0.177854 -0.944797 141.655106
74909 29 24 32
0.540268 -0.833923 -0.112619 124.164764
77213 29 24 33
0.538901 -0.819464 -0.195102 120.118073
28877 29 25 12
-0.685255 -0.145054 0.713712 49.866791
31181 29 25 13
-0.676250 -0.239785 0.696555 65.189682
33485 29 25 14
-0.688850 -0.343035 0.638602 80.710388
35789 29 25 15
-0.748884 -0.444641 0.491393 94.285522
38093 29 25 16
-0.825237 -0.521169 0.217640 102.944305
40397 29 25 17
-0.833284 -0.543205 -0.102792 104.238846
42701 29 25 18
-0.775753 -0.544561 -0.318841 98.082809
61133 29 25 26
0.140376 -0.569641 0.809817 164.510559
63437 29 25 27
-0.186107 -0.273479 -0.943702 165.137253
65741 29 25 28
-0.152128 -0.011449 -0.988294 154.795502
74957 29 25 32
0.403598 -0.842275 -0.357324 104.307228
77261 29 25 33
0.439808 -0.840186 -0.317264 96.274315
33533 29 26 14
-0.642880 -0.582620 0.497252 69.405029
35837 29 26 15
-0.673338 -0.647058 0.357675 80.461166
38141 29 26 16
-0.719541 -0.681681 0.132556 87.186272
40445 29 26 17
-0.731934 -0.670229 -0.122741 87.235199
42749 29 26 18
-0.703123 -0.640708 -0.308401 80.510719
61181 29 26 26
-0.322542 -0.237712 0.916220 160.252579
63485 29 26 27
-0.908547 0.202035 -0.365684 164.720322
65789 29 26 28
-0.411112 0.243192 -0.878547 156.382339
68093 29 26 29
-0.256197 0.160959 -0.953129 139.547958
61229 29 27 26
-0.427916 0.058728 0.901908 159.311615
63533 29 27 27
-0.854920 0.501272 0.133558 167.998566
65837 29 27 28
-0.514288 0.445681 -0.732719 162.242905
68141 29 27 29
-0.317461 0.323192 -0.891496 145.208374
65885 29 28 28
-0.567635 0.406748 -0.715784 169.676956
68189 29 28 29
-0.334938 0.268412 -0.903201 152.698868
70493 29 28 30
-0.235227 0.197383 -0.951687 128.762634
63629 29 29 27
-0.844000 -0.042411 0.534664 176.278656
65933 29 29 28
-0.567315 -0.027248 -0.823050 173.075363
68237 29 29 29
-0.319712 -0.002567 -0.947511 156.206390
70541 29 29 30
-0.247950 0.009825 -0.968723 131.791687
61373 29 30 26
-0.286938 -0.378119 0.880166 159.199677
63677 29 30 27
-0.427292 -0.825923 0.367795 171.370560
65981 29 30 28
-0.334793 -0.642227 -0.689535 168.062775
72893 29 30 31
-0.227961 -0.152076 -0.961721 103.745338
75197 29 30 32
-0.180224 -0.131971 -0.974732 79.296989
77501 29 30 33
-0.112253 -0.149879 -0.982311 56.828106
61421 29 31 26
-0.138329 -0.717257 0.682940 145.842682
63725 29 31 27
-0.110924 -0.974066 0.197211 156.614655
66029 29 31 28
-0.139730 -0.891144 -0.431668 154.007904
75245 29 31 32
-0.212606 -0.176091 -0.961140 75.448555
61469 29 32 26
-0.043280 -0.861171 0.506469 123.481461
61517 29 33 26
-0.018281 -0.903358 0.428497 95.926880
70781 29 34 30
-0.411209 -0.841878 -0.349499 86.600677
73085 29 34 31
-0.345570 -0.577862 -0.739362 77.408638
75389 29 34 32
-0.197834 -0.351738 -0.914955 62.277367
70829 29 35 30
-0.384053 -0.916825 -0.109252 71.265839
73133 29 35 31
-0.319282 -0.789581 -0.524043 65.718849
70877 29 36 30
-0.336295 -0.941750 0.003633 53.672306
73181 29 36 31
-0.271688 -0.900361 -0.339907 50.645000
83694 30 15 36
-0.016938 0.947642 -0.318887 83.590721
85998 30 15 37
0.010398 0.822651 -0.568451 70.792450
88302 30 15 38
0.050391 0.689387 -0.722639 53.574081
81438 30 16 35
0.045099 0.987514 -0.150936 118.898232
83742 30 16 36
0.042498 0.855775 -0.515599 109.627083
86046 30 16 37
0.074730 0.670444 -0.738187 91.913773
88350 30 16 38
0.116693 0.545200 -0.830144 69.840775
79182 30 17 34
0.210606 0.967868 0.137391 144.665558
81486 30 17 35
0.165335 0.897288 -0.409314 142.078293
83790 30 17 36
0.140827 0.616838 -0.774389 128.645737
86094 30 17 37
0.160695 0.441445 -0.882781 107.348732
88398 30 17 38
0.197805 0.393827 -0.897649 82.737335
65406 30 18 28
0.271772 0.958440 0.086789 86.088127
67710 30 18 29
0.313869 0.856555 0.409634 90.833160
74622 30 18 32
0.352484 0.613072 0.707035 140.556122
76926 30 18 33
0.406888 0.728436 0.551201 155.834473
79230 30 18 34
0.481806 0.875795 -0.029096 161.359497
81534 30 18 35
0.331260 0.527264 -0.782470 155.022034
83838 30 18 36
0.233741 0.266615 -0.935030 138.500336
86142 30 18 37
0.241651 0.227702 -0.943269 115.956688
37806 30 19 16
-0.680672 0.694410 0.233411 91.843948
60846 30 19 26
0.254226 0.966161 -0.043611 112.739395
74670 30 19 32
0.422762 0.438194 0.793258 153.109985
76974 30 19 33
0.602631 0.521005 0.604475 166.478729
79278 30 19 34
0.774913 0.483585 -0.407007 168.957169
81582 30 19 35
0.378315 0.122282 -0.917564 159.602921
35550 30 20 15
-0.710509 0.279588 0.645761 93.100380
37854 30 20 16
-0.814145 0.435787 0.383742 105.617775
40158 30 20 17
-0.792989 0.608929 0.019341 109.683426
60894 30 20 26
0.285192 0.946543 -0.150736 138.412003
79326 30 20 34
0.745803 0.108632 -0.657250 171.458099
81630 30 20 35
0.373787 -0.012269 -0.927433 160.267914
35598 30 21 15
-0.708904 -0.006227 0.705277 96.416008
37902 30 21 16
-0.869929 0.019632 0.492785 110.287109
40206 30 21 17
-0.988047 0.093995 0.122180 115.887360
44814 30 21 19
-0.855493 0.304283 -0.418979 110.846550
47118 30 21 20
-0.809045 0.542936 -0.225093 107.532867
54030 30 21 23
0.175890 0.539236 0.823582 131.440094
56334 30 21 24
0.265458 0.660795 0.702056 147.674911
58638 30 21 25
0.339534 0.879479 0.333517 158.487518
60942 30 21 26
0.308809 0.917396 -0.251043 159.111145
79374 30 21 34
0.652065 -0.241189 -0.718776 170.913879
81678 30 21 35
0.391592 -0.157111 -0.906626 159.093079
90894 30 21 39
0.374502 0.479334 -0.793718 99.802002
93198 30 21 40
0.282337 0.489116 -0.825258 85.737206
95502 30 21 41
0.198108 0.438140 -0.876805 68.836739
37950 30 22 16
-0.851096 -0.248858 0.462283 107.528099
40254 30 22 17
-0.935135 -0.331987 0.123726 113.364418
51774 30 22 22
-0.127738 -0.247470 0.960438 118.790947
54078 30 22 23
0.046905 -0.050101 0.997642 136.300919
56382 30 22 24
0.142739 0.117027 0.982818 155.627655
58686 30 22 25
0.275987 0.498906 0.821537 169.134308
60990 30 22 26
0.250207 0.876143 -0.412032 171.513397
63294 30 22 27
0.093867 0.600243 -0.794291 163.419983
74814 30 22 32
0.496300 -0.483442 0.721090 163.571396
77118 30 22 33
0.601542 -0.795481 0.073193 168.721466
79422 30 22 34
0.480317 -0.684006 -0.549027 164.907776
81726 30 22 35
0.401867 -0.510236 -0.760370 153.597061
84030 30 22 36
0.408826 -0.378491 -0.830425 139.314331
90942 30 22 39
0.388989 0.098699 -0.915940 104.626709
93246 30 22 40
0.244225 0.150975 -0.957894 91.732040
95550 30 22 41
0.146302 0.152189 -0.977463 75.023483
97854 30 22 42
0.092568 0.145086 -0.985079 55.655071
40302 30 23 17
-0.895394 -0.443116 0.043799 105.423752
58734 30 23 25
-0.163159 -0.399549 0.902075 168.974319
61038 30 23 26
-0.788389 -0.539163 -0.296219 174.045349
63342 30 23 27
-0.350247 -0.013161 -0.936565 167.639114
65646 30 23 28
-0.280693 0.006661 -0.959774 155.400970
67950 30 23 29
-0.283488 -0.268331 -0.920670 145.183868
74862 30 23 32
0.246345 -0.930248 0.271942 152.352081
77166 30 23 33
0.290896 -0.954681 -0.062957 154.344940
79470 30 23 34
0.312699 -0.886585 -0.340862 149.618851
86382 30 23 37
0.411595 -0.735772 -0.537800 118.474167
88686 30 23 38
0.396374 -0.704690 -0.588472 110.112206
90990 30 23 39
0.296627 -0.599904 -0.743053 101.360130
93294 30 23 40
0.168874 -0.421565 -0.890934 89.723389
95598 30 23 41
0.087809 -0.267232 -0.959623 74.059074
97902 30 23 42
0.048953 -0.165316 -0.985025 55.539509
38046 30 24 16
-0.892450 -0.385527 0.234313 92.422058
40350 30 24 17
-0.880834 -0.471036 -0.047493 94.665176
54174 30 24 23
-0.189857 -0.526181 0.828908 117.178978
56478 30 24 24
-0.206267 -0.505393 0.837873 141.300629
58782 30 24 25
-0.363456 -0.590826 0.720295 160.304337
61086 30 24 26
-0.709326 -0.693964 0.123574 168.210159
63390 30 24 27
-0.667476 -0.420128 -0.614792 164.077332
65694 30 24 28
-0.538679 -0.318244 -0.780093 152.326202
74910 30 24 32
0.087474 -0.996054 0.015007 131.881256
77214 30 24 33
0.164813 -0.978603 -0.123182 130.541595
86430 30 24 37
0.305315 -0.913132 -0.270134 101.751884
88734 30 24 38
0.263059 -0.916802 -0.300457 95.850838
91038 30 24 39
0.183640 -0.881731 -0.434542 88.956810
93342 30 24 40
0.100685 -0.771233 -0.628540 79.110321
95646 30 24 41
0.044731 -0.611667 -0.789850 65.583786
97950 30 24 42
0.017791 -0.461286 -0.887073 49.487957
35790 30 25 15
-0.828609 -0.417629 0.372817 74.555893
38094 30 25 16
-0.863018 -0.487103 0.133907 81.269745
40398 30 25 17
-0.842258 -0.527695 -0.110179 81.464371
54222 30 25 23
-0.248744 -0.529082 0.811295 101.208527
56526 30 25 24
-0.290528 -0.509273 0.810083 126.396339
58830 30 25 25
-0.462047 -0.549352 0.696222 147.493057
61134 30 25 26
-0.775976 -0.566899 0.276563 158.451706
63438 30 25 27
-0.844973 -0.370223 -0.385947 157.273453
65742 30 25 28
-0.698373 -0.237369 -0.675226 146.731308
74958 30 25 32
-0.032902 -0.979847 -0.197023 108.485786
91086 30 25 39
0.132884 -0.952333 -0.274598 69.734261
93390 30 25 40
0.069561 -0.897692 -0.435098 62.169453
95694 30 25 41
0.024973 -0.795943 -0.604856 51.632042
97998 30 25 42
0.002299 -0.670113 -0.742255 39.076157
38142 30 26 16
-0.786226 -0.613464 0.074235 66.402611
40446 30 26 17
-0.775988 -0.616308 -0.134191 65.480186
54270 30 26 23
-0.292518 -0.468792 0.833467 85.934105
56574 30 26 24
-0.346789 -0.424537 0.836365 111.905357
58878 30 26 25
-0.517327 -0.395687 0.758818 135.359238
56622 30 27 24
-0.379384 -0.270874 0.884701 100.947464
58926 30 27 25
-0.518750 -0.180752 0.835600 127.470589
61230 30 27 26
-0.778138 -0.020138 0.627771 146.914215
77358 30 27 33
-0.191461 -0.611415 -0.767799 66.872932
65886 30 28 28
-0.805281 0.341724 -0.484507 156.329468
68190 30 28 29
-0.609609 0.258055 -0.749523 140.409119
75102 30 28 32
-0.413017 -0.086061 -0.906648 76.761772
77406 30 28 33
-0.299451 -0.278902 -0.912438 59.837677
65934 30 29 28
-0.812676 0.128906 -0.568279 161.710526
68238 30 29 29
-0.563253 0.074622 -0.822908 145.191010
75150 30 29 32
-0.400382 -0.080780 -0.912781 75.240448
77454 30 29 33
-0.324516 -0.180363 -0.928525 55.913399
63678 30 30 27
-0.828886 -0.429433 0.358519 163.097961
65982 30 30 28
-0.670101 -0.369957 -0.643503 159.977371
72894 30 30 31
-0.392408 -0.128172 -0.910817 95.486595
75198 30 30 32
-0.367442 -0.138249 -0.919714 72.674789
61422 30 31 26
-0.332238 -0.575473 0.747295 139.890549
63726 30 31 27
-0.394774 -0.882785 0.254646 152.054199
66030 30 31 28
-0.355880 -0.787664 -0.502926 149.339401
61470 30 32 26
-0.170582 -0.798422 0.577429 120.438286
63774 30 32 27
-0.143180 -0.968099 0.205632 131.651855
61518 30 33 26
-0.089082 -0.881458 0.463784 94.341049
63822 30 33 27
-0.066652 -0.971706 0.226594 105.025238
75390 30 34 32
-0.242370 -0.367156 -0.898028 58.259777
75438 30 35 32
-0.244024 -0.622129 -0.743914 50.177200
85999 31 15 37
-0.287035 0.820126 -0.494980 66.815643
88303 31 15 38
-0.212645 0.724567 -0.655579 51.527920
86047 31 16 37
-0.291501 0.705805 -0.645651 88.741096
88351 31 16 38
-0.185817 0.614093 -0.767048 68.942673
74575 31 17 32
-0.182530 0.814490 0.550717 121.719620
76879 31 17 33
-0.295415 0.881500 0.368359 135.633041
79183 31 17 34
-0.426837 0.903183 0.045506 141.586380
81487 31 17 35
-0.482481 0.802237 -0.351607 137.806107
83791 31 17 36
-0.411538 0.636345 -0.652458 125.041458
86095 31 17 37
-0.277233 0.521355 -0.807050 105.864372
88399 31 17 38
-0.145321 0.483313 -0.863302 83.622726
60799 31 18 26
-0.120162 0.991593 0.048011 87.327286
63103 31 18 27
-0.151637 0.987535 -0.042191 87.101471
65407 31 18 28
-0.186202 0.977841 0.095686 87.114906
67711 31 18 29
-0.190229 0.866220 0.462035 92.209213
70015 31 18 30
-0.166231 0.683897 0.710389 104.758835
72319 31 18 31
-0.179227 0.613935 0.768740 123.084030
74623 31 18 32
-0.261747 0.655782 0.708123 142.092712
76927 31 18 33
-0.445596 0.765532 0.464117 155.628143
79231 31 18 34
-0.642139 0.757903 -0.115069 159.289215
81535 31 18 35
-0.578538 0.503853 -0.641425 152.170120
83839 31 18 36
-0.409235 0.331828 -0.849951 136.567841
86143 31 18 37
-0.248340 0.304449 -0.919586 116.173347
88447 31 18 38
-0.111682 0.369704 -0.922413 94.261421
37807 31 19 16
-0.726475 0.625373 0.284856 73.526382
60847 31 19 26
-0.203395 0.977102 -0.062464 113.643265
63151 31 19 27
-0.229674 0.948644 -0.217542 109.768501
74671 31 19 32
-0.356266 0.450275 0.818735 154.269043
76975 31 19 33
-0.665912 0.531414 0.523603 166.320923
79279 31 19 34
-0.834611 0.390147 -0.388857 167.474396
81583 31 19 35
-0.558702 0.149613 -0.815762 157.746002
35551 31 20 15
-0.767089 0.255706 0.588378 73.507912
37855 31 20 16
-0.843350 0.359428 0.399464 86.455482
40159 31 20 17
-0.856246 0.488803 0.167078 93.122955
44767 31 20 19
-0.676904 0.726384 -0.119024 92.735878
47071 31 20 20
-0.565759 0.824408 -0.016410 91.267738
60895 31 20 26
-0.337201 0.925803 -0.170834 138.029282
77023 31 20 33
-0.853787 0.273979 0.442701 171.132034
79327 31 20 34
-0.821213 0.085526 -0.564175 170.088806
81631 31 20 35
-0.516866 0.002006 -0.856064 158.820160
35599 31 21 15
-0.782261 -0.005070 0.622930 76.746185
37903 31 21 16
-0.889347 0.001038 0.457233 90.829903
40207 31 21 17
-0.971677 0.023015 0.235190 98.687912
42511 31 21 18
-0.998332 0.056961 0.009425 100.933304
44815 31 21 19
-0.989132 0.104979 -0.102943 100.027374
47119 31 21 20
-0.978569 0.193729 0.069797 99.403137
54031 31 21 23
-0.456523 0.385298 0.801955 128.392471
56335 31 21 24
-0.508918 0.509963 0.693499 145.064865
58639 31 21 25
-0.633667 0.702944 0.323012 155.809525
60943 31 21 26
-0.616584 0.744679 -0.255492 156.267059
74767 31 21 32
-0.582420 0.078788 0.809061 164.597549
77071 31 21 33
-0.954473 -0.117883 0.274016 172.232239
79375 31 21 34
-0.762449 -0.191210 -0.618151 169.593597
93199 31 21 40
-0.340748 0.365085 -0.866374 85.196243
95503 31 21 41
-0.276461 0.338347 -0.899495 67.996986
37951 31 22 16
-0.874396 -0.252224 0.414505 87.360687
40255 31 22 17
-0.918626 -0.342607 0.196842 94.759491
42559 31 22 18
-0.899477 -0.436967 -0.000241 96.758812
44863 31 22 19
-0.847710 -0.525915 -0.069297 95.830391
47167 31 22 20
-0.805773 -0.583409 0.101804 95.671593
51775 31 22 22
-0.566116 -0.309565 0.763991 112.169319
54079 31 22 23
-0.533117 -0.169716 0.828844 130.391373
56383 31 22 24
-0.641756 -0.074086 0.763322 149.609055
58687 31 22 25
-0.893806 0.038839 0.446770 162.582916
60991 31 22 26
-0.961192 0.168680 -0.218304 164.630371
63295 31 22 27
-0.778189 0.223203 -0.587028 156.899338
74815 31 22 32
-0.627164 -0.475942 0.616559 162.063934
77119 31 22 33
-0.714204 -0.695200 0.081298 167.411865
79423 31 22 34
-0.590364 -0.629826 -0.504766 163.940216
81727 31 22 35
-0.464234 -0.470034 -0.750703 153.057571
84031 31 22 36
-0.439086 -0.341949 -0.830828 138.976135
93247 31 22 40
-0.512612 0.026279 -0.858218 88.940987
95551 31 22 41
-0.407869 0.057059 -0.911256 72.170494
97855 31 22 42
-0.320451 0.077330 -0.944103 53.209358
58735 31 23 25
-0.817893 -0.396878 0.416580 157.800705
61039 31 23 26
-0.937100 -0.342184 -0.068942 162.053757
63343 31 23 27
-0.863242 -0.251716 -0.437552 156.011795
65647 31 23 28
-0.814586 -0.246279 -0.525164 145.369812
67951 31 23 29
-0.861205 -0.406889 -0.304578 137.423447
72559 31 23 31
-0.541144 -0.737947 0.403235 142.472656
74863 31 23 32
-0.459935 -0.841773 0.282626 149.713074
77167 31 23 33
-0.413619 -0.910415 -0.008027 152.820938
79471 31 23 34
-0.357244 -0.883737 -0.302300 149.196930
81775 31 23 35
-0.320342 -0.811565 -0.488614 140.133469
84079 31 23 36
-0.339765 -0.744787 -0.574328 128.908112
86383 31 23 37
-0.428534 -0.680927 -0.593883 118.136719
88687 31 23 38
-0.538497 -0.594727 -0.596926 108.333534
90991 31 23 39
-0.584685 -0.487937 -0.648122 98.139977
93295 31 23 40
-0.547061 -0.377794 -0.746992 85.644142
95599 31 23 41
-0.463649 -0.275449 -0.842115 69.950668
97903 31 23 42
-0.375801 -0.190336 -0.906943 52.093994
56479 31 24 24
-0.604893 -0.496183 0.622821 128.238647
58783 31 24 25
-0.764919 -0.504239 0.400802 144.959518
61087 31 24 26
-0.880242 -0.473694 0.028080 151.356079
63391 31 24 27
-0.863992 -0.404614 -0.299675 147.344955
74911 31 24 32
-0.372338 -0.923695 0.090288 127.860283
77215 31 24 33
-0.295235 -0.954145 -0.049432 128.530975
79519 31 24 34
-0.236017 -0.952310 -0.193392 124.901184
86431 31 24 37
-0.274955 -0.899559 -0.339402 102.103363
88735 31 24 38
-0.371284 -0.848521 -0.377042 94.494392
91039 31 24 39
-0.446121 -0.766024 -0.462800 85.867226
97951 31 24 42
-0.378996 -0.438461 -0.814932 45.846256
54223 31 25 23
-0.507872 -0.508862 0.695073 88.980453
56527 31 25 24
-0.607703 -0.486671 0.627573 111.456779
58831 31 25 25
-0.763770 -0.474224 0.437912 129.444595
61135 31 25 26
-0.898896 -0.421719 0.118912 138.218185
74959 31 25 32
-0.402782 -0.913155 -0.062559 102.740128
86479 31 25 37
-0.177114 -0.962745 -0.204333 79.463242
88783 31 25 38
-0.248064 -0.937277 -0.244901 74.054756
91087 31 25 39
-0.320314 -0.887621 -0.330950 67.430618
93391 31 25 40
-0.363981 -0.815815 -0.449404 58.775120
97999 31 25 42
-0.345064 -0.626732 -0.698669 35.945354
54271 31 26 23
-0.507626 -0.452354 0.733274 73.701317
56575 31 26 24
-0.608043 -0.406191 0.682124 96.398865
58879 31 26 25
-0.769676 -0.347602 0.535510 116.251846
91135 31 26 39
-0.234338 -0.939622 -0.249394 46.914204
56623 31 27 24
-0.585531 -0.263618 0.766589 85.570457
58927 31 27 25
-0.732177 -0.155384 0.663153 108.400459
63583 31 28 27
-0.945962 0.293500 0.137890 138.067429
65887 31 28 28
-0.881799 0.328276 -0.338622 134.992279
68191 31 28 29
-0.751428 0.268665 -0.602640 120.805878
77407 31 28 33
-0.591425 -0.336836 -0.732638 51.929859
63631 31 29 27
-0.944988 0.238499 0.223866 145.352341
65935 31 29 28
-0.887230 0.243705 -0.391703 143.001511
68239 31 29 29
-0.700834 0.177359 -0.690924 127.702713
75151 31 29 32
-0.582543 -0.055483 -0.810904 64.013351
77455 31 29 33
-0.542493 -0.181804 -0.820152 47.580692
61375 31 30 26
-0.667009 -0.050213 0.743356 134.123627
63679 31 30 27
-0.952243 -0.066639 0.297980 147.918655
65983 31 30 28
-0.868098 -0.057470 -0.493056 145.674957
61423 31 31 26
-0.537374 -0.386619 0.749503 128.300720
63727 31 31 27
-0.730113 -0.602761 0.321891 141.800354
66031 31 31 28
-0.664380 -0.560991 -0.493851 140.149475
61471 31 32 26
-0.350873 -0.682905 0.640726 112.926453
63775 31 32 27
-0.368821 -0.886651 0.278965 125.719711
66079 31 32 28
-0.343157 -0.895202 -0.284354 125.885529
61519 31 33 26
-0.211668 -0.828652 0.518201 89.804573
63823 31 33 27
-0.184081 -0.947176 0.262626 101.650993
66127 31 33 28
-0.172497 -0.983054 -0.062039 104.488808
75439 31 35 32
-0.269940 -0.674089 -0.687559 46.233620
75487 31 36 32
-0.268239 -0.837353 -0.476328 35.018829
74576 32 17 32
-0.562088 0.710019 0.424181 109.722282
76880 32 17 33
-0.657873 0.717870 0.227739 120.391930
79184 32 17 34
-0.731034 0.682189 -0.014409 123.894897
81488 32 17 35
-0.749377 0.613696 -0.248619 119.629753
88400 32 17 38
-0.470064 0.515457 -0.716480 75.411430
60800 32 18 26
-0.470404 0.881611 0.038504 79.536064
63104 32 18 27
-0.520618 0.852633 -0.044419 79.159737
70016 32 18 30
-0.580682 0.554416 0.596181 95.515564
72320 32 18 31
-0.607016 0.499971 0.617706 111.975075
74624 32 18 32
-0.705954 0.504180 0.497424 128.340530
76928 32 18 33
-0.829618 0.504940 0.238264 139.179123
79232 32 18 34
-0.886907 0.452237 -0.094224 141.210205
81536 32 18 35
-0.850515 0.370337 -0.373464 134.458633
83840 32 18 36
-0.762920 0.318043 -0.562852 121.347961
86144 32 18 37
-0.645793 0.325775 -0.690523 104.758018
88448 32 18 38
-0.507050 0.386509 -0.770397 86.711868
74672 32 19 32
-0.803576 0.301464 0.513210 139.464462
76976 32 19 33
-0.939685 0.268676 0.211674 149.434998
79280 32 19 34
-0.962081 0.205464 -0.179401 149.804291
88496 32 19 38
-0.579314 0.267098 -0.770100 94.054916
90800 32 19 39
-0.472522 0.382246 -0.794110 77.577812
93104 32 19 40
-0.382769 0.452387 -0.805502 60.862495
47072 32 20 20
-0.799468 0.596600 0.070140 78.640678
49376 32 20 21
-0.743813 0.621581 0.245723 81.656021
77024 32 20 33
-0.981336 0.114174 0.154736 154.077621
90848 32 20 39
-0.625760 0.273207 -0.730604 84.309799
93152 32 20 40
-0.541734 0.336912 -0.770074 69.140572
42512 32 21 18
-0.990106 -0.002530 0.140302 81.851860
44816 32 21 19
-0.998180 0.011731 0.059160 83.725174
47120 32 21 20
-0.991529 0.042711 0.122666 85.107788
49424 32 21 21
-0.935984 0.094987 0.338987 89.148331
51728 32 21 22
-0.840383 0.146687 0.521766 98.279213
54032 32 21 23
-0.807885 0.192272 0.557094 112.148270
56336 32 21 24
-0.859371 0.245289 0.448680 126.747269
58640 32 21 25
-0.932515 0.305172 0.193097 136.321091
60944 32 21 26
-0.929315 0.347866 -0.123944 137.224792
63248 32 21 27
-0.873011 0.371818 -0.315600 130.778793
95504 32 21 41
-0.598845 0.178163 -0.780796 58.451923
42560 32 22 18
-0.912739 -0.392579 0.113090 76.955811
44864 32 22 19
-0.889118 -0.454562 0.053320 78.636459
47168 32 22 20
-0.869570 -0.475114 0.134589 80.320709
49472 32 22 21
-0.840477 -0.415731 0.347514 85.279541
54080 32 22 23
-0.801644 -0.206921 0.560849 111.474930
56384 32 22 24
-0.874873 -0.146582 0.461640 127.853172
58688 32 22 25
-0.968818 -0.097276 0.227878 139.105713
60992 32 22 26
-0.996332 -0.043589 -0.073633 141.457443
63296 32 22 27
-0.959583 0.005443 -0.281373 135.955627
65600 32 22 28
-0.957225 0.030925 -0.287686 127.977493
74816 32 22 32
-0.905819 -0.280368 0.317625 145.726471
77120 32 22 33
-0.937709 -0.344562 0.044498 150.525497
61040 32 23 26
-0.949745 -0.312765 -0.012722 135.190567
63344 32 23 27
-0.936280 -0.283770 -0.207014 131.293747
65648 32 23 28
-0.924131 -0.292427 -0.245904 124.098228
67952 32 23 29
-0.926788 -0.365902 -0.084735 119.357994
72560 32 23 31
-0.795184 -0.538538 0.278674 126.602005
74864 32 23 32
-0.771131 -0.603411 0.203105 133.597321
77168 32 23 33
-0.763373 -0.645763 0.015877 136.905090
79472 32 23 34
-0.740549 -0.643387 -0.194011 134.315765
81776 32 23 35
-0.717111 -0.599616 -0.355263 126.601784
84080 32 23 36
-0.721544 -0.532093 -0.443003 116.136032
74912 32 24 32
-0.638587 -0.762609 0.103124 112.504135
77216 32 24 33
-0.602207 -0.798326 -0.004746 114.194366
79520 32 24 34
-0.574045 -0.808655 -0.128644 112.030983
81824 32 24 35
-0.561873 -0.795013 -0.228591 106.470139
84128 32 24 36
-0.580807 -0.758457 -0.295647 98.946632
86432 32 24 37
-0.629636 -0.699367 -0.338295 90.566895
88736 32 24 38
-0.682890 -0.628553 -0.372266 81.656876
81872 32 25 35
-0.456138 -0.875810 -0.157782 81.204514
84176 32 25 36
-0.459338 -0.866610 -0.194927 76.150551
86480 32 25 37
-0.497574 -0.835095 -0.234598 70.427399
88784 32 25 38
-0.552594 -0.783208 -0.284999 63.893330
63584 32 28 27
-0.945572 0.301734 0.121863 110.359856
65888 32 28 28
-0.909679 0.339545 -0.239149 108.426849
68192 32 28 29
-0.820174 0.297648 -0.488591 96.922958
63632 32 29 27
-0.936793 0.292767 0.191590 119.799240
65936 32 29 28
-0.909259 0.321577 -0.264267 118.679703
68240 32 29 29
-0.774280 0.278393 -0.568321 105.917969
63680 32 30 27
-0.956331 0.123883 0.264735 126.094658
61424 32 31 26
-0.693052 -0.205312 0.691032 110.598564
63728 32 31 27
-0.901034 -0.263877 0.344247 124.971252
61472 32 32 26
-0.541396 -0.521586 0.659422 99.856506
63776 32 32 27
-0.636326 -0.681577 0.361305 114.028000
66080 32 32 28
-0.653559 -0.731293 -0.195121 116.301033
68384 32 32 29
-0.513982 -0.516203 -0.685097 107.611481
63824 32 33 27
-0.379189 -0.864774 0.329214 94.038643
66128 32 33 28
-0.366299 -0.930450 -0.009410 98.339401
68432 32 33 29
-0.345531 -0.853209 -0.390696 94.167740
75392 32 34 32
-0.308311 -0.421366 -0.852875 50.241573
77696 32 34 33
-0.246240 -0.234966 -0.940296 37.065784
75440 32 35 32
-0.330875 -0.703380 -0.629109 41.967560
77744 32 35 33
-0.268323 -0.513129 -0.815292 31.984064
75488 32 36 32
-0.322511 -0.850146 -0.416218 30.957598
77792 32 36 33
-0.271409 -0.718340 -0.640566 24.225773
67617 33 16 29
-0.564531 0.762730 0.315511 42.423428
60753 33 17 26
-0.606556 0.785946 0.119913 47.657581
69969 33 17 30
-0.695862 0.571661 0.434717 65.003769
72273 33 17 31
-0.717801 0.560866 0.412543 76.686073
74577 33 17 32
-0.765926 0.569428 0.298513 87.831741
76881 33 17 33
-0.812966 0.566873 0.133193 95.122391
60801 33 18 26
-0.713805 0.699348 0.037351 64.295685
63105 33 18 27
-0.753239 0.656959 -0.032183 64.094437
70017 33 18 30
-0.791434 0.415745 0.448095 77.531242
72321 33 18 31
-0.809918 0.377760 0.448698 90.608269
74625 33 18 32
-0.866780 0.372858 0.331164 103.247063
76929 33 18 33
-0.919127 0.369271 0.137274 111.218201
79233 33 18 34
-0.933790 0.350722 -0.070926 112.295471
86145 33 18 37
-0.816688 0.325051 -0.476825 84.927246
88449 33 18 38
-0.731341 0.365260 -0.575956 71.329659
76977 33 19 33
-0.971871 0.197787 0.127859 120.577156
88497 33 19 38
-0.788353 0.217087 -0.575650 78.295181
90801 33 19 39
-0.710672 0.278382 -0.646102 64.547318
93105 33 19 40
-0.623940 0.329913 -0.708418 50.234386
60897 33 20 26
-0.907067 0.417031 -0.057582 97.173500
90849 33 20 39
-0.793113 0.128273 -0.595414 68.981033
93153 33 20 40
-0.730729 0.176411 -0.659480 55.495865
44817 33 21 19
-0.993589 -0.014787 0.112086 62.694180
47121 33 21 20
-0.992785 -0.001601 0.119897 65.057610
49425 33 21 21
-0.974024 0.023484 0.225225 68.774254
51729 33 21 22
-0.937596 0.054182 0.343478 75.872635
54033 33 21 23
-0.922696 0.082242 0.376653 86.404961
56337 33 21 24
-0.946874 0.109087 0.302540 97.644493
58641 33 21 25
-0.980256 0.138625 0.141000 105.422577
60945 33 21 26
-0.984179 0.171016 -0.046321 106.998528
63249 33 21 27
-0.965215 0.203956 -0.163588 103.252464
65553 33 21 28
-0.964207 0.229901 -0.132101 98.353119
44865 33 22 19
-0.923373 -0.369444 0.104369 58.065807
47169 33 22 20
-0.917523 -0.376536 0.127955 60.521355
54081 33 22 23
-0.898907 -0.208211 0.385506 84.116531
56385 33 22 24
-0.934812 -0.166177 0.313867 96.378998
58689 33 22 25
-0.977240 -0.133821 0.164602 105.285049
60993 33 22 26
-0.994898 -0.100463 -0.009275 108.094040
63297 33 22 27
-0.989519 -0.066708 -0.128074 105.460571
65601 33 22 28
-0.991623 -0.044666 -0.121198 101.129837
67905 33 22 29
-0.998193 -0.051828 0.030417 99.535446
70209 33 22 30
-0.972982 -0.092120 0.211705 103.013596
72513 33 22 31
-0.950767 -0.145739 0.273501 110.474953
74817 33 22 32
-0.959290 -0.196093 0.203250 118.269020
77121 33 22 33
-0.971566 -0.232162 0.046490 122.476433
65649 33 23 28
-0.953223 -0.285269 -0.099941 95.754250
67953 33 23 29
-0.947254 -0.320463 0.003502 94.034660
72561 33 23 31
-0.887513 -0.415079 0.200077 101.713226
74865 33 23 32
-0.878435 -0.453723 0.149960 107.591103
77169 33 23 33
-0.876243 -0.480853 0.031299 110.732285
79473 33 23 34
-0.865413 -0.488205 -0.112768 109.433098
81777 33 23 35
-0.846745 -0.470046 -0.249160 103.809761
79521 33 24 34
-0.738803 -0.669587 -0.076313 90.399094
81825 33 24 35
-0.730348 -0.660950 -0.172443 86.478767
84129 33 24 36
-0.734785 -0.626422 -0.260167 80.123810
86433 33 24 37
-0.752629 -0.569661 -0.330206 72.023247
88737 33 24 38
-0.775339 -0.507554 -0.375816 62.846539
86481 33 25 37
-0.657653 -0.710692 -0.249818 55.354809
63585 33 28 27
-0.940086 0.315849 0.128367 80.874390
65889 33 28 28
-0.920432 0.357353 -0.158441 80.411293
68193 33 28 29
-0.857047 0.335069 -0.391408 72.253616
65937 33 29 28
-0.914533 0.371361 -0.160378 91.621544
68241 33 29 29
-0.817518 0.362094 -0.447831 82.442070
63729 33 31 27
-0.937924 -0.052255 0.342881 102.410843
63777 33 32 27
-0.808111 -0.434644 0.397544 96.289886
66081 33 32 28
-0.889482 -0.455726 -0.033685 100.961311
68385 33 32 29
-0.784891 -0.325933 -0.526986 95.419846
63825 33 33 27
-0.585197 -0.714591 0.383281 81.130554
66129 33 33 28
-0.613756 -0.785413 0.080186 87.139099
68433 33 33 29
-0.601870 -0.740705 -0.298510 84.998161
70737 33 33 30
-0.545883 -0.548852 -0.633067 76.270676
73089 33 34 31
-0.475150 -0.648223 -0.595012 55.472015
75393 33 34 32
-0.449674 -0.427923 -0.784012 44.693169
77697 33 34 33
-0.390039 -0.250607 -0.886039 32.730831
75441 33 35 32
-0.451632 -0.689542 -0.566181 36.471134
77745 33 35 33
-0.410009 -0.521433 -0.748331 27.723274
63010 34 16 27
-0.718841 0.685411 0.116102 26.545752
79282 34 19 34
-0.980445 0.191486 -0.045398 88.576241
81586 34 19 35
-0.961658 0.201552 -0.185988 84.897987
88498 34 19 38
-0.861637 0.209668 -0.462191 58.944489
79330 34 20 34
-0.994763 0.090761 -0.047008 93.053131
81634 34 20 35
-0.974459 0.096627 -0.202712 89.289055
83986 34 21 36
-0.934403 -0.031728 -0.354801 82.841042
70210 34 22 30
-0.983032 -0.085035 0.162535 74.571205
72514 34 22 31
-0.972230 -0.119357 0.201302 80.259872
84034 34 22 36
-0.914993 -0.207872 -0.345799 79.930504
70594 34 30 30
-0.726969 0.383272 -0.569753 58.617512
70642 34 31 30
-0.744187 0.254803 -0.617463 66.225739
66082 34 32 28
-0.966579 -0.241922 0.084848 80.625046
68386 34 32 29
-0.937279 -0.162471 -0.308401 78.320801
70690 34 32 30
-0.786528 -0.039490 -0.616291 68.851105
72994 34 32 31
-0.631316 0.068309 -0.772512 55.163025
66130 34 33 28
-0.790996 -0.593008 0.150558 70.846260
68434 34 33 29
-0.806770 -0.565287 -0.171966 70.766411
70738 34 33 30
-0.756473 -0.439369 -0.484461 64.332008
73042 34 33 31
-0.665964 -0.264697 -0.697443 53.536289
81635 35 20 35
-0.983252 0.149594 -0.104101 63.036587
81683 35 21 35
-0.994777 -0.003004 -0.102025 64.928444
83987 35 21 36
-0.960511 -0.002902 -0.278227 60.730495
84035 35 22 36
-0.935867 -0.216231 -0.278203 58.486061
86339 35 22 37
-0.873337 -0.211783 -0.438669 51.174011
70643 35 31 30
-0.846517 0.273279 -0.456868 49.182617
66083 35 32 28
-0.981438 -0.127435 0.143316 58.168972
68387 35 32 29
-0.985037 -0.075347 -0.155000 58.142586
70691 35 32 30
-0.900180 -0.002019 -0.435514 52.114063
72995 35 32 31
-0.775391 0.069423 -0.627654 42.059494
68435 35 33 29
-0.905871 -0.416175 -0.078720 53.004940
70739 35 33 30
-0.874543 -0.340623 -0.345181 48.849705
73043 35 33 31
-0.799549 -0.230219 -0.554726 40.719509
81684 36 21 35
-0.999514 0.031134 0.001771 43.982494
83988 36 21 36
-0.977962 0.042323 -0.204448 42.289547
84036 36 22 36
-0.956439 -0.208541 -0.204293 40.978149
86340 36 22 37
-0.882671 -0.201503 -0.424605 36.036736
68388 36 32 29
-0.996898 -0.037099 -0.069417 38.340927
70692 36 32 30
-0.951492 0.006895 -0.307596 34.972404
86391 39 23 37
-0.920163 -0.307852 -0.241922 8.570285
88695 39 23 38
-0.826110 -0.272691 -0.493134 6.902970
