2.000000
36 36 36
13.440544 -0.287039 3.367526
-22.559456 -36.287037 -32.632473
114.921652 3682.694708 1014.302931
16496 8 26 12
0.985054 0.169319 -0.031613 75.815804
17792 8 26 13
0.914892 0.210440 -0.344510 70.496429
17828 8 27 13
0.931199 -0.206725 -0.300223 70.614479
15201 9 26 11
0.936116 0.108877 0.334413 98.483124
16497 9 26 12
0.971869 0.223345 -0.074755 102.062973
17793 9 26 13
0.846097 0.274877 -0.456686 94.856682
15237 9 27 11
0.809276 -0.437484 0.392020 93.681633
16533 9 27 12
0.911506 -0.410503 0.025382 99.611069
17829 9 27 13
0.867350 -0.298319 -0.398384 94.752914
19125 9 27 14
0.723115 -0.177490 -0.667534 80.140968
16569 9 28 12
0.647244 -0.757124 0.088537 82.896660
17865 9 28 13
0.670899 -0.698352 -0.249396 80.685059
19161 9 28 14
0.626747 -0.564302 -0.537356 69.577057
15166 10 25 11
0.697357 0.695679 0.172406 109.541664
13906 10 26 10
0.714276 -0.073435 0.696001 106.519119
15202 10 26 11
0.894412 0.083697 0.439342 119.725243
16498 10 26 12
0.939037 0.304167 -0.160289 122.597260
17794 10 26 13
0.709382 0.349505 -0.612065 114.321884
15238 10 27 11
0.586856 -0.659868 0.469227 112.321548
16534 10 27 12
0.729419 -0.683195 0.034539 118.478523
17830 10 27 13
0.704361 -0.474316 -0.528110 113.355774
16570 10 28 12
0.377486 -0.918970 0.114013 97.943016
17866 10 28 13
0.429454 -0.865569 -0.257603 96.122513
19162 10 28 14
0.430559 -0.687472 -0.584808 84.328491
27947 11 20 21
0.953843 -0.252644 0.162343 96.524094
29243 11 20 22
0.995742 -0.070347 0.059579 98.517670
30539 11 20 23
0.986488 0.156558 -0.048288 98.566414
31835 11 20 24
0.938550 0.329790 -0.101798 97.411423
34427 11 20 26
0.906183 0.349086 -0.238685 92.492104
29279 11 21 22
0.724857 -0.658190 0.203391 91.060501
30575 11 21 23
0.782061 -0.610130 0.126973 94.241707
31871 11 21 24
0.847212 -0.529621 0.041630 95.685440
33167 11 21 25
0.896215 -0.436609 -0.078559 95.477707
34463 11 21 26
0.893445 -0.361161 -0.267054 92.794151
35759 11 21 27
0.817656 -0.313177 -0.483072 86.118340
31907 11 22 24
0.546042 -0.831888 0.098995 81.397667
33203 11 22 25
0.572395 -0.819975 -0.002425 82.587845
37091 11 22 28
0.529246 -0.624549 -0.574315 64.125557
13871 11 25 10
0.592213 0.589138 0.549728 116.463638
13907 11 26 10
0.468354 -0.277560 0.838812 120.100830
15203 11 26 11
0.666081 -0.109386 0.737815 131.442429
19091 11 26 14
0.363150 0.308742 -0.879091 108.399323
13943 11 27 10
0.179976 -0.747762 0.639109 106.682716
15239 11 27 11
0.144724 -0.865013 0.480423 121.055138
19127 11 27 14
0.314956 -0.362849 -0.877008 108.207169
20423 11 27 15
0.291442 -0.195899 -0.936315 84.878471
19163 11 28 14
0.188961 -0.797461 -0.573018 92.834900
20459 11 28 15
0.217121 -0.580298 -0.784928 73.725830
19199 11 29 14
0.108720 -0.927777 -0.356944 67.921349
24024 12 19 18
0.980412 -0.176890 -0.086620 117.438515
25320 12 19 19
0.987618 -0.095221 -0.124672 115.279938
26616 12 19 20
0.975691 0.110924 -0.189007 112.922829
27912 12 19 21
0.850292 0.432205 -0.300337 109.895676
25356 12 20 19
0.789226 -0.613325 0.030891 108.142189
26652 12 20 20
0.789282 -0.609466 0.074733 109.132126
27948 12 20 21
0.857866 -0.512112 0.042504 110.031342
29244 12 20 22
0.975380 -0.189805 -0.112285 109.843597
30540 12 20 23
0.920593 0.321014 -0.222393 108.609734
31836 12 20 24
0.796519 0.586125 -0.148376 107.244202
34428 12 20 26
0.873179 0.433080 -0.223609 104.966309
27984 12 21 21
0.497284 -0.841144 0.212570 98.829147
29280 12 21 22
0.509327 -0.841881 0.178387 102.371178
30576 12 21 23
0.552641 -0.825137 0.117204 104.484833
31872 12 21 24
0.617424 -0.784410 0.059069 105.509476
33168 12 21 25
0.678449 -0.732357 -0.057964 105.623657
34464 12 21 26
0.672702 -0.667580 -0.319076 103.794312
35760 12 21 27
0.567388 -0.570698 -0.593611 97.954231
37056 12 21 28
0.451068 -0.485150 -0.749111 86.490524
38352 12 21 29
0.372534 -0.433030 -0.820795 69.830353
35796 12 22 27
0.313086 -0.854332 -0.414842 84.625015
37092 12 22 28
0.271151 -0.740344 -0.615116 73.241417
12576 12 25 9
0.445063 0.202275 0.872355 112.761810
13872 12 25 10
0.251621 0.726441 0.639508 123.980392
15168 12 25 11
-0.039231 0.999062 0.018307 127.534485
12612 12 26 9
0.141255 -0.543418 0.827492 108.361320
13908 12 26 10
-0.107443 -0.604083 0.789646 123.624672
15204 12 26 11
-0.568106 -0.530493 0.629152 132.084152
19092 12 26 14
0.143850 0.271626 -0.951591 114.139809
13944 12 27 10
-0.161783 -0.836455 0.523611 106.803154
15240 12 27 11
-0.286738 -0.873151 0.394192 118.999641
17832 12 27 13
-0.218365 -0.879039 -0.423801 123.687836
19128 12 27 14
0.028327 -0.509443 -0.860038 111.915253
20424 12 27 15
0.132770 -0.283121 -0.949850 90.590469
15961 13 11 12
0.448713 0.702766 0.552065 61.129730
17257 13 11 13
0.512926 0.767313 0.384886 70.419128
18589 13 12 14
0.739921 0.585687 0.330890 92.177177
18625 13 13 14
0.836812 0.309316 0.451740 101.729080
10885 13 14 8
0.879755 0.413000 -0.235504 76.096626
12181 13 14 9
0.855317 0.500851 -0.132593 72.798836
25141 13 14 19
0.978012 0.179471 -0.106217 126.097794
26437 13 14 20
0.975180 0.148232 -0.164470 122.288307
29029 13 14 22
0.961760 0.111207 -0.250303 111.045074
31621 13 14 24
0.934484 0.211831 -0.286123 97.278900
32917 13 14 25
0.897271 0.345205 -0.275205 90.527817
5737 13 15 4
0.917783 0.278339 0.283197 89.567108
10921 13 15 8
0.970312 0.168373 -0.173625 81.329750
12217 13 15 9
0.952903 0.300047 -0.044132 79.325638
36841 13 15 28
0.748212 0.598041 -0.287273 86.223083
5773 13 16 4
0.977133 0.029843 0.210525 93.804779
12253 13 16 9
0.990403 0.087095 0.107318 82.732803
36877 13 16 28
0.902202 0.387783 -0.188827 97.864403
5809 13 17 4
0.953238 -0.256806 0.159338 90.588295
16177 13 17 12
0.866169 0.185902 0.463887 109.786766
17473 13 17 13
0.861907 0.241757 0.445724 121.733688
38209 13 17 29
0.831557 0.155279 -0.533293 96.640533
39505 13 17 30
0.617292 0.126426 -0.776510 81.289001
18805 13 18 14
0.909300 -0.018779 0.415717 136.045029
20101 13 18 15
0.971777 0.045097 0.231549 143.991791
21397 13 18 16
0.995003 0.090683 -0.041780 146.141220
22693 13 18 17
0.943629 0.108974 -0.312552 142.790649
23989 13 18 18
0.850708 0.127035 -0.510057 135.901337
21433 13 19 16
0.936254 -0.351311 -0.002992 143.593613
22729 13 19 17
0.890930 -0.359970 -0.276883 140.866501
24025 13 19 18
0.807152 -0.355096 -0.471607 134.732925
25321 13 19 19
0.728363 -0.284686 -0.623251 127.893921
26617 13 19 20
0.615626 -0.003575 -0.788030 121.651947
27913 13 19 21
0.386828 0.472704 -0.791779 115.938782
21469 13 20 16
0.770502 -0.637332 0.011573 131.671860
24061 13 20 18
0.613046 -0.749136 -0.250940 124.664734
25357 13 20 19
0.535795 -0.811041 -0.234811 120.253334
27949 13 20 21
0.510336 -0.808319 -0.293559 115.680420
20209 13 21 15
0.736520 -0.653560 0.174347 111.075165
25393 13 21 19
0.453454 -0.890634 -0.033917 103.497810
37057 13 21 28
0.095064 -0.649820 -0.754120 91.634125
38353 13 21 29
0.094675 -0.571522 -0.815107 75.131706
12577 13 25 9
-0.045056 -0.166105 0.985078 116.440498
13873 13 25 10
-0.843999 0.403408 0.353451 122.247322
15169 13 25 11
-0.755644 0.647844 -0.096434 122.677895
12613 13 26 9
-0.238114 -0.758571 0.606525 107.299934
13909 13 26 10
-0.579580 -0.699643 0.417836 117.400558
19093 13 26 14
-0.142641 0.169528 -0.975148 114.410927
19129 13 27 14
-0.238137 -0.657210 -0.715098 109.917366
20425 13 27 15
-0.006282 -0.394983 -0.918667 92.156738
19165 13 28 14
-0.191774 -0.907853 -0.372861 91.739380
20461 13 28 15
-0.062479 -0.722572 -0.688466 77.345650
15962 14 11 12
-0.076092 0.791380 0.606570 64.687675
17258 14 11 13
-0.050339 0.880555 0.471264 75.278275
18554 14 11 14
0.014838 0.967285 0.253258 82.859016
15998 14 12 12
-0.015626 0.633726 0.773400 77.257530
17294 14 12 13
0.016796 0.691526 0.722156 90.148033
18590 14 12 14
0.099620 0.840423 0.532697 101.343216
19886 14 12 15
0.202758 0.934540 0.292446 109.127419
23774 14 12 18
0.477062 0.877697 0.045390 117.768898
6962 14 13 5
0.757893 0.630543 0.167375 93.875816
12146 14 13 9
0.380925 0.874451 -0.300386 71.931686
13442 14 13 10
0.256565 0.953455 0.158424 70.668541
18626 14 13 14
0.235009 0.559120 0.795082 113.152008
19922 14 13 15
0.375136 0.707223 0.599257 124.321449
21218 14 13 16
0.498512 0.791871 0.352740 132.189255
22514 14 13 17
0.586633 0.793584 0.161513 136.830338
23810 14 13 18
0.661196 0.749518 0.032291 138.721054
25106 14 13 19
0.731194 0.679046 -0.065208 138.331329
26402 14 13 20
0.789457 0.594280 -0.153587 135.971558
28994 14 13 22
0.824213 0.454915 -0.337232 125.686424
6998 14 14 5
0.851318 0.513565 0.107279 106.130180
21254 14 14 16
0.710691 0.451364 0.539620 141.883087
22550 14 14 17
0.871954 0.418197 0.254574 147.256531
23846 14 14 18
0.944756 0.327660 -0.008719 148.864456
25142 14 14 19
0.956351 0.214877 -0.198043 147.258179
26438 14 14 20
0.940017 0.110528 -0.322725 143.238297
27734 14 14 21
0.911921 0.035494 -0.408828 137.530243
29030 14 14 22
0.881258 0.009549 -0.472539 130.648865
30326 14 14 23
0.856084 0.057695 -0.513606 123.024521
31622 14 14 24
0.828891 0.206159 -0.520036 115.145973
32918 14 14 25
0.758021 0.440787 -0.480739 107.441902
34214 14 14 26
0.620705 0.659326 -0.424282 99.899330
5738 14 15 4
0.754612 0.432216 0.493710 109.751503
10922 14 15 8
0.796033 0.403797 -0.450865 95.498009
12218 14 15 9
0.706983 0.681819 -0.187878 91.476051
23882 14 15 18
0.960900 -0.216816 -0.172226 149.342117
25178 14 15 19
0.866627 -0.364392 -0.340845 145.827530
26474 14 15 20
0.788062 -0.452264 -0.417632 140.208450
27770 14 15 21
0.736981 -0.504215 -0.450139 133.448273
29066 14 15 22
0.718422 -0.524705 -0.456677 126.320061
30362 14 15 23
0.748712 -0.500764 -0.434357 119.602425
31658 14 15 24
0.848224 -0.380701 -0.368217 114.167358
32954 14 15 25
0.967397 -0.045730 -0.249102 110.604851
34250 14 15 26
0.878701 0.447557 -0.166065 108.496620
35546 14 15 27
0.632936 0.733063 -0.249021 105.933609
36842 14 15 28
0.432378 0.791848 -0.431307 99.991943
38138 14 15 29
0.296194 0.735133 -0.609794 88.333214
4478 14 16 3
0.552975 0.159087 0.817869 101.724983
5774 14 16 4
0.887987 0.152461 0.433860 115.885796
10958 14 16 8
0.952012 0.155980 -0.263333 99.184250
12254 14 16 9
0.909696 0.409236 0.070562 97.818810
23918 14 16 18
0.816747 -0.313978 -0.484088 145.806854
25214 14 16 19
0.684684 -0.488745 -0.540682 139.484695
31694 14 16 24
0.756475 -0.640578 -0.131932 107.396835
34286 14 16 26
0.932842 -0.050930 0.356667 110.516190
35582 14 16 27
0.901068 0.407569 0.148201 113.414093
36878 14 16 28
0.658869 0.640650 -0.394283 111.998444
38174 14 16 29
0.376724 0.557935 -0.739451 102.680313
4514 14 17 3
0.608242 -0.221003 0.762365 101.029137
5810 14 17 4
0.897126 -0.264137 0.354114 114.622704
7106 14 17 5
0.965683 -0.232408 -0.115943 116.874565
16178 14 17 12
0.555803 0.390766 0.733747 125.459274
17474 14 17 13
0.479701 0.467445 0.742551 136.790253
18770 14 17 14
0.484167 0.568474 0.665146 146.841507
20066 14 17 15
0.599605 0.686123 0.411956 153.319443
21362 14 17 16
0.754757 0.633466 -0.170480 154.685944
36914 14 17 28
0.932734 0.112104 -0.342695 116.288246
38210 14 17 29
0.431289 0.121247 -0.894030 108.690483
39506 14 17 30
0.214190 0.096187 -0.972045 91.375633
40802 14 17 31
0.127699 0.080735 -0.988522 67.820351
4550 14 18 3
0.576237 -0.516086 0.633724 90.747353
5846 14 18 4
0.786327 -0.537342 0.304881 104.151749
14918 14 18 11
0.710206 -0.225839 0.666786 115.331985
16214 14 18 12
0.586869 -0.199873 0.784625 126.996246
17510 14 18 13
0.513307 -0.134832 0.847547 139.494614
18806 14 18 14
0.546446 -0.030729 0.836930 150.635010
20102 14 18 15
0.798964 0.137712 0.585399 157.520020
21398 14 18 16
0.848931 0.223528 -0.478907 158.146255
38246 14 18 29
0.285436 -0.358805 -0.888699 106.740822
39542 14 18 30
0.147571 -0.250828 -0.956718 89.497993
40838 14 18 31
0.092882 -0.190181 -0.977345 66.357010
18842 14 19 14
0.430042 -0.569264 0.700716 145.783478
21434 14 19 16
0.624916 -0.739562 -0.250054 155.801651
22730 14 19 17
0.406232 -0.535722 -0.740255 150.616547
35726 14 20 27
-0.226234 -0.703068 -0.674176 109.394547
37022 14 20 28
-0.141063 -0.655031 -0.742318 101.881874
20210 14 21 15
0.469463 -0.847212 0.248668 126.089882
21506 14 21 16
0.475236 -0.876406 -0.077861 127.772827
35762 14 21 27
-0.199198 -0.753252 -0.626842 101.865913
37058 14 21 28
-0.187761 -0.681006 -0.707798 90.500435
16358 14 22 12
0.641351 -0.239761 0.728823 89.424530
17654 14 22 13
0.473942 -0.523380 0.708133 96.112289
18950 14 22 14
0.520465 -0.711219 0.472530 104.185760
20246 14 22 15
0.554913 -0.825423 0.103675 108.955727
21542 14 22 16
0.530338 -0.831137 -0.167190 107.855904
18986 14 23 14
0.874914 -0.381609 0.298162 97.493385
20282 14 23 15
0.715232 -0.648202 -0.261300 96.889038
9950 14 24 7
0.417128 -0.047282 0.907617 94.567101
11246 14 24 8
0.400000 0.212235 0.891603 108.553207
12542 14 24 9
-0.305913 0.950411 -0.056001 112.746826
11282 14 25 8
-0.109947 -0.645868 0.755491 104.633385
12578 14 25 9
-0.711924 -0.634717 0.300498 112.151390
19094 14 26 14
-0.551959 -0.031522 -0.833275 110.423256
20390 14 26 15
-0.020886 -0.077128 -0.996802 96.851845
19130 14 27 14
-0.442445 -0.764621 -0.468611 103.942917
20426 14 27 15
-0.126140 -0.527226 -0.840310 90.640411
30147 15 9 23
0.658131 0.740745 -0.134761 78.706886
28887 15 10 22
0.716716 0.696876 0.026115 100.546852
30183 15 10 23
0.761662 0.615281 -0.203227 98.106834
26331 15 11 20
0.486498 0.843984 0.225855 112.681686
5631 15 12 4
0.336011 0.721213 0.605763 80.647888
6927 15 12 5
0.471551 0.850830 0.231792 91.178795
19887 15 12 15
-0.405270 0.839712 0.361441 105.946556
5667 15 13 4
0.312404 0.622609 0.717470 96.764336
6963 15 13 5
0.550902 0.784363 0.285101 107.395538
19923 15 13 15
-0.444050 0.661686 0.604145 122.487007
21219 15 13 16
-0.326099 0.805429 0.494917 133.053558
22515 15 13 17
-0.149526 0.918207 0.366794 140.856796
23811 15 13 18
0.060975 0.972861 0.223210 145.775833
19959 15 14 15
-0.405005 0.479426 0.778538 132.573196
21255 15 14 16
-0.353401 0.553065 0.754471 143.869827
22551 15 14 17
-0.221869 0.700546 0.678239 151.639664
23847 15 14 18
0.140831 0.919971 0.365815 155.319489
27735 15 14 21
0.430238 -0.251698 -0.866916 145.878677
29031 15 14 22
0.323537 -0.301388 -0.896933 138.543549
30327 15 14 23
0.262677 -0.233611 -0.936177 130.417664
31623 15 14 24
0.252622 0.012971 -0.967478 122.195938
34215 15 14 26
0.194064 0.738115 -0.646161 106.474358
22587 15 15 17
-0.210762 -0.055477 0.975962 154.073425
23883 15 15 18
0.331462 -0.911962 -0.241782 155.195526
27771 15 15 21
0.224434 -0.748435 -0.624079 140.105606
34251 15 15 26
0.041500 0.884575 -0.464548 113.319641
35547 15 15 27
-0.020291 0.916174 -0.400268 110.278885
38139 15 15 29
-0.059201 0.722350 -0.688989 90.953453
39435 15 15 30
-0.064495 0.607164 -0.791955 72.635139
10959 15 16 8
0.430986 0.598362 -0.675437 107.818878
12255 15 16 9
0.175545 0.968245 -0.178007 103.842224
23919 15 16 18
0.238054 -0.745791 -0.622195 150.399933
38175 15 16 29
-0.189082 0.522270 -0.831554 104.174553
39471 15 16 30
-0.157866 0.392799 -0.905973 85.481384
4515 15 17 3
0.112799 -0.125514 0.985658 110.164459
5811 15 17 4
0.492294 -0.169124 0.853840 128.247314
7107 15 17 5
0.994229 -0.096711 -0.046420 133.770981
36915 15 17 28
-0.592531 -0.061182 -0.803221 118.056389
38211 15 17 29
-0.318950 0.032886 -0.947201 109.091515
39507 15 17 30
-0.233323 0.045183 -0.971349 90.803345
5847 15 18 4
0.518030 -0.578561 0.630009 120.905884
7143 15 18 5
0.849263 -0.515773 0.112827 128.548782
11031 15 18 8
0.956415 -0.067452 -0.284115 113.773811
12327 15 18 9
0.994335 -0.094366 0.048914 111.938766
13623 15 18 10
0.592112 -0.270340 0.759158 114.411896
14919 15 18 11
-0.136448 -0.294905 0.945734 120.367973
18807 15 18 14
-0.604717 -0.000906 0.796440 149.637970
40839 15 18 31
-0.215644 -0.215934 -0.952297 64.596703
12363 15 19 9
0.922769 -0.383117 -0.041454 108.811546
13659 15 19 10
0.623605 -0.727138 0.287031 109.890282
14955 15 19 11
0.070419 -0.814654 0.575656 114.419182
38283 15 19 29
-0.344195 -0.581060 -0.737495 96.048073
39579 15 19 30
-0.276154 -0.484591 -0.830006 78.145889
13695 15 20 10
0.680553 -0.732696 -0.002258 101.984840
14991 15 20 11
0.194929 -0.915468 0.352024 103.947632
39615 15 20 30
-0.279645 -0.564419 -0.776678 64.935226
13731 15 21 10
0.761979 -0.494476 -0.418187 95.593971
15027 15 21 11
0.269630 -0.952608 0.140846 94.149040
20211 15 21 15
0.083566 -0.908562 0.409307 131.433472
21507 15 21 16
0.244226 -0.969672 -0.009520 134.827332
30579 15 21 23
0.939404 -0.217161 -0.265258 117.197342
31875 15 21 24
0.726207 -0.279994 -0.627874 115.368233
33171 15 21 25
0.127088 -0.546611 -0.827687 112.094368
34467 15 21 26
-0.238165 -0.623958 -0.744281 106.606102
35763 15 21 27
-0.331672 -0.628134 -0.703876 97.785316
20247 15 22 15
0.239986 -0.922347 0.302790 115.869415
21543 15 22 16
0.390212 -0.918234 -0.067679 117.566132
30615 15 22 23
0.689036 -0.722972 -0.050415 112.623894
31911 15 22 24
0.579975 -0.760153 -0.292911 110.797272
34503 15 22 26
0.055900 -0.737109 -0.673457 98.304199
35799 15 22 27
-0.122777 -0.675842 -0.726748 86.574577
29355 15 23 22
0.611701 -0.779390 0.135545 99.337753
9951 15 24 7
0.063187 -0.405636 0.911848 99.431847
11247 15 24 8
-0.476186 -0.653947 0.587877 108.991486
12543 15 24 9
-0.808455 -0.172282 -0.562778 107.883751
29391 15 24 22
0.543739 -0.829183 0.129627 80.960258
30687 15 24 23
0.534101 -0.845007 0.026444 82.937431
31983 15 24 24
0.524089 -0.844397 -0.111016 82.018547
11283 15 25 8
-0.467454 -0.812117 0.349218 99.383598
12579 15 25 9
-0.747356 -0.656713 -0.100929 101.355316
17799 15 26 13
-0.910352 -0.206408 0.358686 101.785561
19095 15 26 14
-0.900416 -0.295931 -0.318868 103.365784
20391 15 26 15
-0.176353 -0.303864 -0.936251 95.403206
17835 15 27 13
-0.667270 -0.676358 0.311915 93.278214
19131 15 27 14
-0.566959 -0.804441 -0.177292 95.354820
20427 15 27 15
-0.235107 -0.676258 -0.698141 86.962753
19167 15 28 14
-0.376690 -0.921303 -0.096464 77.054230
28852 16 9 22
0.356480 0.921663 0.153165 93.506210
30148 16 9 23
0.417358 0.903002 -0.101981 94.300270
31444 16 9 24
0.451943 0.825247 -0.338696 88.059700
27592 16 10 21
0.383662 0.859870 0.336789 110.665527
28888 16 10 22
0.508157 0.853874 0.112584 116.373466
30184 16 10 23
0.593108 0.779317 -0.202209 115.455734
31480 16 10 24
0.601876 0.654369 -0.457762 107.696884
26332 16 11 20
0.291038 0.870112 0.397747 122.334404
27628 16 11 21
0.478644 0.838872 0.259219 129.421005
6928 16 12 5
0.120902 0.929974 0.347176 97.821564
8224 16 12 6
0.177239 0.937232 -0.300305 98.217026
26368 16 12 20
0.264067 0.926254 0.268929 139.428070
5668 16 13 4
-0.114511 0.503635 0.856293 99.019630
6964 16 13 5
-0.039447 0.844365 0.534315 111.819107
22552 16 14 17
-0.413361 0.623287 0.663811 146.949112
23848 16 14 18
-0.334014 0.754840 0.564491 153.436569
30328 16 14 23
-0.238497 -0.416868 -0.877120 129.732788
34216 16 14 26
-0.195553 0.558255 -0.806295 106.296555
22588 16 15 17
-0.241801 0.362287 0.900156 151.934464
34252 16 15 26
-0.680372 0.599199 -0.421965 110.811394
38140 16 15 29
-0.221022 0.622698 -0.750597 87.412254
39436 16 15 30
-0.183948 0.513699 -0.838019 69.171028
22624 16 16 17
0.670406 -0.025745 0.741548 152.802734
38176 16 16 29
-0.415555 0.387243 -0.823017 97.945168
39472 16 16 30
-0.328309 0.296193 -0.896930 79.119080
5812 16 17 4
-0.413634 0.105569 0.904302 127.944504
7108 16 17 5
-0.531023 0.672878 0.515023 137.520447
5848 16 18 4
-0.120917 -0.378656 0.917605 125.278984
7144 16 18 5
0.300948 -0.512044 0.804513 137.840851
13624 16 18 10
-0.945121 0.292047 -0.146475 113.447731
14920 16 18 11
-0.918080 -0.068747 0.390389 114.932785
18808 16 18 14
-0.665524 -0.005478 0.746357 140.588623
5884 16 19 4
0.092368 -0.626118 0.774238 112.816490
7180 16 19 5
0.406293 -0.705045 0.581238 128.894104
13660 16 19 10
-0.173957 -0.756288 -0.630688 112.067177
38284 16 19 29
-0.468764 -0.542462 -0.697133 86.879173
39580 16 19 30
-0.419298 -0.467386 -0.778293 69.057861
20212 16 21 15
-0.120556 -0.777059 0.617775 130.708038
21508 16 21 16
0.119921 -0.960147 0.252460 137.316772
30580 16 21 23
0.746288 0.312725 -0.587586 121.100662
31876 16 21 24
0.377775 0.219746 -0.899443 117.791412
33172 16 21 25
-0.034912 -0.111948 -0.993101 112.345345
8584 16 22 6
0.352440 -0.466020 0.811549 99.820709
9880 16 22 7
0.627914 -0.495753 0.599961 112.033379
20248 16 22 15
0.037341 -0.834048 0.550427 117.762283
21544 16 22 16
0.290506 -0.940420 0.176681 123.409607
28024 16 22 21
0.730004 -0.679687 0.071557 119.775116
29320 16 22 22
0.747035 -0.664745 0.007283 120.339821
30616 16 22 23
0.733612 -0.634705 -0.242824 119.518829
31912 16 22 24
0.563536 -0.565108 -0.602561 116.243134
8620 16 23 6
0.055702 -0.422464 0.904666 90.679802
9916 16 23 7
-0.004711 -0.571268 0.820750 105.978142
29356 16 23 22
0.539630 -0.837234 0.088535 110.258247
9952 16 24 7
-0.357719 -0.674984 0.645317 96.597549
11248 16 24 8
-0.649494 -0.760060 0.021609 102.625893
28096 16 24 21
0.453871 -0.881770 0.128388 89.749855
29392 16 24 22
0.414777 -0.904260 0.101362 92.572876
30688 16 24 23
0.414578 -0.909924 0.012768 93.987991
31984 16 24 24
0.431690 -0.890477 -0.143860 92.717171
33280 16 24 25
0.418986 -0.830628 -0.366753 87.514778
9988 16 25 7
-0.417740 -0.767027 0.486994 81.041924
11284 16 25 8
-0.593813 -0.797671 0.105393 88.167099
30724 16 25 23
0.322462 -0.945577 0.043617 71.645683
32020 16 25 24
0.346211 -0.936175 -0.060952 71.562500
34612 16 25 26
0.348565 -0.827792 -0.439617 60.776825
19096 16 26 14
-0.867846 -0.441245 0.228357 94.423912
20392 16 26 15
-0.377515 -0.648608 -0.660901 92.220833
19132 16 27 14
-0.610272 -0.787097 0.089696 85.142174
20428 16 27 15
-0.334937 -0.817979 -0.467683 81.732391
19168 16 28 14
-0.435584 -0.899139 0.042600 67.482780
30149 17 9 23
0.047392 0.997262 -0.056765 100.691132
31445 17 9 24
0.101982 0.949974 -0.295210 95.894058
28889 17 10 22
0.116701 0.979800 0.162395 123.198906
30185 17 10 23
0.149756 0.973346 -0.173699 123.283714
31481 17 10 24
0.219228 0.848150 -0.482267 117.092957
32777 17 10 25
0.294858 0.706485 -0.643380 105.344162
26333 17 11 20
0.170775 0.859668 0.481464 127.291321
30221 17 11 23
0.356195 0.701325 -0.617470 134.988480
31517 17 11 24
0.360129 0.404359 -0.840715 127.377708
32813 17 11 25
0.401130 0.325690 -0.856166 115.635193
6929 17 12 5
-0.352229 0.826759 0.438639 95.653465
8225 17 12 6
-0.301453 0.912070 -0.277945 97.356827
9521 17 12 7
-0.188711 0.704364 -0.684295 87.359337
26369 17 12 20
0.291082 0.877525 0.381080 142.982727
6965 17 13 5
-0.683767 0.452840 0.572187 106.570091
8261 17 13 6
-0.710551 0.535034 -0.457008 108.016609
14813 17 15 11
-0.407665 0.848160 0.338279 84.434853
16109 17 15 12
-0.284083 0.804885 0.521016 91.160645
17405 17 15 13
-0.181203 0.748986 0.637327 101.241051
5777 17 16 4
-0.735362 0.274305 0.619677 107.724297
13553 17 16 10
-0.657797 0.750238 0.066674 92.077072
14849 17 16 11
-0.566216 0.713947 0.411922 95.278725
16145 17 16 12
-0.392292 0.659592 0.641128 102.501915
17441 17 16 13
-0.180962 0.612673 0.769340 113.043846
5849 17 18 4
-0.553045 -0.088708 0.828416 116.459427
7145 17 18 5
-0.701269 0.106070 0.704962 133.327927
8441 17 18 6
-0.730530 0.682630 -0.018477 138.727158
9737 17 18 7
-0.270141 0.732799 -0.624523 134.166794
4589 17 19 3
-0.331948 -0.380996 0.862933 82.356979
5885 17 19 4
-0.324420 -0.411777 0.851581 109.229301
7181 17 19 5
-0.298171 -0.451468 0.840994 129.924408
8477 17 19 6
-0.183666 -0.570490 0.800505 140.324722
9773 17 19 7
0.372618 0.247495 -0.894372 139.870804
27917 17 19 21
0.582940 -0.020821 -0.812249 127.177391
29213 17 19 22
0.505075 0.204678 -0.838455 120.899055
30509 17 19 23
0.393137 0.445579 -0.804303 116.067001
31805 17 19 24
0.236218 0.532949 -0.812507 112.610092
33101 17 19 25
-0.180481 -0.068730 -0.981174 109.974915
34397 17 19 26
-0.385350 -0.630829 -0.673468 106.841454
31841 17 20 24
-0.095575 0.615130 -0.782611 115.361504
34433 17 20 26
-0.389745 -0.316888 -0.864686 103.317696
35729 17 20 27
-0.389602 -0.504604 -0.770445 93.317627
21509 17 21 16
0.153883 -0.837465 0.524379 138.909119
22805 17 21 17
0.404173 -0.913197 0.052110 142.328110
24101 17 21 18
0.562587 -0.762658 -0.319138 140.771744
20249 17 22 15
0.043199 -0.705225 0.707666 118.175179
21545 17 22 16
0.210739 -0.874088 0.437675 127.164024
24137 17 22 18
0.505217 -0.858542 -0.087536 130.946854
25433 17 22 19
0.565882 -0.811006 -0.148482 129.242874
26729 17 22 20
0.595856 -0.791704 -0.134761 127.558144
28025 17 22 21
0.621324 -0.776176 -0.107272 126.488029
8621 17 23 6
-0.245296 -0.594230 0.765977 88.121185
9917 17 23 7
-0.354567 -0.779947 0.515718 102.571999
11213 17 23 8
-0.410329 -0.897552 -0.161340 106.011040
11249 17 24 8
-0.594796 -0.803257 -0.031561 91.725647
28097 17 24 21
0.269587 -0.960570 0.068027 98.218857
33281 17 24 25
0.272582 -0.856647 -0.438013 94.477104
34577 17 24 26
0.197952 -0.679721 -0.706254 83.169632
11285 17 25 8
-0.606830 -0.794202 0.031636 73.640739
34613 17 25 26
0.183098 -0.853255 -0.488294 66.719124
35909 17 25 27
0.136239 -0.703116 -0.697902 53.867443
20393 17 26 15
-0.504938 -0.855712 -0.113111 87.564552
20429 17 27 15
-0.417486 -0.890110 -0.182781 75.153587
30186 18 10 23
-0.291949 0.944547 -0.150326 121.398193
31482 18 10 24
-0.292056 0.879723 -0.375220 116.100410
32778 18 10 25
-0.181594 0.814217 -0.551430 106.674034
26334 18 11 20
0.165336 0.889695 0.425567 131.013840
27630 18 11 21
0.102081 0.970007 0.220604 137.941910
31518 18 11 24
-0.329745 0.513452 -0.792235 127.551994
32814 18 11 25
-0.165821 0.436534 -0.884275 117.778664
34110 18 11 26
0.053201 0.441336 -0.895763 105.313324
35406 18 11 27
0.204824 0.454328 -0.866968 89.909897
6930 18 12 5
-0.680750 0.593634 0.429161 84.948341
8226 18 12 6
-0.705927 0.690726 -0.156732 88.037048
9522 18 12 7
-0.523207 0.606224 -0.598955 79.947594
26370 18 12 20
0.443031 0.847988 0.290931 148.622269
27666 18 12 21
0.543934 0.818818 -0.183502 150.026810
34146 18 12 26
0.145163 -0.051342 -0.988075 108.051094
35442 18 12 27
0.296722 0.183141 -0.937238 95.387001
6966 18 13 5
-0.865902 0.171894 0.469752 92.805382
8262 18 13 6
-0.963655 0.202195 -0.174600 96.036781
9558 18 13 7
-0.712737 0.228176 -0.663281 88.169472
19998 18 15 15
0.428222 0.632355 0.645564 136.120422
21294 18 15 16
0.566965 0.583592 0.581352 154.064621
20034 18 16 15
0.613167 0.407872 0.676510 150.921082
21330 18 16 16
0.781755 0.343906 0.520181 167.046631
23922 18 16 18
0.996921 0.034976 -0.070174 179.418167
25218 18 16 19
0.925477 -0.131987 -0.355066 174.475159
25254 18 17 19
0.830592 -0.334940 -0.444896 168.956802
26550 18 17 20
0.716124 -0.388491 -0.579863 157.362534
27846 18 17 21
0.620470 -0.403349 -0.672552 144.520203
29142 18 17 22
0.558125 -0.382917 -0.736119 132.310455
36918 18 17 28
-0.038840 -0.172237 -0.984290 102.426834
8442 18 18 6
-0.833911 0.515615 0.196807 126.146004
29178 18 18 22
0.452541 -0.416602 -0.788447 126.702133
30474 18 18 23
0.428082 -0.387533 -0.816433 118.894501
31770 18 18 24
0.491531 -0.472628 -0.731450 114.125237
33066 18 18 25
0.482939 -0.778003 -0.401848 111.978600
7182 18 19 5
-0.653776 -0.132193 0.745052 118.195366
8478 18 19 6
-0.823544 0.094393 0.559344 132.818176
9774 18 19 7
-0.803660 0.571757 -0.165000 136.395264
11070 18 19 8
-0.358792 0.628157 -0.690425 130.174408
26622 18 19 20
0.481056 -0.418510 -0.770347 141.371246
8514 18 20 6
-0.485385 -0.473643 0.734890 128.849091
9810 18 20 7
-0.694469 -0.617876 0.368702 137.366165
11106 18 20 8
-0.099753 -0.058331 -0.993301 134.533585
17586 18 20 13
0.228894 -0.407754 0.883937 109.614059
18882 18 20 14
0.219659 -0.421726 0.879714 124.841484
9846 18 21 7
-0.244805 -0.854468 0.458208 128.363495
17622 18 21 13
0.356352 -0.521325 0.775393 103.053810
18918 18 21 14
0.221510 -0.511195 0.830429 116.330666
24102 18 21 18
0.273052 -0.900834 -0.337552 144.814774
16362 18 22 12
0.637681 -0.749449 0.178015 89.052727
17658 18 22 13
0.391653 -0.618539 0.681189 95.019951
22842 18 22 17
0.141820 -0.967146 0.210989 134.691406
24138 18 22 18
0.166195 -0.983232 -0.075058 135.434219
25434 18 22 19
0.192166 -0.952542 -0.236085 133.702240
26730 18 22 20
0.240312 -0.929764 -0.278906 131.402649
24174 18 23 18
0.153753 -0.987919 -0.019398 122.393837
25470 18 23 19
0.154071 -0.985256 -0.074386 121.527969
25506 18 24 19
0.125604 -0.987053 -0.099752 103.577003
26802 18 24 20
0.101486 -0.994228 -0.034807 102.090538
35874 18 24 27
-0.069714 -0.450603 -0.889998 67.173187
25542 18 25 19
0.094801 -0.977525 -0.188304 81.790230
35910 18 25 27
-0.060613 -0.686929 -0.724193 54.689728
20394 18 26 15
-0.530267 -0.822521 0.205610 81.090927
20430 18 27 15
-0.484780 -0.873612 0.042323 67.008408
34111 19 11 26
-0.463805 0.564556 -0.682760 101.926476
35407 19 11 27
-0.243429 0.592481 -0.767925 89.764069
36703 19 11 28
-0.053460 0.582762 -0.810883 74.807724
6931 19 12 5
-0.830848 0.410697 0.375526 67.884216
27667 19 12 21
0.398745 0.859497 -0.319793 155.993958
28963 19 12 22
0.192572 0.607464 -0.770651 148.352509
34147 19 12 26
-0.392096 0.159956 -0.905911 106.911690
35443 19 12 27
-0.155308 0.331155 -0.930707 96.779137
6967 19 13 5
-0.917589 0.060532 0.392896 73.194901
8263 19 13 6
-0.996555 0.076932 -0.030964 77.464081
9559 19 13 7
-0.897967 0.136244 -0.418441 72.621483
10855 19 13 8
-0.760561 0.278378 -0.586560 62.738956
23815 19 13 18
0.450213 0.757283 0.473107 160.111526
25111 19 13 19
0.603479 0.756678 0.251499 170.791122
39403 19 14 30
0.127524 0.216141 -0.967998 62.148453
14815 19 15 11
-0.071753 0.694644 0.715766 78.984520
27775 19 15 21
0.689935 -0.086833 -0.718644 170.797272
38143 19 15 29
0.122785 0.253746 -0.959446 84.559235
39439 19 15 30
0.075005 0.138002 -0.987588 65.715714
26515 19 16 20
0.737746 -0.259381 -0.623260 182.825577
27811 19 16 21
0.622232 -0.305143 -0.720913 166.136459
38179 19 16 29
0.104636 0.106190 -0.988825 88.005608
20071 19 17 15
0.662853 0.004862 0.748733 176.198013
22663 19 17 17
0.966899 -0.233690 0.102444 202.016266
23959 19 17 18
0.881223 -0.369110 -0.295304 199.355591
25255 19 17 19
0.729605 -0.441307 -0.522422 188.535980
26551 19 17 20
0.605162 -0.475529 -0.638475 173.203247
36919 19 17 28
0.237829 -0.185617 -0.953406 104.041122
21403 19 18 16
0.754712 -0.483414 0.443533 186.864578
22699 19 18 17
0.794165 -0.607365 -0.020231 191.853195
23995 19 18 18
0.683181 -0.623930 -0.379441 186.708923
30475 19 18 23
0.317947 -0.591997 -0.740574 122.100945
34363 19 18 26
0.342468 -0.892687 -0.292961 112.376694
35659 19 18 27
0.255089 -0.753852 -0.605506 108.078545
36955 19 18 28
0.156548 -0.573718 -0.803953 97.789093
7183 19 19 5
-0.755753 0.020734 0.654528 97.124138
8479 19 19 6
-0.845289 0.207621 0.492320 114.391220
9775 19 19 7
-0.857040 0.491920 0.153286 122.609505
11071 19 19 8
-0.652408 0.706700 -0.273752 121.363670
21439 19 19 16
0.574947 -0.715498 0.396861 173.169601
8515 19 20 6
-0.709483 -0.209070 0.672996 114.409729
9811 19 20 7
-0.878360 -0.065186 0.473533 127.463432
11107 19 20 8
-0.900865 0.339345 -0.270717 129.979553
9847 19 21 7
-0.563748 -0.591911 0.576047 120.587105
11143 19 21 8
-0.527667 -0.839685 0.128438 127.176201
11179 19 22 8
-0.261356 -0.937137 0.231231 113.551697
21547 19 22 16
0.027444 -0.912810 0.407462 130.763351
22843 19 22 17
-0.107562 -0.983253 0.147119 134.757141
31951 19 23 24
-0.126200 -0.762630 -0.634404 118.493095
33247 19 23 25
-0.219488 -0.423281 -0.879010 108.156769
34543 19 23 26
-0.237921 -0.255644 -0.937038 91.509789
24211 19 24 18
-0.215119 -0.973318 -0.079852 104.897926
25507 19 24 19
-0.152540 -0.985009 -0.080552 103.136353
34579 19 24 26
-0.244035 -0.602146 -0.760176 82.248070
22951 19 25 17
-0.321677 -0.938349 -0.126590 88.941582
24247 19 25 18
-0.221214 -0.953274 -0.205749 85.397552
25543 19 25 19
-0.155227 -0.972593 -0.173109 80.973724
20395 19 26 15
-0.560480 -0.783907 0.267117 72.280586
21691 19 26 16
-0.476585 -0.878118 -0.042143 74.266632
22987 19 26 17
-0.331642 -0.908925 -0.252722 71.157486
20431 19 27 15
-0.546537 -0.823776 0.150633 57.047756
21727 19 27 16
-0.447430 -0.885776 -0.123319 57.256382
23023 19 27 17
-0.314969 -0.896765 -0.310818 52.636459
28928 20 11 22
-0.236757 0.889398 -0.391046 132.248138
35408 20 11 27
-0.569280 0.630927 -0.527116 81.729301
26372 20 12 20
0.205827 0.978107 0.030691 164.324753
27668 20 12 21
0.112799 0.908444 -0.402500 160.506927
36740 20 12 28
-0.403138 0.528077 -0.747405 80.814697
22520 20 13 17
0.191072 0.786917 0.586731 152.314484
23816 20 13 18
0.273131 0.835126 0.477455 172.652054
36776 20 13 28
-0.307820 0.452768 -0.836809 87.933350
38072 20 13 29
-0.182672 0.384664 -0.904801 74.700111
39368 20 13 30
-0.101658 0.317289 -0.942864 57.921051
23852 20 14 18
0.437256 0.824315 0.359599 198.282486
25148 20 14 19
0.610575 0.790204 -0.052683 202.656525
29036 20 14 22
0.380435 0.129068 -0.915757 165.070557
39404 20 14 30
-0.072126 0.211303 -0.974756 62.888935
16112 20 15 12
-0.028040 0.626988 0.778524 94.278854
17408 20 15 13
0.090064 0.673363 0.733806 115.186768
27776 20 15 21
0.505859 -0.073938 -0.859441 184.955917
29072 20 15 22
0.434196 -0.111061 -0.893946 165.255844
30368 20 15 23
0.427296 -0.070695 -0.901343 146.560349
16148 20 16 12
-0.012036 0.299376 0.954059 105.704109
17444 20 16 13
0.128232 0.343943 0.930193 130.603180
27812 20 16 21
0.461823 -0.356099 -0.812350 179.688339
29108 20 16 22
0.424821 -0.354505 -0.832978 160.015015
30404 20 16 23
0.454856 -0.318579 -0.831633 143.100586
31700 20 16 24
0.587552 -0.201539 -0.783686 131.074951
32996 20 16 25
0.782832 0.134674 -0.607484 124.305084
16184 20 17 12
-0.002501 0.042610 0.999089 109.416298
17480 20 17 13
0.137086 -0.005803 0.990542 135.135284
18776 20 17 14
0.240365 -0.014383 0.970576 164.204910
20072 20 17 15
0.368961 -0.057384 0.927672 191.747421
21368 20 17 16
0.601720 -0.225473 0.766221 212.029648
22664 20 17 17
0.825541 -0.538872 0.167626 220.912674
34328 20 17 26
0.848099 -0.437848 -0.298359 121.456749
21404 20 18 16
0.433364 -0.732077 0.525603 201.297043
22700 20 18 17
0.474614 -0.879670 -0.030366 206.603699
36956 20 18 28
0.257924 -0.573069 -0.777860 101.652489
20144 20 19 15
0.261858 -0.640987 0.721502 169.832474
9812 20 20 7
-0.854945 0.094745 0.509992 109.135406
11108 20 20 8
-0.890636 0.383082 0.244980 117.758636
12404 20 20 9
-0.642898 0.745231 -0.176956 118.474174
9848 20 21 7
-0.686270 -0.353835 0.635480 105.599060
11144 20 21 8
-0.767978 -0.366795 0.525044 118.298737
12440 20 21 9
-0.907166 -0.405844 0.111088 122.662399
13736 20 21 10
0.560120 0.148234 -0.815041 120.682297
20216 20 21 15
0.218945 -0.836597 0.502164 140.186111
12476 20 22 9
-0.139521 -0.956752 0.255263 113.989166
18956 20 22 14
0.391614 -0.824630 0.408197 119.326019
20252 20 22 15
0.117328 -0.927752 0.354274 125.645386
29324 20 22 22
-0.183520 -0.773049 -0.607220 130.429611
29360 20 23 22
-0.196922 -0.980107 0.024747 122.134827
30656 20 23 23
-0.350518 -0.897890 -0.266330 120.721825
31952 20 23 24
-0.464954 -0.639521 -0.612234 114.400139
33248 20 23 25
-0.456492 -0.404653 -0.792383 102.082664
34544 20 23 26
-0.400962 -0.292693 -0.868078 84.472183
24212 20 24 18
-0.400553 -0.915897 -0.026273 98.322350
30692 20 24 23
-0.250678 -0.966494 -0.055223 102.659927
31988 20 24 24
-0.350267 -0.893964 -0.279539 98.853882
33284 20 24 25
-0.417758 -0.739788 -0.527439 89.323967
34580 20 24 26
-0.422379 -0.566316 -0.707731 74.334549
21656 20 25 16
-0.552212 -0.829856 0.080007 80.233360
22952 20 25 17
-0.515318 -0.854491 -0.065516 80.257858
26337 21 11 20
-0.128329 0.989464 0.067031 137.626663
28929 21 11 22
-0.326272 0.837927 -0.437522 124.874603
30225 21 11 23
-0.420340 0.749691 -0.511154 111.201340
22485 21 12 17
-0.069443 0.770818 0.633260 121.626740
26373 21 12 20
-0.155140 0.986819 -0.046033 165.018265
27669 21 12 21
-0.230980 0.873997 -0.427526 159.071274
36741 21 12 28
-0.629764 0.557485 -0.540932 71.179733
22521 21 13 17
-0.099028 0.790320 0.604639 154.524582
23817 21 13 18
-0.096558 0.864103 0.493966 175.962631
29001 21 13 22
-0.184605 0.524894 -0.830908 160.366623
36777 21 13 28
-0.571944 0.522700 -0.632191 80.857567
38073 21 13 29
-0.489906 0.434171 -0.755968 68.482544
39369 21 13 30
-0.386310 0.348328 -0.854068 53.186047
22557 21 14 17
-0.130309 0.808379 0.574059 186.590195
23853 21 14 18
-0.123759 0.903881 0.409490 203.060760
25149 21 14 19
-0.114401 0.992254 -0.048423 208.079971
29037 21 14 22
-0.048249 0.265608 -0.962873 168.816101
39405 21 14 30
-0.316579 0.263740 -0.911163 59.012550
16113 21 15 12
-0.332491 0.550640 0.765666 89.423439
17409 21 15 13
-0.263432 0.625837 0.734120 112.459671
22593 21 15 17
-0.191304 0.788224 0.584898 212.826782
23889 21 15 18
-0.181266 0.946369 0.267447 222.878891
26481 21 15 20
0.049515 0.197694 -0.979013 209.559738
27777 21 15 21
0.071941 0.007145 -0.997383 191.565323
29073 21 15 22
0.089089 -0.037671 -0.995311 171.189575
30369 21 15 23
0.127104 0.012556 -0.991810 151.984955
16149 21 16 12
-0.346089 0.262603 0.900701 100.912064
17445 21 16 13
-0.289279 0.318397 0.902741 128.152817
18741 21 16 14
-0.263564 0.381542 0.885980 157.823608
21333 21 16 16
-0.299403 0.463703 0.833869 211.643829
22629 21 16 17
-0.397669 0.512146 0.761292 227.073715
29109 21 16 22
0.217426 -0.325734 -0.920121 167.278839
30405 21 16 23
0.277079 -0.295006 -0.914439 149.592926
31701 21 16 24
0.407442 -0.177263 -0.895862 136.917786
32997 21 16 25
0.556217 0.223242 -0.800491 129.354767
16185 21 17 12
-0.337984 0.064078 0.938968 105.079933
17481 21 17 13
-0.276727 0.014132 0.960845 133.112274
18777 21 17 14
-0.269115 -0.007061 0.963082 163.945389
20073 21 17 15
-0.305119 -0.065099 0.950087 192.913284
21369 21 17 16
-0.384579 -0.267066 0.883615 214.719879
22665 21 17 17
-0.406413 -0.812601 0.417741 225.539658
34329 21 17 26
0.785293 -0.422776 -0.452301 125.977875
35625 21 17 27
0.386381 -0.095474 -0.917385 121.658913
36921 21 17 28
0.128010 -0.008518 -0.991736 110.937698
21405 21 18 16
-0.290385 -0.762426 0.578258 203.198334
22701 21 18 17
-0.183079 -0.980800 0.067176 210.180817
36957 21 18 28
0.242976 -0.529657 -0.812666 106.264938
11109 21 20 8
-0.842945 0.365225 0.395037 98.698280
12405 21 20 9
-0.761928 0.609152 0.220000 106.027687
20181 21 20 15
-0.193549 -0.772796 0.604421 155.496353
11145 21 21 8
-0.795367 -0.096919 0.598329 102.451401
12441 21 21 9
-0.859376 0.086424 0.503988 113.597687
13737 21 21 10
-0.816313 0.481572 0.318938 118.732239
20217 21 21 15
-0.165083 -0.912127 0.375195 141.081116
12477 21 22 9
-0.522537 -0.634307 0.569746 108.083130
13773 21 22 10
-0.349160 -0.835032 0.425216 115.988365
18957 21 22 14
-0.026288 -0.981016 0.192139 122.650879
20253 21 22 15
-0.179154 -0.974277 0.136706 125.340935
29325 21 22 22
-0.549365 -0.697361 -0.460310 127.815521
30621 21 22 23
-0.626710 -0.337836 -0.702212 121.706551
15105 21 23 11
0.080701 -0.989718 0.118092 104.290749
28065 21 23 21
-0.344225 -0.936259 0.070202 116.354034
29361 21 23 22
-0.463285 -0.882636 -0.079500 116.451241
30657 21 23 23
-0.585113 -0.748445 -0.312205 112.816490
31953 21 23 24
-0.621242 -0.575730 -0.531595 104.318672
33249 21 23 25
-0.574296 -0.451929 -0.682601 90.988823
30693 21 24 23
-0.456972 -0.880185 -0.128264 93.435379
31989 21 24 24
-0.528561 -0.789701 -0.311442 87.615303
33285 21 24 25
-0.550831 -0.673572 -0.492833 77.000221
34581 21 24 26
-0.520468 -0.566845 -0.638592 62.562107
26338 22 11 20
-0.348507 0.937302 -0.002752 130.425156
30226 22 11 23
-0.468746 0.722779 -0.507807 98.239845
30262 22 12 23
-0.478365 0.633713 -0.607927 118.232964
31558 22 12 24
-0.491408 0.639226 -0.591530 101.759872
22522 22 13 17
-0.392571 0.699252 0.597440 143.740906
23818 22 13 18
-0.451109 0.749384 0.484689 165.883194
27706 22 13 21
-0.552011 0.627479 -0.549139 167.760483
29002 22 13 22
-0.498548 0.535892 -0.681373 151.751907
38074 22 13 29
-0.610094 0.471327 -0.636895 57.504967
39370 22 13 30
-0.555249 0.380305 -0.739639 44.021919
22558 22 14 17
-0.509785 0.667346 0.542926 173.196335
23854 22 14 18
-0.590981 0.703669 0.394450 191.390381
25150 22 14 19
-0.684047 0.728278 0.041132 198.414795
29038 22 14 22
-0.457637 0.368611 -0.809132 162.897217
30334 22 14 23
-0.397684 0.400376 -0.825558 144.631149
31630 22 14 24
-0.346225 0.517782 -0.782324 128.391098
35518 22 14 27
-0.429752 0.694340 -0.577240 93.006905
38110 22 14 29
-0.507109 0.455779 -0.731509 66.926460
16114 22 15 12
-0.575800 0.456295 0.678417 75.721924
17410 22 15 13
-0.558344 0.520140 0.646303 97.696022
22594 22 15 17
-0.671138 0.549446 0.497677 197.695358
26482 22 15 20
-0.648634 0.313073 -0.693729 203.638367
27778 22 15 21
-0.440280 0.179198 -0.879796 187.573822
32962 22 15 25
-0.171748 0.661280 -0.730213 125.307693
16150 22 16 12
-0.601362 0.228315 0.765661 86.268242
17446 22 16 13
-0.607562 0.267915 0.747723 112.131104
18742 22 16 14
-0.630824 0.305346 0.713319 140.312851
21334 22 16 16
-0.751031 0.294960 0.590720 193.563309
22630 22 16 17
-0.862438 0.233186 0.449250 211.484161
18778 22 17 14
-0.651292 0.028880 0.758278 146.780701
20074 22 17 15
-0.727180 -0.012309 0.686337 174.684311
21370 22 17 16
-0.821223 -0.105887 0.560697 197.176224
22666 22 17 17
-0.898158 -0.275980 0.342267 211.114792
23962 22 17 18
-0.860494 -0.508422 -0.032516 215.264679
21406 22 18 16
-0.761387 -0.439657 0.476436 188.056854
23998 22 18 18
-0.580258 -0.809448 -0.089969 200.169098
25294 22 18 19
-0.293048 -0.868109 -0.400635 194.784882
26590 22 18 20
0.015421 -0.778391 -0.627590 183.992050
36958 22 18 28
0.119170 -0.388317 -0.913788 109.497536
38254 22 18 29
0.028217 -0.240950 -0.970127 90.761551
39550 22 18 30
-0.005924 -0.174912 -0.984566 67.361603
36994 22 19 28
0.241057 -0.692019 -0.680443 98.735298
20182 22 20 15
-0.684031 -0.529564 0.501660 146.100174
12442 22 21 9
-0.850723 0.160124 0.500630 95.898987
20218 22 21 15
-0.651393 -0.703480 0.284258 133.706497
12478 22 22 9
-0.729797 -0.335696 0.595571 93.675835
13774 22 22 10
-0.800432 -0.352675 0.484695 106.039436
15070 22 22 11
-0.863786 -0.409434 0.293663 112.833466
20254 22 22 15
-0.537871 -0.841314 0.053722 118.300385
26734 22 22 20
-0.406659 -0.913574 0.003313 125.749123
28030 22 22 21
-0.524993 -0.835729 -0.161059 124.466019
29326 22 22 22
-0.626473 -0.691028 -0.360571 120.006386
12514 22 23 9
-0.510126 -0.662724 0.548240 79.794914
13810 22 23 10
-0.494646 -0.764347 0.413640 92.702675
15106 22 23 11
-0.468352 -0.857868 0.211446 100.114143
16402 22 23 12
-0.439245 -0.898172 0.018721 102.441330
17698 22 23 13
-0.434253 -0.897900 -0.072112 101.679314
18994 22 23 14
-0.451269 -0.889244 -0.074835 99.950142
28066 22 23 21
-0.514199 -0.857466 -0.018773 106.511101
29362 22 23 22
-0.605188 -0.781456 -0.151901 104.455269
30658 22 23 23
-0.659752 -0.687793 -0.302767 98.828278
31954 22 23 24
-0.652436 -0.612828 -0.445835 89.583229
15142 22 24 11
-0.285532 -0.941969 0.176537 77.388893
16438 22 24 12
-0.288946 -0.956878 0.029909 80.034340
17734 22 24 13
-0.334151 -0.940964 -0.054129 79.569344
26303 23 10 20
-0.392378 0.919188 -0.033660 91.432671
26339 23 11 20
-0.528060 0.847714 -0.050340 117.333076
31559 23 12 24
-0.542733 0.659450 -0.520161 87.728386
31595 23 13 24
-0.539089 0.631137 -0.557718 104.800873
23855 23 14 18
-0.757071 0.509546 0.408909 166.338913
25151 23 14 19
-0.833743 0.533157 0.143585 176.571579
26447 23 14 20
-0.819522 0.516130 -0.248986 175.274643
31631 23 14 24
-0.510954 0.618413 -0.597069 119.410530
23891 23 15 18
-0.874804 0.355845 0.328774 183.141541
25187 23 15 19
-0.932835 0.356330 0.053362 190.136597
26483 23 15 20
-0.869337 0.349734 -0.349197 186.493973
32963 23 15 25
-0.344990 0.747725 -0.567352 121.210770
34259 23 15 26
-0.309048 0.772591 -0.554611 111.590630
22631 23 16 17
-0.902888 0.157893 0.399828 178.420029
23927 23 16 18
-0.959368 0.104892 0.261935 191.825378
25223 23 16 19
-0.997819 0.064893 -0.012088 196.283936
34295 23 16 26
-0.208125 0.757001 -0.619381 124.118958
20075 23 17 15
-0.854182 0.033011 0.518925 140.646103
23963 23 17 18
-0.957135 -0.197703 0.211674 190.308151
25259 23 17 19
-0.951293 -0.306310 -0.034869 193.352509
26555 23 17 20
-0.814382 -0.369634 -0.447384 188.870605
27851 23 17 21
-0.466115 -0.296985 -0.833389 178.442947
35627 23 17 27
-0.177123 0.411042 -0.894244 122.586525
20111 23 18 15
-0.854952 -0.115556 0.505672 138.599472
23999 23 18 18
-0.877457 -0.444709 0.179732 179.983902
25295 23 18 19
-0.801855 -0.597098 -0.022406 182.437241
26591 23 18 20
-0.600540 -0.721186 -0.345314 179.086945
27887 23 18 21
-0.229379 -0.700524 -0.675760 170.913605
29183 23 18 22
0.156408 -0.566324 -0.809206 160.056396
36959 23 18 28
-0.084683 -0.146794 -0.985536 109.818298
38255 23 18 29
-0.147234 -0.079249 -0.985922 89.392227
39551 23 18 30
-0.162294 -0.057920 -0.985041 65.284805
40847 23 18 31
-0.162649 -0.054660 -0.985169 42.218025
20147 23 19 15
-0.858694 -0.192975 0.474768 132.492233
29219 23 19 22
0.135543 -0.780664 -0.610075 149.937836
36995 23 19 28
0.132389 -0.563421 -0.815494 102.760353
20183 23 20 15
-0.878260 -0.264383 0.398447 125.258064
20219 23 21 15
-0.869571 -0.426076 0.249612 116.177345
15071 23 22 11
-0.956309 -0.157203 0.246494 94.191078
16367 23 22 12
-0.969489 -0.220322 0.107464 98.314095
18959 23 22 14
-0.862456 -0.503420 0.052330 101.080536
20255 23 22 15
-0.769156 -0.634467 0.076492 102.675682
21551 23 22 16
-0.676165 -0.729360 0.104095 105.037010
25439 23 22 19
-0.557840 -0.827602 0.062367 114.053101
26735 23 22 20
-0.595952 -0.801993 -0.040606 114.408012
28031 23 22 21
-0.635402 -0.755856 -0.157942 111.882866
15107 23 23 11
-0.782441 -0.583758 0.216823 84.377083
16403 23 23 12
-0.780705 -0.623604 0.040220 87.580711
18995 23 23 14
-0.698293 -0.712491 -0.068874 85.370323
20291 23 23 15
-0.645115 -0.763489 -0.030192 83.975464
26771 23 23 20
-0.563589 -0.826037 0.005571 91.895920
28067 23 23 21
-0.618587 -0.781633 -0.079995 90.824394
26304 24 10 20
-0.527811 0.846104 -0.074318 78.409561
25044 24 11 19
-0.599846 0.735597 0.314774 97.326035
26340 24 11 20
-0.634053 0.769536 -0.076095 100.688278
25080 24 12 19
-0.694688 0.640715 0.326944 117.104156
31560 24 12 24
-0.563083 0.685354 -0.461765 72.673401
31596 24 13 24
-0.562151 0.687764 -0.459311 90.581841
32892 24 13 25
-0.496240 0.751021 -0.435561 79.507843
26556 24 17 20
-0.985951 -0.165214 0.024606 170.312576
26592 24 18 20
-0.892891 -0.442955 0.080847 163.189636
27888 24 18 21
-0.814555 -0.552231 -0.177601 162.581772
29184 24 18 22
-0.580876 -0.616677 -0.531313 158.134644
30480 24 18 23
-0.113054 -0.560328 -0.820519 152.022675
27924 24 19 21
-0.668558 -0.739265 -0.080722 150.413345
29220 24 19 22
-0.431810 -0.871791 -0.231344 147.577927
30516 24 19 23
-0.088959 -0.941110 -0.326188 143.359512
31812 24 19 24
0.230004 -0.911397 -0.341254 138.967377
33108 24 19 25
0.372574 -0.845630 -0.382229 134.612793
35700 24 19 27
0.075594 -0.547561 -0.833344 119.203018
36996 24 19 28
-0.088211 -0.347082 -0.933677 103.346825
22776 24 20 17
-0.898701 -0.328166 0.290935 118.021141
24072 24 20 18
-0.873296 -0.428959 0.230972 126.428772
25368 24 20 19
-0.833390 -0.535766 0.135708 132.009766
37032 24 20 28
0.092088 -0.632601 -0.768983 92.442291
18924 24 21 14
-0.966402 -0.116668 0.229032 83.481911
22812 24 21 17
-0.846965 -0.479257 0.230135 105.580536
24108 24 21 18
-0.814145 -0.555014 0.170666 111.687370
25404 24 21 19
-0.785131 -0.614912 0.073846 115.361542
21552 24 22 16
-0.806029 -0.570673 0.157001 84.111519
22848 24 22 17
-0.750263 -0.641137 0.161398 88.855637
24144 24 22 18
-0.720740 -0.682469 0.121534 93.180565
25440 24 22 19
-0.714124 -0.698770 0.041807 95.715652
26736 24 22 20
-0.711977 -0.700625 -0.047038 95.608261
25045 25 11 19
-0.666077 0.681473 0.303208 79.896790
26341 25 11 20
-0.678089 0.730929 -0.077061 82.881462
25081 25 12 19
-0.710886 0.603481 0.361181 97.184685
26377 25 12 20
-0.723088 0.688820 -0.051679 101.425606
34261 25 15 26
-0.352888 0.809556 -0.469137 97.668533
34297 25 16 26
-0.374685 0.737757 -0.561538 114.091911
35593 25 16 27
-0.359216 0.600034 -0.714789 100.441101
29185 25 18 22
-0.880645 -0.472706 0.031840 148.047867
30481 25 18 23
-0.882254 -0.428123 -0.195802 147.236816
31777 25 18 24
-0.815991 -0.220656 -0.534294 144.449814
25333 25 19 19
-0.891331 -0.342805 0.296673 117.412949
29221 25 19 22
-0.683448 -0.721002 0.114256 136.108734
30517 25 19 23
-0.562994 -0.825271 0.044341 137.771988
31813 25 19 24
-0.436356 -0.895729 -0.085219 137.631409
33109 25 19 25
-0.361976 -0.856334 -0.368328 135.141251
30553 25 20 23
-0.466104 -0.879943 0.091913 119.135277
31849 25 20 24
-0.312417 -0.948407 0.054027 120.968147
37033 25 20 28
-0.199379 -0.482906 -0.852672 91.426102
24109 25 21 18
-0.889327 -0.420788 0.178981 84.819313
25405 25 21 19
-0.860718 -0.498976 0.100928 89.334320
37069 25 21 28
-0.063478 -0.720105 -0.690955 77.213257
26414 26 13 20
-0.717689 0.690875 0.087261 100.640114
25154 26 14 19
-0.721617 0.346039 0.599604 104.413521
26450 26 14 20
-0.776061 0.583818 0.238507 114.950905
27746 26 14 21
-0.630758 0.731600 -0.258661 114.474922
26486 26 15 20
-0.848602 0.316282 0.424076 124.257263
27782 26 15 21
-0.781198 0.614387 -0.110719 127.356445
35558 26 15 27
-0.377264 0.686209 -0.621924 76.797501
35594 26 16 27
-0.452550 0.528958 -0.717915 91.125671
31814 26 19 24
-0.753244 -0.654813 0.061994 127.176361
33110 26 19 25
-0.812671 -0.545267 -0.205550 126.150177
33146 26 20 25
-0.601046 -0.799206 0.003646 112.407555
34442 26 20 26
-0.637551 -0.706702 -0.306758 109.491722
37034 26 20 28
-0.501658 -0.326565 -0.801059 83.062180
34478 26 21 26
-0.452028 -0.883540 -0.122589 91.678658
35774 26 21 27
-0.440593 -0.780517 -0.443475 85.225197
37070 26 21 28
-0.392020 -0.606575 -0.691656 71.886482
34514 26 22 26
-0.324852 -0.945317 -0.029096 69.126701
35810 26 22 27
-0.301070 -0.907021 -0.294396 65.354836
37106 26 22 28
-0.273340 -0.790866 -0.547555 55.573387
26415 27 13 20
-0.704440 0.692058 0.157545 83.825394
30303 27 13 23
-0.455300 0.783367 -0.423128 63.357296
25155 27 14 19
-0.682780 0.329602 0.652054 86.249413
26451 27 14 20
-0.753290 0.563992 0.338329 98.803444
27747 27 14 21
-0.660400 0.738750 -0.134610 100.937912
26487 27 15 20
-0.793564 0.255135 0.552415 107.895508
27783 27 15 21
-0.824848 0.562327 0.058433 114.126656
35559 27 15 27
-0.501663 0.629858 -0.592970 66.800529
35595 27 16 27
-0.590297 0.427046 -0.684968 78.979736
33111 27 19 25
-0.897881 -0.413992 -0.149736 108.203049
33147 27 20 25
-0.786591 -0.617343 0.012725 94.900597
34443 27 20 26
-0.834306 -0.498522 -0.235393 92.198753
37035 27 20 28
-0.696680 -0.230248 -0.679428 67.862030
34479 27 21 26
-0.715284 -0.692603 -0.093112 76.927818
35775 27 21 27
-0.715447 -0.592345 -0.370492 71.228142
37071 27 21 28
-0.646428 -0.466093 -0.604060 59.408157
34515 27 22 26
-0.576584 -0.817036 -0.001977 57.910736
35811 27 22 27
-0.581951 -0.771422 -0.257373 54.968258
37107 27 22 28
-0.542284 -0.673721 -0.502024 46.526089
27748 28 14 21
-0.740924 0.670694 -0.034650 84.716377
26488 28 15 20
-0.812008 0.228889 0.536892 90.129547
27784 28 15 21
-0.878906 0.456633 0.137878 97.975922
35560 28 15 27
-0.646333 0.542247 -0.536862 54.170483
27820 28 16 21
-0.932381 0.004697 0.361446 102.913269
29116 28 16 22
-0.966610 0.245699 -0.072787 105.633461
35596 28 16 27
-0.722588 0.317663 -0.613968 63.703655
27856 28 17 21
-0.796541 -0.396988 0.455986 98.182617
29152 28 17 22
-0.945413 -0.286126 0.155968 105.027283
33040 28 17 25
-0.913436 0.139865 -0.382193 92.890686
34336 28 17 26
-0.857927 0.133713 -0.496067 82.476471
35632 28 17 27
-0.772321 0.109347 -0.625751 68.641190
27785 29 15 21
-0.913869 0.375904 0.153427 77.501839
27821 29 16 21
-0.951925 0.019481 0.305710 82.436668
29117 29 16 22
-0.984846 0.169485 -0.036778 85.479012
27857 29 17 21
-0.852020 -0.341059 0.397167 78.356194
29153 29 17 22
-0.961749 -0.251315 0.108995 84.482880
29189 29 18 22
-0.819696 -0.535201 0.204101 74.576439
30485 29 18 23
-0.898894 -0.437997 -0.012166 76.917282
31781 29 18 24
-0.933406 -0.311965 -0.177290 74.420853
33077 29 18 25
-0.932448 -0.209884 -0.294091 68.377197
29154 30 17 22
-0.979743 -0.186890 0.071939 61.616684
29190 30 18 22
-0.877567 -0.457179 0.144445 53.867733
