2.000000
36 36 36
13.296283 -0.301227 3.803596
-22.703718 -36.301228 -32.196404
104.284594 2936.185311 657.343842
16496 8 26 12
0.993490 0.113359 -0.011251 64.940773
17792 8 26 13
0.925453 0.173112 -0.336999 60.752014
17828 8 27 13
0.933809 -0.230979 -0.273220 60.074268
15201 9 26 11
0.940067 0.019557 0.340429 84.029434
16497 9 26 12
0.986913 0.156553 -0.038640 87.693634
17793 9 26 13
0.867768 0.239038 -0.435705 82.126732
16533 9 27 12
0.900171 -0.427508 0.083243 84.426178
17829 9 27 13
0.884633 -0.308616 -0.349545 81.411674
33166 10 21 25
0.943673 -0.247278 -0.219853 79.111435
15166 10 25 11
0.771034 0.618917 0.149828 96.564194
13906 10 26 10
0.767139 -0.182510 0.614970 92.456909
15202 10 26 11
0.911571 -0.032144 0.409884 103.384590
16498 10 26 12
0.972523 0.213157 -0.093609 106.485542
16534 10 27 12
0.760032 -0.639373 0.116420 102.068405
17830 10 27 13
0.766807 -0.452632 -0.455116 98.941574
17866 10 28 13
0.501682 -0.838909 -0.211061 83.991173
19162 10 28 14
0.475456 -0.658625 -0.583227 73.972031
29243 11 20 22
0.993861 -0.033596 -0.105407 108.556267
30539 11 20 23
0.943439 0.203491 -0.261751 105.758507
31835 11 20 24
0.882840 0.354012 -0.308657 101.461876
29279 11 21 22
0.695369 -0.712021 0.097404 100.802887
30575 11 21 23
0.742383 -0.668863 -0.038591 101.422165
31871 11 21 24
0.801596 -0.574799 -0.164468 99.747864
33167 11 21 25
0.855208 -0.456120 -0.246117 96.542465
34463 11 21 26
0.873970 -0.366555 -0.319082 91.897705
31907 11 22 24
0.480015 -0.876967 -0.022702 84.671562
13907 11 26 10
0.617342 -0.393153 0.681410 106.916756
15203 11 26 11
0.800641 -0.228367 0.553916 116.001060
13943 11 27 10
0.295613 -0.768662 0.567249 92.948753
19127 11 27 14
0.380828 -0.314064 -0.869674 96.277611
17867 11 28 13
0.232891 -0.955051 -0.183408 92.862595
19163 11 28 14
0.259866 -0.757843 -0.598451 83.116211
22692 12 18 17
0.987017 0.158357 0.026841 128.693359
22728 12 19 17
0.969362 -0.225880 0.096517 128.186005
24024 12 19 18
0.983576 -0.180406 0.005732 129.485596
25320 12 19 19
0.991927 -0.044164 -0.118873 128.562271
26616 12 19 20
0.919758 0.236626 -0.313136 125.559624
27912 12 19 21
0.682686 0.546475 -0.485083 120.452881
24060 12 20 18
0.763452 -0.638770 0.095466 119.209808
25356 12 20 19
0.729129 -0.679617 0.080568 121.289703
26652 12 20 20
0.729768 -0.683538 0.014641 122.292084
27948 12 20 21
0.779201 -0.592575 -0.204208 121.480370
29244 12 20 22
0.763849 -0.197893 -0.614307 118.532394
30540 12 20 23
0.586892 0.340072 -0.734785 114.167641
31836 12 20 24
0.605139 0.598727 -0.524722 109.950180
27984 12 21 21
0.382602 -0.916718 0.115081 109.260429
29280 12 21 22
0.339123 -0.940742 0.000049 110.410912
30576 12 21 23
0.310124 -0.940803 -0.136795 109.478363
31872 12 21 24
0.350752 -0.913506 -0.206104 107.499260
34464 12 21 26
0.617910 -0.743309 -0.256281 103.209045
35760 12 21 27
0.637298 -0.643464 -0.424034 98.645660
37056 12 21 28
0.575681 -0.558904 -0.596840 89.341148
38352 12 21 29
0.494987 -0.493352 -0.715257 74.410423
35796 12 22 27
0.323533 -0.887338 -0.328568 83.648071
37092 12 22 28
0.337225 -0.789962 -0.512093 74.061592
12576 12 25 9
0.684286 0.114963 0.720095 108.575012
13872 12 25 10
0.639698 0.640972 0.424194 115.856277
12612 12 26 9
0.328952 -0.655935 0.679367 102.509972
13908 12 26 10
0.197277 -0.740899 0.641989 113.799187
15204 12 26 11
0.006153 -0.741718 0.670684 120.260445
19092 12 26 14
0.241448 0.268504 -0.932528 103.039383
17832 12 27 13
0.052549 -0.878460 -0.474918 113.637535
19128 12 27 14
0.157532 -0.424606 -0.891568 101.794556
14665 13 11 11
0.482388 0.720524 0.498143 69.563629
15961 13 11 12
0.551156 0.746574 0.372632 78.361984
17257 13 11 13
0.585014 0.795905 0.155865 84.037025
18589 13 12 14
0.795441 0.593411 0.123029 102.918892
18625 13 13 14
0.914978 0.268209 0.301462 112.591698
10885 13 14 8
0.977134 0.212180 0.013744 80.255791
10921 13 15 8
0.990224 -0.130035 0.050470 80.661659
12217 13 15 9
0.991795 -0.030921 0.124040 81.913033
16177 13 17 12
0.814701 0.099095 0.571351 108.627892
17473 13 17 13
0.821217 0.182355 0.540694 121.739166
18769 13 17 14
0.853591 0.261352 0.450641 133.154129
20065 13 17 15
0.897391 0.330047 0.292845 141.127716
38209 13 17 29
0.811600 0.323261 -0.486628 103.123405
39505 13 17 30
0.600242 0.262513 -0.755510 87.265564
18805 13 18 14
0.849844 -0.033961 0.525939 135.979218
20101 13 18 15
0.928770 0.051719 0.367030 145.340347
21397 13 18 16
0.984810 0.140341 0.102247 149.554398
22693 13 18 17
0.944342 0.226530 -0.238542 148.724899
23989 13 18 18
0.772650 0.315906 -0.550650 143.983276
25285 13 18 19
0.543933 0.407935 -0.733298 136.651764
20137 13 19 15
0.846166 -0.372824 0.380797 141.915146
21433 13 19 16
0.897446 -0.415956 0.146872 147.268906
22729 13 19 17
0.874148 -0.463880 -0.143806 147.429184
24025 13 19 18
0.761147 -0.456937 -0.460287 143.999329
25321 13 19 19
0.533505 -0.261056 -0.804501 138.578476
21469 13 20 16
0.705305 -0.700796 0.106908 134.880600
22765 13 20 17
0.611226 -0.790084 -0.046579 135.477249
24061 13 20 18
0.484179 -0.865501 -0.128368 133.600922
25357 13 20 19
0.346461 -0.920164 -0.182382 131.044800
26653 13 20 20
0.191460 -0.929955 -0.313890 128.201447
27949 13 20 21
-0.022779 -0.759578 -0.650017 124.526085
37057 13 21 28
0.178633 -0.803941 -0.567246 96.993477
38353 13 21 29
0.179722 -0.673717 -0.716802 82.741669
12577 13 25 9
0.329263 -0.296464 0.896490 114.984650
13873 13 25 10
-0.758887 0.649639 -0.045389 117.466316
12613 13 26 9
-0.066118 -0.873099 0.483038 105.307961
13909 13 26 10
-0.381361 -0.856878 0.346879 112.268219
17833 13 27 13
-0.307750 -0.921541 -0.236754 111.774529
19129 13 27 14
-0.040025 -0.554119 -0.831475 102.869835
19165 13 28 14
-0.070398 -0.875979 -0.477184 86.872192
15962 14 11 12
-0.094821 0.879895 0.465612 83.215622
17258 14 11 13
-0.044295 0.969235 0.242120 90.380592
6926 14 12 5
0.638708 0.750942 0.167747 72.995674
13406 14 12 10
-0.064407 0.823856 0.563127 76.416168
15998 14 12 12
-0.046721 0.658780 0.750884 96.613686
17294 14 12 13
0.021286 0.812209 0.582978 106.617500
18590 14 12 14
0.104115 0.953734 0.282049 113.342850
19886 14 12 15
0.171785 0.983282 0.060392 116.244751
6962 14 13 5
0.791224 0.577963 0.199808 87.405693
12146 14 13 9
0.183137 0.977351 0.106044 82.185699
13442 14 13 10
0.065010 0.795748 0.602129 85.193153
16034 14 13 12
0.091937 0.320529 0.942766 103.077095
17330 14 13 13
0.159635 0.385431 0.908823 114.710121
18626 14 13 14
0.264359 0.617092 0.741155 124.852921
19922 14 13 15
0.356315 0.830733 0.427694 132.066986
21218 14 13 16
0.408228 0.895623 0.176659 136.258072
22514 14 13 17
0.459851 0.886974 0.042595 138.046600
6998 14 14 5
0.927478 0.334188 0.167640 95.848747
10886 14 14 8
0.728548 0.602995 -0.324984 90.168144
12182 14 14 9
0.550423 0.834861 0.006418 88.893860
19958 14 14 15
0.469713 0.362126 0.805130 138.967957
21254 14 14 16
0.657489 0.515159 0.549836 145.642700
22550 14 14 17
0.796560 0.569004 0.204269 149.199966
23846 14 14 18
0.860791 0.501558 -0.086472 149.693588
25142 14 14 19
0.884925 0.376286 -0.274438 147.454895
26438 14 14 20
0.891807 0.245788 -0.379826 143.094391
27734 14 14 21
0.888514 0.142739 -0.436083 137.307556
29030 14 14 22
0.876134 0.093171 -0.472978 130.596588
30326 14 14 23
0.853323 0.123542 -0.506534 123.164032
31622 14 14 24
0.809586 0.253208 -0.529581 115.080185
32918 14 14 25
0.719413 0.463036 -0.517729 106.510292
4442 14 15 3
0.619154 0.267437 0.738327 82.724068
5738 14 15 4
0.871553 0.221955 0.437185 95.172012
10922 14 15 8
0.979541 -0.038862 -0.197455 92.081284
22586 14 15 17
0.940198 -0.233737 0.247778 150.772797
23882 14 15 18
0.873868 -0.403902 -0.270587 150.413269
25178 14 15 19
0.767619 -0.446372 -0.459906 147.007950
26474 14 15 20
0.720789 -0.468612 -0.510751 141.381226
27770 14 15 21
0.710842 -0.485989 -0.508446 134.563217
29066 14 15 22
0.727205 -0.486245 -0.484498 127.479164
30362 14 15 23
0.776949 -0.439321 -0.450940 120.837334
31658 14 15 24
0.870850 -0.280747 -0.403486 115.200142
32954 14 15 25
0.941816 0.097229 -0.321760 110.934181
34250 14 15 26
0.784370 0.572565 -0.238608 107.765480
35546 14 15 27
0.523246 0.808020 -0.270771 104.201370
36842 14 15 28
0.340252 0.849252 -0.403732 97.676178
4478 14 16 3
0.702298 0.073694 0.708059 86.688354
10958 14 16 8
0.944202 -0.329061 0.014206 90.177620
34286 14 16 26
0.923034 0.205518 0.325224 112.211617
35582 14 16 27
0.732299 0.670040 0.121588 114.941628
36878 14 16 28
0.471168 0.821243 -0.321810 113.518982
38174 14 16 29
0.266605 0.710625 -0.651102 104.193260
4514 14 17 3
0.737896 -0.218459 0.638580 85.134270
5810 14 17 4
0.938978 -0.249859 0.236413 95.137238
14882 14 17 11
0.440928 0.034638 0.896874 108.085327
16178 14 17 12
0.285028 0.174806 0.942444 120.232277
17474 14 17 13
0.136688 0.314936 0.939218 132.345078
18770 14 17 14
-0.031766 0.491864 0.870092 142.560471
20066 14 17 15
-0.271524 0.715208 0.644012 149.227615
21362 14 17 16
-0.583855 0.811746 0.013497 151.505844
36914 14 17 28
0.750333 0.624127 -0.217867 122.509987
38210 14 17 29
0.328600 0.438195 -0.836664 115.232155
39506 14 17 30
0.151626 0.282597 -0.947179 97.243134
40802 14 17 31
0.086084 0.204674 -0.975037 72.252625
14918 14 18 11
0.389650 -0.346548 0.853274 105.676041
16214 14 18 12
0.237151 -0.279462 0.930408 119.361313
17510 14 18 13
0.102242 -0.177144 0.978860 133.252228
18806 14 18 14
-0.061002 -0.020589 0.997925 145.198898
20102 14 18 15
-0.416310 0.268362 0.868716 152.906067
21398 14 18 16
-0.853657 0.503883 -0.131804 155.081985
38246 14 18 29
0.263928 -0.133662 -0.955236 117.630302
39542 14 18 30
0.110631 -0.098262 -0.988992 99.419884
40838 14 18 31
0.063524 -0.080127 -0.994758 73.926773
18842 14 19 14
0.084711 -0.502493 0.860421 141.512161
20138 14 19 15
-0.003927 -0.648902 0.760862 151.090637
21434 14 19 16
-0.301668 -0.953408 0.003194 154.303818
39578 14 19 30
0.033026 -0.395448 -0.917894 93.187164
40874 14 19 31
0.025676 -0.318277 -0.947650 68.328400
21470 14 20 16
0.254084 -0.966816 0.026619 145.286697
15026 14 21 11
0.502313 -0.390939 0.771264 82.262085
16322 14 21 12
0.285634 -0.543493 0.789321 91.469566
20210 14 21 15
0.409089 -0.872082 0.268550 125.798630
21506 14 21 16
0.396024 -0.917737 -0.030387 128.063522
35762 14 21 27
-0.245099 -0.935433 -0.254739 103.365547
37058 14 21 28
-0.205920 -0.849482 -0.485775 96.402519
16358 14 22 12
0.308938 -0.177213 0.934426 86.717979
17654 14 22 13
0.378140 -0.533341 0.756676 95.002579
18950 14 22 14
0.487423 -0.751932 0.443865 103.469505
20246 14 22 15
0.516007 -0.853140 0.076740 107.855110
11246 14 24 8
0.337390 0.590454 0.733165 109.509171
11282 14 25 8
-0.086337 -0.681299 0.726896 108.070221
12578 14 25 9
-0.758487 -0.649680 0.051118 112.692863
12614 14 26 9
-0.421195 -0.882351 0.209884 100.060143
19094 14 26 14
-0.177623 0.079437 -0.980887 105.480164
19130 14 27 14
-0.225640 -0.686469 -0.691265 100.670639
20426 14 27 15
-0.000276 -0.419914 -0.907564 84.349091
27591 15 10 21
0.569045 0.765528 0.300258 93.376961
28887 15 10 22
0.709090 0.697529 0.103170 98.932426
30183 15 10 23
0.775220 0.612278 -0.155403 98.249550
5631 15 12 4
0.373803 0.758610 0.533651 77.373314
6927 15 12 5
0.424544 0.895415 0.134143 84.748703
17295 15 12 13
-0.674963 0.609163 0.416347 99.110977
19887 15 12 15
-0.543738 0.829128 0.129983 110.955521
5667 15 13 4
0.408459 0.606372 0.682257 91.570808
6963 15 13 5
0.569782 0.798184 0.195577 99.310127
19923 15 13 15
-0.729012 0.584658 0.355973 127.003166
22515 15 13 17
-0.539322 0.822226 0.181867 137.026428
19959 15 14 15
-0.831468 0.203046 0.517140 134.020905
21255 15 14 16
-0.876211 0.244002 0.415593 141.555817
22551 15 14 17
-0.905777 0.297752 0.301516 146.771027
23847 15 14 18
-0.930706 0.341050 0.132179 149.429565
25143 15 14 19
-0.927771 0.324037 -0.185044 149.437943
26439 15 14 20
-0.722359 0.129867 -0.679214 146.989471
29031 15 14 22
-0.071427 -0.234376 -0.969518 136.662048
30327 15 14 23
0.065371 -0.158465 -0.985198 129.724304
32919 15 14 25
0.199193 0.452663 -0.869148 113.377792
34215 15 14 26
0.171451 0.700429 -0.692823 104.117889
22587 15 15 17
-0.938879 -0.269753 0.213870 146.298706
23883 15 15 18
-0.888885 -0.457893 0.014752 147.883286
26475 15 15 20
-0.473636 -0.756174 -0.451519 143.104828
27771 15 15 21
-0.258539 -0.782246 -0.566788 137.831818
30363 15 15 23
-0.053409 -0.747763 -0.661814 125.674110
31659 15 15 24
-0.003688 -0.626640 -0.779300 120.287888
34251 15 15 26
-0.037491 0.857219 -0.513585 112.255173
10959 15 16 8
0.387558 0.016751 -0.921693 95.457054
12255 15 16 9
-0.647203 0.523162 0.554464 94.682419
36879 15 16 28
-0.314080 0.824128 -0.471346 114.556679
38175 15 16 29
-0.272266 0.645923 -0.713201 103.791016
4515 15 17 3
0.320738 -0.146032 0.935843 97.167999
5811 15 17 4
0.770962 -0.188035 0.608490 110.921730
36915 15 17 28
-0.699560 0.520988 -0.489068 122.519989
38211 15 17 29
-0.459347 0.316171 -0.830082 113.451942
5847 15 18 4
0.703427 -0.527224 0.476682 104.585907
13623 15 18 10
-0.193834 -0.557298 0.807371 96.972321
14919 15 18 11
-0.523491 -0.388996 0.758050 105.091652
40839 15 18 31
-0.288711 -0.101564 -0.952014 70.590538
12363 15 19 9
0.782085 -0.605157 0.148754 87.681030
13659 15 19 10
0.012282 -0.794667 0.606922 90.967239
38283 15 19 29
-0.488912 -0.518980 -0.701160 107.131088
39579 15 19 30
-0.373773 -0.407620 -0.833151 88.343231
40875 15 19 31
-0.291824 -0.331723 -0.897106 64.481377
13695 15 20 10
0.192321 -0.881968 0.430286 84.321724
38319 15 20 29
-0.430329 -0.648773 -0.627622 93.385620
39615 15 20 30
-0.350243 -0.560709 -0.750290 74.882812
20211 15 21 15
-0.182518 -0.861022 0.474688 128.377747
21507 15 21 16
-0.010779 -0.999028 0.042739 132.170059
30579 15 21 23
0.474510 -0.652729 -0.590580 112.796669
31875 15 21 24
0.290009 -0.791965 -0.537295 108.496262
33171 15 21 25
-0.042180 -0.934902 -0.352390 105.075302
34467 15 21 26
-0.303861 -0.913329 -0.271106 102.100365
20247 15 22 15
0.127174 -0.949797 0.285856 113.940498
28059 15 23 21
0.522743 -0.850289 0.061224 93.022446
29355 15 23 22
0.498430 -0.864997 -0.057861 93.157188
11247 15 24 8
-0.958749 0.084971 0.271258 108.348297
28095 15 24 21
0.488109 -0.867922 0.091980 72.862305
29391 15 24 22
0.467241 -0.884124 0.003226 74.070183
30687 15 24 23
0.464451 -0.879760 -0.101525 72.981651
9987 15 25 7
-0.230035 -0.668647 0.707103 93.489494
11283 15 25 8
-0.602451 -0.759272 0.246087 102.589844
12579 15 25 9
-0.822772 -0.521026 -0.227108 102.200516
19095 15 26 14
-0.615104 -0.109405 -0.780818 101.831947
17835 15 27 13
-0.621465 -0.741073 0.254149 96.795532
19131 15 27 14
-0.422297 -0.782329 -0.457850 95.685158
30148 16 9 23
0.407265 0.912608 -0.035787 94.464531
26296 16 10 20
0.122609 0.821144 0.557395 90.933434
27592 16 10 21
0.265739 0.830687 0.489225 104.193108
28888 16 10 22
0.442316 0.852495 0.278583 113.018089
30184 16 10 23
0.594149 0.799238 -0.090582 115.078468
31480 16 10 24
0.627016 0.656731 -0.418994 109.243507
26332 16 11 20
0.003056 0.836405 0.548103 110.498230
5632 16 12 4
0.035188 0.778598 0.626536 81.989418
6928 16 12 5
0.059452 0.991514 0.115606 89.598839
5668 16 13 4
-0.084128 0.556693 0.826447 94.692375
6964 16 13 5
-0.100177 0.969930 0.221812 102.747978
22552 16 14 17
-0.956847 0.138149 0.255652 128.168701
22588 16 15 17
-0.962723 -0.154826 0.221796 127.615677
12256 16 16 9
-0.884759 0.444449 -0.140239 90.041084
5812 16 17 4
-0.209981 0.122366 0.970018 114.822647
5848 16 18 4
0.129766 -0.412298 0.901760 112.617088
7144 16 18 5
0.855130 -0.427489 0.293269 120.661964
13624 16 18 10
-0.931519 -0.342937 0.121102 92.095329
5884 16 19 4
0.272200 -0.635062 0.722913 102.027786
7180 16 19 5
0.663771 -0.648448 0.372725 113.473839
37024 16 20 28
-0.593740 -0.634631 -0.494688 93.564987
38320 16 20 29
-0.562907 -0.571703 -0.596901 80.129204
20212 16 21 15
-0.627180 -0.436149 0.645305 121.694534
21508 16 21 16
-0.600547 -0.688016 0.407402 128.726944
30580 16 21 23
0.568239 -0.445301 -0.691962 117.108673
31876 16 21 24
0.383252 -0.567892 -0.728435 111.302902
33172 16 21 25
0.040794 -0.730426 -0.681772 105.176315
20248 16 22 15
-0.285595 -0.755041 0.590211 112.633965
29320 16 22 22
0.554029 -0.778190 -0.295757 115.619286
28060 16 23 21
0.465190 -0.885171 -0.008364 103.686668
29356 16 23 22
0.456064 -0.881728 -0.120675 102.513802
9952 16 24 7
-0.592336 -0.510325 0.623463 96.514465
11248 16 24 8
-0.896435 -0.400286 -0.190201 99.542305
28096 16 24 21
0.381563 -0.923558 0.038086 83.470276
29392 16 24 22
0.369718 -0.928834 -0.024021 83.694351
30688 16 24 23
0.400509 -0.909815 -0.108764 82.297371
9988 16 25 7
-0.542835 -0.717967 0.435722 84.987915
11284 16 25 8
-0.731015 -0.682357 -0.002378 89.681587
30724 16 25 23
0.324047 -0.945857 -0.018650 61.872288
32020 16 25 24
0.380604 -0.918900 -0.103750 60.648594
17836 16 27 13
-0.670005 -0.625725 0.399452 85.212791
19132 16 27 14
-0.587015 -0.792890 -0.163518 87.977089
20428 16 27 15
-0.239234 -0.686012 -0.687135 80.205078
19168 16 28 14
-0.384366 -0.916219 -0.113161 71.366211
30149 17 9 23
0.009836 0.998835 0.047246 100.089561
28889 17 10 22
-0.038692 0.906515 0.420396 117.066177
30185 17 10 23
0.059501 0.996808 0.053222 121.536324
31481 17 10 24
0.213507 0.892747 -0.396760 118.535782
32777 17 10 25
0.318629 0.704805 -0.633818 108.022408
26333 17 11 20
-0.227207 0.669465 0.707244 107.727531
30221 17 11 23
0.095106 0.989971 -0.104466 131.222839
31517 17 11 24
0.398799 0.380004 -0.834599 127.677872
32813 17 11 25
0.449066 0.271979 -0.851097 117.768776
6929 17 12 5
-0.387876 0.912556 0.129589 86.814117
8225 17 12 6
-0.324277 0.834505 -0.445473 83.504654
26369 17 12 20
-0.515807 0.526252 0.676019 118.535294
6965 17 13 5
-0.781824 0.582078 0.223466 97.709793
8261 17 13 6
-0.597016 0.523419 -0.607951 94.598480
7001 17 14 5
-0.970259 0.132758 0.202416 101.295387
13553 17 16 10
-0.912296 0.364831 0.186049 82.427414
14849 17 16 11
-0.912275 0.208459 0.352561 85.090149
16145 17 16 12
-0.955405 0.114797 0.272071 88.370499
17441 17 16 13
-0.988973 0.064020 0.133540 90.750771
5813 17 17 4
-0.658613 0.242953 0.712181 106.449608
5849 17 18 4
-0.471316 -0.072083 0.879014 108.620583
7145 17 18 5
-0.606457 0.270302 0.747761 121.155045
8441 17 18 6
-0.134151 0.802915 -0.580802 122.063965
5885 17 19 4
-0.197918 -0.428198 0.881745 102.722878
7181 17 19 5
-0.004615 -0.512688 0.858563 119.121590
8477 17 19 6
0.922027 -0.371925 -0.107418 124.346344
24065 17 20 18
-0.663965 0.687477 0.294152 127.069016
25361 17 20 19
-0.438439 0.865072 0.243766 129.272156
27953 17 20 21
0.324929 0.801445 -0.502104 129.037994
29249 17 20 22
0.448358 0.425372 -0.786151 126.155701
30545 17 20 23
0.409643 0.099052 -0.906852 121.805244
31841 17 20 24
0.210413 -0.256907 -0.943252 116.459229
33137 17 20 25
-0.124938 -0.545253 -0.828908 110.235069
34433 17 20 26
-0.371848 -0.630728 -0.681111 102.697495
35729 17 20 27
-0.491001 -0.615599 -0.616405 93.031456
20213 17 21 15
-0.669374 -0.060123 0.740489 110.941109
21509 17 21 16
-0.745044 -0.058993 0.664401 120.936333
22805 17 21 17
-0.777420 -0.112115 0.618909 126.937294
24101 17 21 18
-0.631723 -0.336272 0.698461 130.139236
27989 17 21 21
0.665703 -0.410575 -0.623112 130.039078
20249 17 22 15
-0.437858 -0.429944 0.789575 107.138878
21545 17 22 16
-0.322211 -0.709576 0.626644 116.362679
26729 17 22 20
0.418608 -0.907153 -0.042912 125.966125
28025 17 22 21
0.450710 -0.870374 -0.198267 124.697594
8621 17 23 6
-0.273602 -0.548447 0.790157 85.993683
9917 17 23 7
-0.516446 -0.754882 0.404272 96.063438
11213 17 23 8
-0.563835 -0.628962 -0.535254 95.332794
7361 17 24 5
-0.314940 -0.467384 0.826054 57.042706
8657 17 24 6
-0.470874 -0.561084 0.680781 74.782051
9953 17 24 7
-0.676950 -0.662136 0.321426 85.632469
11249 17 24 8
-0.754786 -0.620725 -0.212129 86.613716
26801 17 24 20
0.270357 -0.962759 0.001677 90.795212
28097 17 24 21
0.241058 -0.970510 0.001501 90.871544
11285 17 25 8
-0.724507 -0.685698 -0.070048 73.021965
33317 17 25 25
0.288174 -0.921270 -0.261185 64.288055
34613 17 25 26
0.261362 -0.817062 -0.513907 56.948940
35909 17 25 27
0.186691 -0.667747 -0.720597 45.771950
19097 17 26 14
-0.885050 -0.380252 0.268505 86.074638
20393 17 26 15
-0.523375 -0.669081 -0.527644 84.739029
19133 17 27 14
-0.668788 -0.738400 0.086534 77.795143
20429 17 27 15
-0.409974 -0.794095 -0.448702 74.558029
30186 18 10 23
-0.430147 0.895938 0.110763 117.688652
31482 18 10 24
-0.381374 0.897123 -0.222990 116.716560
32778 18 10 25
-0.199033 0.834124 -0.514416 109.512474
34074 18 10 26
-0.001690 0.737922 -0.674884 96.449806
26334 18 11 20
-0.199091 0.599947 0.774872 102.959435
27630 18 11 21
-0.285473 0.631443 0.720961 116.510803
32814 18 11 25
-0.239304 0.405144 -0.882379 119.957954
34110 18 11 26
0.094888 0.409191 -0.907502 108.239052
35406 18 11 27
0.253396 0.430832 -0.866126 92.053642
6930 18 12 5
-0.697001 0.698707 0.161240 77.032059
34146 18 12 26
0.201018 -0.185938 -0.961779 109.963097
6966 18 13 5
-0.933717 0.273720 0.230761 85.566429
19998 18 15 15
-0.949277 0.306573 0.069897 76.771690
21294 18 15 16
-0.912135 0.184989 0.365771 79.895798
18738 18 16 14
-0.966903 0.069959 -0.245364 79.991165
23922 18 16 18
-0.501639 -0.052789 0.863465 98.899574
25218 18 16 19
-0.256607 -0.104904 0.960806 109.771683
26550 18 17 20
0.154289 0.018375 0.987855 117.063301
27846 18 17 21
0.788026 0.142216 0.598991 120.800072
29142 18 17 22
0.824457 0.395669 -0.404619 120.871361
30438 18 17 23
0.618797 0.551172 -0.559733 119.065819
7146 18 18 5
-0.759270 0.352787 0.546854 110.462280
8442 18 18 6
-0.691901 0.721977 0.004737 116.037758
29178 18 18 22
0.489476 0.749684 -0.445407 122.172462
30474 18 18 23
0.357991 0.444334 -0.821224 120.611069
31770 18 18 24
0.262760 0.066504 -0.962567 118.478897
33066 18 18 25
0.005814 -0.417917 -0.908467 115.918976
7182 18 19 5
-0.568686 -0.090873 0.817520 113.445045
8478 18 19 6
-0.770980 0.372573 0.516506 123.558899
9774 18 19 7
-0.129943 0.692228 -0.709884 121.895348
26622 18 19 20
-0.265245 0.807135 0.527426 122.811279
7218 18 20 5
-0.290891 -0.467204 0.834927 106.863930
8514 18 20 6
-0.202236 -0.616121 0.761246 121.381386
9810 18 20 7
0.501131 -0.531176 -0.683169 124.034332
25362 18 20 19
-0.449549 0.766518 0.458646 125.565979
26658 18 20 20
-0.361757 0.885719 0.290919 128.634048
24102 18 21 18
-0.676356 0.330940 0.658043 126.365944
25398 18 21 19
-0.663477 0.340232 0.666363 130.274368
22842 18 22 17
-0.449264 -0.589936 0.670923 119.258110
24138 18 22 18
-0.293858 -0.820699 0.490001 124.322800
25434 18 22 19
-0.075267 -0.960555 0.267710 127.352959
26730 18 22 20
0.129026 -0.990325 0.051075 128.603043
26802 18 24 20
0.110491 -0.993802 -0.012217 95.265083
25542 18 25 19
0.089585 -0.986181 -0.139358 73.024895
26838 18 25 20
0.078578 -0.994828 -0.064364 70.569160
34614 18 25 26
0.030343 -0.824784 -0.564633 59.750011
35910 18 25 27
-0.030763 -0.640217 -0.767578 47.204994
19098 18 26 14
-0.786637 -0.455351 0.416962 75.289413
20394 18 26 15
-0.683222 -0.725098 -0.086256 77.754257
20430 18 27 15
-0.553955 -0.810566 -0.190044 66.253571
27631 19 11 21
-0.178428 0.781994 0.597200 112.864296
32815 19 11 25
-0.746506 0.486440 -0.453988 113.238495
34111 19 11 26
-0.508202 0.549800 -0.662911 104.965111
35407 19 11 27
-0.223250 0.584785 -0.779862 92.698364
6931 19 12 5
-0.838463 0.511800 0.187189 62.116684
34147 19 12 26
-0.507307 -0.005184 -0.861750 108.850639
35443 19 12 27
-0.151281 0.252162 -0.955787 99.323235
6967 19 13 5
-0.958117 0.146920 0.245819 68.558250
8263 19 13 6
-0.955970 0.227965 -0.184807 69.159065
7003 19 14 5
-0.961259 -0.070007 0.266607 68.828720
8299 19 14 6
-0.994943 -0.025424 -0.097168 70.486488
38107 19 14 29
0.137719 0.077278 -0.987452 77.785927
39403 19 14 30
0.101756 0.054936 -0.993291 60.587421
14815 19 15 11
0.065142 0.801089 0.594990 75.765762
38143 19 15 29
0.061666 0.013391 -0.998007 78.437599
39439 19 15 30
0.018819 -0.054483 -0.998337 60.479580
25219 19 16 19
0.372308 0.002252 0.928106 111.099007
26515 19 16 20
0.685834 -0.056365 0.725572 121.395515
36883 19 16 28
0.093257 0.083467 -0.992137 94.303223
30439 19 17 23
0.764309 0.010450 -0.644765 121.647079
35623 19 17 27
0.165426 -0.117021 -0.979255 106.649689
36919 19 17 28
0.028609 -0.174816 -0.984185 93.743927
34363 19 18 26
-0.005368 -0.682026 -0.731309 111.017029
35659 19 18 27
-0.012364 -0.558315 -0.829537 102.203285
9775 19 19 7
-0.671537 0.733009 -0.108331 116.160942
34399 19 19 26
-0.190633 -0.712699 -0.675070 102.916870
35695 19 19 27
-0.132553 -0.675179 -0.725646 92.000031
8515 19 20 6
-0.646487 -0.217377 0.731302 114.019463
9811 19 20 7
-0.947897 0.029433 0.317215 122.075363
11107 19 20 8
-0.013953 0.440727 -0.897533 118.844856
9847 19 21 7
-0.328491 -0.820799 0.467315 116.476944
11143 19 21 8
0.253692 -0.824235 -0.506238 117.264862
20251 19 22 15
-0.174829 -0.234558 0.956252 97.869102
21547 19 22 16
-0.442574 -0.286541 0.849719 106.661308
22843 19 22 17
-0.525456 -0.398202 0.751885 114.383224
31951 19 23 24
0.059273 -0.717631 -0.693896 109.923424
33247 19 23 25
-0.098199 -0.431089 -0.896950 97.342484
24211 19 24 18
-0.183053 -0.982172 0.042781 95.304214
34579 19 24 26
-0.202357 -0.550461 -0.809966 71.732216
24247 19 25 18
-0.178140 -0.972693 -0.148775 75.824310
25543 19 25 19
-0.091356 -0.989902 -0.108389 72.917191
34615 19 25 26
-0.212637 -0.785895 -0.580649 57.865913
20395 19 26 15
-0.708485 -0.698577 0.100195 67.953529
21691 19 26 16
-0.535562 -0.822374 -0.192024 67.038918
20431 19 27 15
-0.641225 -0.767159 -0.017261 55.565834
21727 19 27 16
-0.485569 -0.828116 -0.280084 52.692822
27632 20 11 21
-0.090574 0.932981 0.348343 110.938477
28928 20 11 22
-0.379664 0.923357 -0.057157 113.090202
35408 20 11 27
-0.597654 0.611285 -0.518787 84.305649
35444 20 12 27
-0.663156 0.417230 -0.621404 93.477707
36740 20 12 28
-0.457167 0.466795 -0.757034 82.696556
36776 20 13 28
-0.414592 0.273108 -0.868058 88.137482
38072 20 13 29
-0.270649 0.252786 -0.928896 74.743675
39368 20 13 30
-0.180255 0.220878 -0.958499 57.899940
10892 20 14 8
-0.942089 0.332623 0.042790 52.015881
38108 20 14 29
-0.202440 0.090851 -0.975071 77.377304
39404 20 14 30
-0.160614 0.034355 -0.986419 60.152313
14816 20 15 11
-0.192345 0.706520 0.681053 75.477280
16112 20 15 12
0.006720 0.984409 0.175768 79.919792
26480 20 15 20
0.753718 0.175220 0.633409 129.849686
27776 20 15 21
0.991161 0.127807 0.035581 134.244781
29072 20 15 22
0.866005 0.108431 -0.488138 131.615067
16148 20 16 12
0.500639 0.195020 0.843402 84.570312
29108 20 16 22
0.885883 -0.103585 -0.452197 131.762161
30404 20 16 23
0.817265 0.014073 -0.576090 126.889168
31700 20 16 24
0.824223 0.242451 -0.511736 122.588348
32996 20 16 25
0.742337 0.481131 -0.466315 119.350792
34328 20 17 26
0.536525 -0.258865 -0.803200 116.906616
35624 20 17 27
0.282853 -0.185730 -0.941009 109.229782
8516 20 20 6
-0.749310 -0.027322 0.661655 97.829834
9812 20 20 7
-0.862248 0.192644 0.468419 110.928200
11108 20 20 8
-0.755509 0.649189 -0.088088 114.528313
9848 20 21 7
-0.627639 -0.457526 0.629872 108.110191
11144 20 21 8
-0.677626 -0.635898 0.369401 115.833893
12440 20 21 9
0.398123 -0.206432 -0.893803 114.693848
20252 20 22 15
0.151636 -0.584830 0.796856 97.710587
29324 20 22 22
0.150941 -0.766731 -0.623972 131.440308
30620 20 22 23
-0.164344 -0.280936 -0.945551 125.236389
33212 20 22 25
-0.313091 -0.107989 -0.943564 97.531303
30656 20 23 23
-0.172995 -0.891656 -0.418356 117.192749
31952 20 23 24
-0.313328 -0.625719 -0.714354 107.778519
33248 20 23 25
-0.363499 -0.394821 -0.843792 92.798569
34544 20 23 26
-0.359051 -0.278858 -0.890685 73.932236
30692 20 24 23
-0.157167 -0.977877 -0.138043 97.900841
31988 20 24 24
-0.276728 -0.884995 -0.374439 91.969879
33284 20 24 25
-0.369640 -0.703433 -0.607082 80.703880
34580 20 24 26
-0.400102 -0.514810 -0.758214 65.093369
22952 20 25 17
-0.483544 -0.875086 -0.020233 70.962074
24248 20 25 18
-0.339787 -0.939136 -0.050680 70.130669
26337 21 11 20
0.047069 0.834246 0.549380 102.794365
28929 21 11 22
-0.360686 0.892788 -0.269881 106.863434
26373 21 12 20
0.135073 0.689009 0.712054 116.780602
27669 21 12 21
-0.054119 0.987882 0.145464 123.508682
36741 21 12 28
-0.688863 0.481599 -0.541784 71.718925
38037 21 12 29
-0.582109 0.457366 -0.672284 59.582096
36777 21 13 28
-0.658208 0.380355 -0.649686 79.569977
38073 21 13 29
-0.572874 0.302051 -0.761959 66.902679
39369 21 13 30
-0.470323 0.239414 -0.849398 51.553623
38109 21 14 29
-0.462490 0.203532 -0.862947 71.399490
39405 21 14 30
-0.400969 0.101795 -0.910418 54.674736
14817 21 15 11
-0.559052 0.547290 0.622844 70.603302
16113 21 15 12
-0.499448 0.821771 0.274307 77.071396
17409 21 15 13
-0.316116 0.926832 -0.202616 77.315315
26481 21 15 20
0.695423 0.341394 0.632327 140.015213
27777 21 15 21
0.928581 0.355334 -0.107116 143.500107
16149 21 16 12
-0.630727 0.326718 0.703874 83.379372
17445 21 16 13
-0.462527 0.871066 -0.165264 85.584488
30405 21 16 23
0.738859 -0.018709 -0.673600 133.956223
31701 21 16 24
0.765266 0.162346 -0.622906 128.484467
32997 21 16 25
0.660744 0.443849 -0.605323 124.242104
17481 21 17 13
0.009087 -0.526411 0.850182 86.948143
34329 21 17 26
0.564453 -0.305571 -0.766824 120.625481
35625 21 17 27
0.279576 -0.127798 -0.951580 112.556519
9813 21 20 7
-0.840644 0.229206 0.490696 91.831795
11145 21 21 8
-0.828696 -0.111082 0.548565 105.570290
12441 21 21 9
-0.935674 0.216650 0.278525 111.718819
18921 21 21 14
0.900285 0.401585 0.167979 99.675674
20217 21 21 15
0.673816 0.197101 0.712126 101.485680
12477 21 22 9
-0.383527 -0.818428 0.427882 106.738045
13773 21 22 10
0.044967 -0.998972 -0.005691 109.663818
29325 21 22 22
-0.382612 -0.682818 -0.622388 130.158615
30621 21 22 23
-0.474076 -0.351913 -0.807099 121.092674
31917 21 22 24
-0.469515 -0.230921 -0.852192 107.154549
28065 21 23 21
-0.208145 -0.977319 0.039039 118.986122
29361 21 23 22
-0.347848 -0.917111 -0.194705 117.521431
30657 21 23 23
-0.480474 -0.751809 -0.451583 110.924690
31953 21 23 24
-0.531458 -0.555210 -0.639761 98.995621
33249 21 23 25
-0.513008 -0.420341 -0.748423 82.788933
30693 21 24 23
-0.394312 -0.892948 -0.217168 90.596840
31989 21 24 24
-0.483479 -0.776669 -0.403774 82.310631
26338 22 11 20
-0.123945 0.912602 0.389609 102.233322
30226 22 11 23
-0.493978 0.749117 -0.441372 88.343269
27670 22 12 21
-0.379648 0.918961 -0.106667 120.448395
27706 22 13 21
-0.340248 0.934712 -0.102689 132.166397
29002 22 13 22
-0.403213 0.739403 -0.539169 127.381210
29038 22 14 22
-0.216844 0.726758 -0.651768 136.638626
30334 22 14 23
-0.215415 0.682854 -0.698074 128.255829
16114 22 15 12
-0.750852 0.593032 0.290747 67.085991
26482 22 15 20
0.341981 0.677290 0.651404 146.665756
30370 22 15 23
0.101178 0.601505 -0.792436 135.728592
31666 22 15 24
0.090194 0.714701 -0.693590 128.171677
32962 22 15 25
0.031124 0.780302 -0.624628 120.946007
16150 22 16 12
-0.837583 0.265239 0.477601 74.385979
17446 22 16 13
-0.859669 0.487263 0.153441 79.018211
18742 22 16 14
-0.679285 0.730717 -0.068001 79.206017
17482 22 17 13
-0.905070 0.151972 0.397181 82.523087
18778 22 17 14
-0.850132 0.497663 0.172067 84.842758
26554 22 17 20
0.873390 -0.097362 0.477190 153.413757
35626 22 17 27
0.167483 0.041437 -0.985004 115.347565
25294 22 18 19
0.573684 -0.136471 0.807628 142.015839
36958 22 18 28
0.174445 -0.368522 -0.913105 96.987236
38254 22 18 29
0.103031 -0.236553 -0.966140 76.765808
36994 22 19 28
0.240738 -0.655160 -0.716108 85.941620
38290 22 19 29
0.187275 -0.506268 -0.841796 67.929787
20182 22 20 15
-0.322455 0.626397 0.709683 99.905098
12442 22 21 9
-0.901042 0.211094 0.378896 97.661194
20218 22 21 15
-0.731843 -0.270096 0.625663 101.542877
12478 22 22 9
-0.761761 -0.397367 0.511683 95.681450
13774 22 22 10
-0.855712 -0.415935 0.307824 103.468147
15070 22 22 11
-0.894299 -0.442306 -0.067788 105.240883
18958 22 22 14
-0.588535 -0.788882 -0.176894 96.584641
26734 22 22 20
-0.339622 -0.927370 0.156976 129.983688
28030 22 22 21
-0.493196 -0.841660 -0.219922 129.469467
29326 22 22 22
-0.572649 -0.648261 -0.501827 123.053802
30622 22 22 23
-0.571839 -0.497917 -0.651980 111.657883
13810 22 23 10
-0.451444 -0.844083 0.289348 90.792099
15106 22 23 11
-0.403730 -0.914422 0.028896 94.121124
16402 22 23 12
-0.360595 -0.913724 -0.187295 92.544632
17698 22 23 13
-0.363258 -0.897606 -0.249693 88.559830
28066 22 23 21
-0.448088 -0.891050 -0.072429 111.168434
29362 22 23 22
-0.548347 -0.794384 -0.261284 106.837997
30658 22 23 23
-0.604915 -0.672722 -0.426056 97.786133
31954 22 23 24
-0.603709 -0.572833 -0.554435 84.901665
16438 22 24 12
-0.246333 -0.965926 -0.079421 72.956787
17734 22 24 13
-0.303548 -0.940942 -0.149956 70.223640
26303 23 10 20
-0.253600 0.964358 0.075498 79.116638
30263 23 12 23
-0.537669 0.695009 -0.477362 93.315941
31559 23 12 24
-0.522009 0.724002 -0.450918 81.952332
30299 23 13 23
-0.521787 0.700281 -0.487180 109.147453
31595 23 13 24
-0.475147 0.747534 -0.464143 98.951233
30335 23 14 23
-0.447749 0.735210 -0.508907 122.848694
31631 23 14 24
-0.388712 0.789381 -0.475164 114.239006
23891 23 15 18
-0.087772 0.385668 0.918453 114.373238
25187 23 15 19
-0.097766 0.491393 0.865433 135.501022
26483 23 15 20
-0.202841 0.830052 0.519489 147.235703
31667 23 15 24
-0.232149 0.824610 -0.515873 127.041779
32963 23 15 25
-0.189738 0.828385 -0.527047 119.692230
23927 23 16 18
-0.135229 0.268617 0.953708 122.815880
26519 23 16 20
-0.098347 0.685082 0.721797 155.275269
34295 23 16 26
-0.068586 0.669686 -0.739470 121.939125
18779 23 17 14
-0.914871 0.298968 0.271348 74.242096
20075 23 17 15
-0.792653 0.406873 0.454044 79.366997
23963 23 17 18
-0.174812 0.107080 0.978762 127.216743
25259 23 17 19
-0.111276 0.056373 0.992189 146.895264
26555 23 17 20
0.059441 0.088262 0.994322 158.591232
35627 23 17 27
-0.041727 0.212013 -0.976376 116.220451
20111 23 18 15
-0.800261 0.319826 0.507241 84.468033
23999 23 18 18
-0.220679 -0.004859 0.975334 128.166153
25295 23 18 19
-0.144062 -0.168508 0.975116 145.868515
26591 23 18 20
0.060398 -0.534658 0.842908 156.711990
27887 23 18 21
0.578651 -0.725739 -0.372109 158.577286
29183 23 18 22
0.588016 -0.413418 -0.695214 153.442398
36959 23 18 28
0.005474 -0.222385 -0.974943 98.905060
38255 23 18 29
-0.050304 -0.118776 -0.991646 77.497459
39551 23 18 30
-0.071474 -0.072910 -0.994774 54.066589
20147 23 19 15
-0.799388 0.313600 0.512479 89.001198
27923 23 19 21
0.141139 -0.932757 -0.331729 152.307266
38291 23 19 29
0.062975 -0.425034 -0.902984 71.045898
39587 23 19 30
0.019001 -0.315616 -0.948697 49.662571
20183 23 20 15
-0.861947 0.200627 0.465614 92.925835
20219 23 21 15
-0.922437 -0.184745 0.339086 93.347488
25403 23 21 19
-0.629631 -0.628697 0.456404 130.637726
26699 23 21 20
-0.679684 -0.730971 0.060918 134.883743
15071 23 22 11
-0.986477 -0.138778 0.087203 89.564453
18959 23 22 14
-0.884220 -0.465720 -0.035495 86.036377
20255 23 22 15
-0.782878 -0.604498 0.147257 86.892944
24143 23 22 18
-0.521144 -0.741387 0.422794 108.945389
25439 23 22 19
-0.566580 -0.782138 0.259322 116.824806
26735 23 22 20
-0.625937 -0.779787 0.011654 120.012283
28031 23 22 21
-0.650327 -0.727357 -0.219150 117.346634
15107 23 23 11
-0.789250 -0.607302 0.090929 80.789017
16403 23 23 12
-0.769591 -0.631247 -0.096210 80.592133
17699 23 23 13
-0.725515 -0.666621 -0.171008 77.441704
28067 23 23 21
-0.598789 -0.788649 -0.139589 96.142990
15143 23 24 11
-0.564127 -0.820248 0.094626 62.943317
16439 23 24 12
-0.562351 -0.823883 -0.070557 63.129612
25008 24 10 19
-0.306527 0.864694 0.397928 68.487091
26304 24 10 20
-0.413361 0.908584 -0.060061 71.938438
25044 24 11 19
-0.315051 0.772913 0.550770 84.974442
26340 24 11 20
-0.478188 0.878149 -0.013788 90.213188
31596 24 13 24
-0.502335 0.779751 -0.373695 87.620781
32892 24 13 25
-0.437444 0.814375 -0.381360 78.746803
32928 24 14 25
-0.383194 0.838650 -0.387076 97.910362
23892 24 15 18
-0.270201 0.286330 0.919242 109.343224
25188 24 15 19
-0.312048 0.415386 0.854447 131.067001
26556 24 17 20
-0.669729 0.003881 0.742595 154.209412
27852 24 17 21
-0.939931 0.331535 0.081334 159.036163
35628 24 17 27
-0.262918 0.285039 -0.921752 113.653793
26592 24 18 20
-0.692490 -0.362443 0.623772 151.248398
27888 24 18 21
-0.731716 -0.649942 0.205349 157.014297
29184 24 18 22
-0.284968 -0.752238 -0.594081 155.709534
30480 24 18 23
0.197936 -0.542623 -0.816322 150.293335
35664 24 18 27
-0.167740 -0.195548 -0.966242 114.748177
36960 24 18 28
-0.224927 -0.075422 -0.971452 96.643883
38256 24 18 29
-0.231372 -0.017352 -0.972711 74.104408
26628 24 19 20
-0.745500 -0.512339 0.426308 143.328033
27924 24 19 21
-0.631566 -0.770132 0.089564 147.996765
29220 24 19 22
-0.321361 -0.910375 -0.260660 146.664413
30516 24 19 23
0.010215 -0.899902 -0.435972 141.481873
35700 24 19 27
0.017276 -0.637911 -0.769916 107.417519
36996 24 19 28
-0.087664 -0.445059 -0.891200 91.062454
37032 24 20 28
0.055129 -0.683579 -0.727792 78.412643
21516 24 21 16
-0.881894 -0.217477 0.418289 84.127487
22812 24 21 17
-0.831896 -0.291368 0.472286 94.627495
24108 24 21 18
-0.826424 -0.378624 0.416734 105.775192
25404 24 21 19
-0.837506 -0.482855 0.255803 114.527565
21552 24 22 16
-0.803959 -0.508175 0.308882 75.711273
24144 24 22 18
-0.744000 -0.600545 0.292932 92.809433
25440 24 22 19
-0.758327 -0.635437 0.145468 99.115730
25045 25 11 19
-0.470412 0.786767 0.399638 77.089989
26341 25 11 20
-0.540503 0.832516 -0.121548 79.828186
25081 25 12 19
-0.408440 0.728017 0.550607 92.164497
26377 25 12 20
-0.509618 0.857500 -0.070596 96.801086
34261 25 15 26
-0.371226 0.768756 -0.520774 98.574135
34297 25 16 26
-0.422367 0.631598 -0.650146 113.212746
29185 25 18 22
-0.780622 -0.624254 0.030616 150.046906
30481 25 18 23
-0.676719 -0.580714 -0.452573 148.102921
31777 25 18 24
-0.517537 -0.403318 -0.754646 142.790710
33073 25 18 25
-0.466840 -0.254083 -0.847055 135.002884
29221 25 19 22
-0.596884 -0.798325 0.080040 137.970673
30517 25 19 23
-0.443671 -0.887442 -0.124912 137.604263
31813 25 19 24
-0.310631 -0.893459 -0.324406 133.871933
33109 25 19 25
-0.266471 -0.814516 -0.515322 127.402519
30553 25 20 23
-0.414611 -0.908171 -0.057655 117.881500
31849 25 20 24
-0.263441 -0.952766 -0.151114 115.389435
33145 25 20 25
-0.167725 -0.948210 -0.269752 110.802971
37033 25 20 28
-0.213295 -0.558208 -0.801816 76.804344
26378 26 12 20
-0.526842 0.844114 -0.099545 86.203079
25118 26 13 19
-0.438078 0.652244 0.618600 97.737411
26414 26 13 20
-0.463566 0.885989 0.011429 104.396004
25154 26 14 19
-0.381083 0.441841 0.812128 109.380196
26450 26 14 20
-0.436670 0.863142 0.253585 120.018219
26486 26 15 20
-0.500874 0.558335 0.661353 130.606766
35558 26 15 27
-0.420735 0.610833 -0.670720 75.998940
35594 26 16 27
-0.500709 0.413241 -0.760606 87.915596
33074 26 18 25
-0.759738 -0.155807 -0.631287 126.158577
33110 26 19 25
-0.663914 -0.617959 -0.421123 118.939857
33146 26 20 25
-0.508744 -0.837674 -0.198701 103.087021
37034 26 20 28
-0.482848 -0.400799 -0.778600 68.924751
34478 26 21 26
-0.387724 -0.889251 -0.242700 77.952385
35774 26 21 27
-0.386318 -0.787506 -0.480201 70.030434
37070 26 21 28
-0.366162 -0.635168 -0.680064 57.619671
35810 26 22 27
-0.261932 -0.903170 -0.340111 52.042530
26379 27 12 20
-0.578434 0.812901 -0.067870 73.142326
25119 27 13 19
-0.565544 0.632545 0.529194 86.348854
26415 27 13 20
-0.559169 0.827957 0.042636 93.392616
25155 27 14 19
-0.521429 0.421239 0.742071 99.326393
26451 27 14 20
-0.581892 0.767172 0.269905 111.124207
26487 27 15 20
-0.629267 0.429499 0.647730 122.493576
27783 27 15 21
-0.558298 0.817443 -0.141741 126.566742
35559 27 15 27
-0.547839 0.548077 -0.632048 65.121033
35595 27 16 27
-0.616990 0.320722 -0.718652 74.909424
33111 27 19 25
-0.792071 -0.493255 -0.359615 102.861771
33147 27 20 25
-0.702432 -0.691044 -0.170430 87.909554
34479 27 21 26
-0.642591 -0.736089 -0.212720 65.847275
35775 27 21 27
-0.649201 -0.623380 -0.435816 58.652584
37071 27 21 28
-0.603660 -0.494138 -0.625637 47.488102
35811 27 22 27
-0.528221 -0.788198 -0.315793 44.140656
26488 28 15 20
-0.767609 0.354928 0.533669 108.824959
27784 28 15 21
-0.767025 0.640938 -0.029534 114.476639
35560 28 15 27
-0.666416 0.472221 -0.576973 52.119419
26524 28 16 20
-0.686864 -0.124299 0.716078 111.435669
27820 28 16 21
-0.949911 0.117291 0.289676 122.319336
29116 28 16 22
-0.843118 0.406874 -0.351576 121.295151
35596 28 16 27
-0.712424 0.239010 -0.659793 59.725708
27856 28 17 21
-0.737540 -0.497757 0.456368 117.998077
29152 28 17 22
-0.936140 -0.344498 -0.070445 122.031769
34336 28 17 26
-0.786513 0.076120 -0.612865 78.452316
27821 29 16 21
-0.968381 0.112254 0.222795 102.976112
29117 29 16 22
-0.933080 0.282674 -0.222389 102.764511
27857 29 17 21
-0.856666 -0.368742 0.360767 99.632591
29153 29 17 22
-0.965943 -0.250528 -0.064730 103.331985
30449 29 17 23
-0.915751 -0.085435 -0.392558 97.608582
33041 29 17 25
-0.834861 0.038630 -0.549103 72.618660
34337 29 17 26
-0.819644 0.020929 -0.572491 58.934097
29189 29 18 22
-0.777628 -0.623798 0.078556 92.036331
30485 29 18 23
-0.836408 -0.499974 -0.224603 90.005302
31781 29 18 24
-0.843626 -0.349330 -0.407754 81.630844
30521 29 19 23
-0.711206 -0.699311 -0.071761 73.657143
29154 30 17 22
-0.986265 -0.157606 -0.049409 79.085335
29190 30 18 22
-0.868101 -0.494851 0.039036 70.197701
30486 30 18 23
-0.885778 -0.407487 -0.222153 67.652817
