2.000000
48 48 48
11.752218 27.887974 35.185827
-36.247780 -20.112026 -12.814173
101.846580 3605.331894 810.374002
54249 9 26 23
0.794163 0.324081 -0.514079 77.675690
51993 9 27 22
0.997887 0.058137 -0.029025 88.614906
54297 9 27 23
0.833753 0.084434 -0.545644 82.407059
56601 9 27 24
0.569702 0.090004 -0.816908 66.888008
54345 9 28 23
0.835103 -0.246470 -0.491789 80.689667
56649 9 28 24
0.587728 -0.141621 -0.796568 66.334709
54058 10 22 23
0.879085 0.033056 -0.475517 82.318848
56362 10 22 24
0.728705 0.039747 -0.683674 66.970093
49642 10 26 21
0.808627 0.418985 0.413006 98.648689
51946 10 26 22
0.833249 0.496934 -0.242390 100.907066
54250 10 26 23
0.517449 0.344198 -0.783438 91.393990
49690 10 27 21
0.900458 0.078370 0.427825 103.941010
51994 10 27 22
0.946540 0.112451 -0.302352 105.957954
54298 10 27 23
0.504888 0.097796 -0.857627 95.895607
56602 10 27 24
0.261575 0.079890 -0.961871 76.468666
49738 10 28 21
0.830177 -0.399329 0.389027 100.525635
52042 10 28 22
0.859855 -0.466915 -0.206496 103.095848
54346 10 28 23
0.524597 -0.289101 -0.800761 94.198891
54394 10 29 23
0.550679 -0.561961 -0.617213 86.282944
56698 10 29 24
0.333005 -0.314285 -0.889007 71.066093
54442 10 30 23
0.606249 -0.675897 -0.419076 74.985291
56746 10 30 24
0.431125 -0.438461 -0.788596 63.508991
54490 10 31 23
0.664823 -0.703270 -0.251837 62.917564
54538 10 32 23
0.685628 -0.713213 -0.145747 50.961121
47099 11 21 20
0.963963 -0.004967 0.265989 111.598488
49403 11 21 21
0.977528 0.210793 -0.002454 114.498451
51707 11 21 22
0.885737 0.325954 -0.330491 110.891296
54011 11 21 23
0.731483 0.327640 -0.597984 99.496277
56315 11 21 24
0.584205 0.279008 -0.762141 81.044426
47147 11 22 20
0.773051 -0.443558 0.453484 106.093330
49451 11 22 21
0.925796 -0.325892 0.191560 113.096527
51755 11 22 22
0.945367 -0.178133 -0.273037 112.486908
54059 11 22 23
0.764780 -0.071046 -0.640363 102.602623
56363 11 22 24
0.586488 -0.027024 -0.809507 84.357452
54107 11 23 23
0.698711 -0.285904 -0.655791 98.275597
49643 11 26 21
0.597227 0.697167 0.396583 110.224960
51947 11 26 22
0.438601 0.652955 -0.617478 109.475594
54251 11 26 23
0.181884 0.269272 -0.945733 97.581955
47387 11 27 20
0.675676 0.178875 0.715168 107.432999
49691 11 27 21
0.881352 0.273798 0.385037 116.561172
51995 11 27 22
0.472115 0.210118 -0.856129 114.435150
54299 11 27 23
0.104918 0.081149 -0.991165 101.088318
49739 11 28 21
0.771067 -0.574690 0.274202 114.166565
52043 11 28 22
0.484982 -0.567909 -0.665035 112.270592
54347 11 28 23
0.125762 -0.241617 -0.962188 99.689568
54491 11 31 23
0.535624 -0.729163 -0.425943 72.537125
54539 11 32 23
0.606982 -0.746779 -0.271834 61.385910
37788 12 19 16
0.660100 0.334924 0.672380 85.737595
40092 12 19 17
0.720415 0.540782 0.434231 98.723190
40140 12 20 17
0.716654 -0.151359 0.680807 103.304947
42444 12 20 18
0.847024 0.083956 0.524882 113.800743
44748 12 20 19
0.829917 0.491802 0.263377 119.299721
47052 12 20 20
0.664765 0.746813 0.018904 121.174835
42492 12 21 18
0.462361 -0.640741 0.612921 107.610420
44796 12 21 19
0.549984 -0.558336 0.621110 118.271416
47100 12 21 20
0.781763 -0.267366 0.563349 125.736092
49404 12 21 21
0.966970 0.244974 0.070407 129.123947
51708 12 21 22
0.756193 0.423663 -0.498680 126.156372
54012 12 21 23
0.542029 0.367803 -0.755596 114.629402
56316 12 21 24
0.408295 0.293670 -0.864322 94.667007
58620 12 21 25
0.325128 0.238688 -0.915052 69.717316
44844 12 22 19
0.238002 -0.752379 0.614233 105.109459
47148 12 22 20
0.307978 -0.736489 0.602273 117.283264
49452 12 22 21
0.551320 -0.737921 0.389255 125.182671
51756 12 22 22
0.779318 -0.515467 -0.356311 125.768944
54060 12 22 23
0.584003 -0.188667 -0.789522 116.519829
56364 12 22 24
0.437503 -0.065064 -0.896860 97.606834
58668 12 22 25
0.357978 -0.014938 -0.933610 72.749992
51804 12 23 22
0.566778 -0.809169 -0.154946 117.017784
54108 12 23 23
0.526866 -0.484407 -0.698400 109.825485
47388 12 27 20
0.559731 0.461695 0.688142 117.656067
49692 12 27 21
0.556776 0.821624 -0.122207 122.009216
51996 12 27 22
0.037489 0.226482 -0.973294 116.352287
45132 12 28 19
0.673029 -0.201429 0.711659 105.859711
47436 12 28 20
0.726737 -0.384387 0.569298 118.178459
49740 12 28 21
0.676575 -0.712434 -0.186239 121.570251
52044 12 28 22
0.134570 -0.388046 -0.911763 115.347580
47484 12 29 20
0.583914 -0.715180 0.384138 107.316673
54540 12 32 23
0.514569 -0.714882 -0.473457 69.761276
56844 12 32 24
0.272906 -0.519403 -0.809779 59.281723
37741 13 18 16
0.380654 0.771538 0.509737 84.306816
40045 13 18 17
0.368897 0.905548 0.209516 93.240715
35485 13 19 15
0.351575 0.181873 0.918323 78.490654
37789 13 19 16
0.427297 0.357595 0.830388 97.896927
40093 13 19 17
0.468636 0.687592 0.554615 110.033005
42397 13 19 18
0.360523 0.926180 0.110516 114.651711
35533 13 20 15
0.265300 -0.323665 0.908216 76.524887
37837 13 20 16
0.277872 -0.394139 0.876038 97.232277
40141 13 20 17
0.259786 -0.457658 0.850330 112.020531
42445 13 20 18
0.173470 -0.349260 0.920829 120.429039
44749 13 20 19
0.014817 0.712944 0.701064 124.575745
47053 13 20 20
0.114931 0.982246 0.148268 126.657967
56269 13 20 24
0.192461 0.591274 -0.783169 90.012459
42493 13 21 18
-0.115534 -0.831083 0.544016 110.933220
44797 13 21 19
-0.240118 -0.767105 0.594890 120.241592
47101 13 21 20
-0.274677 -0.587902 0.760870 128.049805
56317 13 21 24
0.231145 0.327703 -0.916069 103.109886
58621 13 21 25
0.187171 0.276013 -0.942753 77.000450
47149 13 22 20
-0.200613 -0.748789 0.631719 117.659645
56365 13 22 24
0.323256 -0.026444 -0.945942 106.900749
58669 13 22 25
0.270787 0.044431 -0.961613 81.553337
42781 13 27 18
0.494182 0.448868 0.744514 98.595673
45085 13 27 19
0.441132 0.592287 0.674239 114.450134
47389 13 27 20
0.364153 0.824375 0.433357 123.172386
42829 13 28 18
0.646042 -0.044007 0.762032 104.033188
45133 13 28 19
0.707570 -0.106511 0.698570 119.369827
47437 13 28 20
0.876132 -0.285622 0.388347 126.796104
45181 13 29 19
0.626875 -0.603847 0.492338 111.156334
47485 13 29 20
0.616489 -0.753972 0.226866 118.804321
56845 13 32 24
0.115149 -0.447105 -0.887039 62.652992
59149 13 32 25
0.013073 -0.338246 -0.940967 45.279659
52381 13 35 22
0.499855 -0.838213 -0.218047 46.264214
35486 14 19 15
0.154046 0.118327 0.980953 84.243088
37790 14 19 16
0.145902 0.270774 0.951522 102.892601
40094 14 19 17
0.061567 0.690759 0.720459 113.356071
35534 14 20 15
0.049034 -0.427259 0.902799 80.222412
37838 14 20 16
-0.052047 -0.573691 0.817416 99.275314
40142 14 20 17
-0.279646 -0.717398 0.638074 111.411919
42446 14 20 18
-0.594917 -0.669970 0.444088 117.568520
53966 14 20 23
0.069479 0.718418 -0.692133 113.562576
56270 14 20 24
0.034785 0.580665 -0.813399 93.291824
54014 14 21 23
0.070423 0.489648 -0.869072 125.974007
56318 14 21 24
0.062004 0.386554 -0.920180 106.900246
58622 14 21 25
0.049587 0.337161 -0.940140 80.491768
56366 14 22 24
0.203409 0.113236 -0.972524 113.049210
42782 14 27 18
0.390235 0.660631 0.641313 109.343430
45086 14 27 19
0.293164 0.822832 0.486829 121.027649
47390 14 27 20
0.247867 0.945070 0.213082 126.541046
42830 14 28 18
0.633739 0.088383 0.768481 118.204391
45134 14 28 19
0.741871 0.143148 0.655085 129.405487
47438 14 28 20
0.983819 0.175941 0.033841 133.120209
42878 14 29 18
0.603178 -0.501347 0.620345 112.677574
45182 14 29 19
0.641513 -0.628227 0.440218 124.225357
47486 14 29 20
0.681406 -0.729380 0.060748 128.564697
56798 14 31 24
0.003240 -0.309069 -0.951034 70.669357
56846 14 32 24
-0.051529 -0.413816 -0.908901 63.255020
52334 14 34 22
0.259829 -0.877188 -0.403770 66.495514
50078 14 35 21
0.342643 -0.937540 0.060126 54.813591
52382 14 35 22
0.195820 -0.907391 -0.371881 52.159378
49263 15 18 21
0.386868 0.872043 -0.299790 100.761139
51567 15 18 22
0.263367 0.822068 -0.504818 91.165886
35487 15 19 15
0.068472 0.010533 0.997597 86.414215
37791 15 19 16
0.024067 0.041650 0.998842 103.828201
49311 15 19 21
0.232807 0.950198 -0.207183 117.000916
51615 15 19 22
0.121862 0.847984 -0.515823 110.515388
53919 15 19 23
0.015830 0.721544 -0.692188 95.783562
35535 15 20 15
-0.041746 -0.527514 0.848520 80.014816
37839 15 20 16
-0.158982 -0.717625 0.678041 96.820435
53967 15 20 23
-0.097313 0.661399 -0.743694 113.257881
54015 15 21 23
-0.153821 0.540725 -0.827016 125.299774
54063 15 22 23
0.013277 0.288022 -0.957532 130.954453
54111 15 23 23
0.669852 -0.188779 -0.718095 131.442123
56415 15 23 24
0.224037 0.109932 -0.968361 119.625977
58719 15 23 25
0.128067 0.169098 -0.977243 96.679390
56559 15 26 24
0.498301 -0.339355 -0.797831 111.194298
58863 15 26 25
0.343869 -0.307399 -0.887277 91.210762
42783 15 27 18
0.254718 0.831548 0.493607 116.618767
45087 15 27 19
0.170131 0.922976 0.345212 125.074242
40527 15 28 17
0.558414 0.167990 0.812375 114.075066
42831 15 28 18
0.565977 0.313679 0.762414 128.468918
45135 15 28 19
0.621845 0.555532 0.551990 136.182877
40575 15 29 17
0.532942 -0.442401 0.721287 110.036995
42879 15 29 18
0.550631 -0.543156 0.633868 125.305222
45183 15 29 19
0.619361 -0.658581 0.427390 134.062057
54399 15 29 23
0.165120 -0.361167 -0.917766 106.455322
54447 15 30 23
0.049751 -0.397808 -0.916119 98.515167
56751 15 30 24
-0.041134 -0.332111 -0.942343 77.197426
54495 15 31 23
-0.061525 -0.456808 -0.887435 89.566078
56799 15 31 24
-0.146063 -0.355852 -0.923057 69.113235
52239 15 32 22
0.004618 -0.750372 -0.661000 93.585190
52287 15 33 22
-0.113809 -0.799332 -0.590013 80.945297
50031 15 34 21
-0.033690 -0.997838 -0.056430 72.137108
52335 15 34 22
-0.177672 -0.834351 -0.521815 67.034103
47775 15 35 20
0.015943 -0.923037 0.384381 53.980804
50079 15 35 21
-0.105201 -0.992539 -0.061641 56.715096
52383 15 35 22
-0.190600 -0.870424 -0.453909 52.122318
50127 15 36 21
-0.121923 -0.990721 -0.060057 40.865208
44608 16 17 19
0.470629 0.881542 0.037312 98.321411
46912 16 17 20
0.477577 0.865111 -0.153309 97.271538
37744 16 18 16
0.260964 0.670429 0.694567 99.948723
40048 16 18 17
0.365490 0.844424 0.391618 108.617920
49264 16 18 21
0.328261 0.830326 -0.450337 108.014565
51568 16 18 22
0.134313 0.728890 -0.671326 96.225258
37792 16 19 16
0.132624 -0.238056 0.962154 104.652084
40096 16 19 17
0.183279 -0.587899 0.787898 112.742126
49312 16 19 21
0.167613 0.908260 -0.383366 119.496033
51616 16 19 22
-0.040313 0.720704 -0.692069 111.476135
37840 16 20 16
-0.061898 -0.823625 0.563747 94.426895
51664 16 20 22
-0.291348 0.717847 -0.632307 122.604240
51712 16 21 22
-0.644205 0.708772 -0.287477 129.267242
54016 16 21 23
-0.351014 0.512753 -0.783501 120.722603
51760 16 22 22
-0.444006 0.245207 0.861819 131.962051
54064 16 22 23
-0.372577 0.468950 -0.800795 128.716568
54112 16 23 23
-0.219755 0.402719 -0.888552 133.192474
56416 16 23 24
-0.201142 0.287925 -0.936291 119.850105
58720 16 23 25
-0.183384 0.274104 -0.944054 95.945908
54160 16 24 23
0.353716 0.056109 -0.933668 134.730225
56464 16 24 24
-0.078778 0.087220 -0.993069 123.682182
58768 16 24 25
-0.118024 0.108900 -0.987021 101.429375
61072 16 24 26
-0.115640 0.122479 -0.985711 73.926407
54208 16 25 23
0.535990 -0.348504 -0.768934 133.771988
56512 16 25 24
0.022950 -0.195382 -0.980459 122.775711
58816 16 25 25
-0.064552 -0.122641 -0.990350 101.341751
61120 16 25 26
-0.082241 -0.079027 -0.993474 74.621696
54256 16 26 23
0.333800 -0.463042 -0.821078 130.384811
56560 16 26 24
0.037421 -0.397512 -0.916833 117.093002
58864 16 26 25
-0.044896 -0.329312 -0.943153 95.380295
61168 16 26 26
-0.068374 -0.275280 -0.958930 69.706581
40480 16 27 17
0.256311 0.826531 0.501151 110.925407
42784 16 27 18
0.127434 0.922707 0.363830 120.742058
54304 16 27 23
0.135838 -0.461542 -0.876657 124.580383
56608 16 27 24
-0.005374 -0.467798 -0.883819 107.613556
58912 16 27 25
-0.059591 -0.438310 -0.896846 84.922501
38224 16 28 16
0.519152 0.165730 0.838460 107.454605
40528 16 28 17
0.476788 0.332708 0.813621 124.123878
42832 16 28 18
0.372659 0.611074 0.698365 134.533401
45136 16 28 19
0.292870 0.850634 0.436634 139.903442
54352 16 28 23
0.004302 -0.438645 -0.898650 116.702148
38272 16 29 16
0.475943 -0.421651 0.771809 103.580383
40576 16 29 17
0.447938 -0.512303 0.732733 121.413147
42880 16 29 18
0.424802 -0.612529 0.666597 133.463577
54400 16 29 23
-0.093608 -0.428449 -0.898704 107.335625
49840 16 30 21
0.068632 -0.807961 -0.585226 128.111298
52144 16 30 22
-0.101829 -0.559389 -0.822627 116.009193
49888 16 31 21
-0.052198 -0.901841 -0.428903 115.191833
52192 16 31 22
-0.212183 -0.634022 -0.743636 103.956841
45328 16 32 19
0.174230 -0.828861 0.531633 92.494705
47632 16 32 20
0.027892 -0.971945 0.233547 100.645203
49936 16 32 21
-0.201187 -0.926618 -0.317653 100.040871
52240 16 32 22
-0.323494 -0.677920 -0.660134 90.166237
45376 16 33 19
0.061050 -0.806663 0.587850 75.053589
45424 16 34 19
-0.065528 -0.808763 0.584473 59.165394
47776 16 35 20
-0.323196 -0.918037 0.229678 51.131210
44609 17 17 19
0.338271 0.939291 0.057487 106.568726
46913 17 17 20
0.292623 0.927467 -0.232758 105.264641
37745 17 18 16
0.323335 0.591132 0.738930 105.130859
40049 17 18 17
0.458973 0.760261 0.459725 113.847412
49265 17 18 21
0.067521 0.734769 -0.674949 111.505318
51569 17 18 22
-0.073495 0.585176 -0.807569 96.996994
35489 17 19 15
0.182523 -0.203009 0.962015 91.157417
37793 17 19 16
0.283010 -0.417111 0.863669 107.442574
40097 17 19 17
0.403421 -0.769375 0.495291 115.032509
49313 17 19 21
-0.175444 0.663098 -0.727682 119.636818
51617 17 19 22
-0.240977 0.523563 -0.817198 108.777817
49361 17 20 21
-0.889324 0.455623 0.038850 122.882927
51665 17 20 22
-0.438754 0.498655 -0.747555 117.520767
51713 17 21 22
-0.657668 0.519247 -0.545761 123.869339
51761 17 22 22
-0.828951 0.558559 -0.029178 128.301682
51809 17 23 22
-0.587792 0.436986 0.680841 131.291672
54113 17 23 23
-0.607730 0.359530 -0.708098 127.768272
54161 17 24 23
-0.650670 0.184688 -0.736559 131.629318
56465 17 24 24
-0.512360 0.133935 -0.848262 116.707436
58769 17 24 25
-0.453156 0.134645 -0.881204 92.900253
61073 17 24 26
-0.403100 0.140403 -0.904321 66.231445
54209 17 25 23
-0.590186 -0.123806 -0.797717 132.033325
56513 17 25 24
-0.493806 -0.103746 -0.863361 117.145882
58817 17 25 25
-0.447126 -0.076285 -0.891212 93.853912
61121 17 25 26
-0.401106 -0.053028 -0.914496 67.568176
54257 17 26 23
-0.450911 -0.344597 -0.823366 128.771317
58865 17 26 25
-0.412123 -0.276655 -0.868111 88.626854
61169 17 26 26
-0.379950 -0.245083 -0.891949 63.314369
40481 17 27 17
0.140476 0.923285 0.357507 115.559738
52001 17 27 22
-0.338602 -0.302000 -0.891148 134.187943
54305 17 27 23
-0.359410 -0.416067 -0.835292 122.118210
38225 17 28 16
0.470264 0.268268 0.840764 117.869431
40529 17 28 17
0.325746 0.563811 0.758951 129.954285
42833 17 28 18
0.085013 0.830913 0.549869 136.866028
52049 17 28 22
-0.300338 -0.384142 -0.873059 129.971970
54353 17 28 23
-0.326635 -0.427914 -0.842733 112.800537
38273 17 29 16
0.408417 -0.506539 0.759351 114.440979
40577 17 29 17
0.325070 -0.608932 0.723555 128.440094
52097 17 29 22
-0.311886 -0.461192 -0.830680 122.136360
49841 17 30 21
-0.301775 -0.718788 -0.626320 125.864441
52145 17 30 22
-0.348871 -0.533387 -0.770576 110.692039
47585 17 31 20
-0.177758 -0.981005 -0.077658 116.990875
49889 17 31 21
-0.347762 -0.790845 -0.503613 110.986412
52193 17 31 22
-0.403095 -0.590782 -0.698921 96.376892
47633 17 32 20
-0.249408 -0.968360 -0.008671 98.156288
44562 18 16 19
0.026025 0.997425 0.066826 89.679062
46866 18 16 20
-0.016484 0.977517 -0.210209 88.300240
42306 18 17 18
0.123101 0.979167 0.161488 108.356667
44610 18 17 19
0.043389 0.999048 -0.004465 109.941673
46914 18 17 20
-0.059117 0.937165 -0.343842 107.344223
49218 18 17 21
-0.126295 0.739248 -0.661485 97.748283
51522 18 17 22
-0.152688 0.569334 -0.807803 80.320847
35442 18 18 15
0.222038 0.395283 0.891320 93.652649
37746 18 18 16
0.318392 0.580404 0.749505 110.619614
40050 18 18 17
0.423603 0.794058 0.435927 118.772644
49266 18 18 21
-0.236490 0.569742 -0.787062 109.991211
51570 18 18 22
-0.248197 0.448226 -0.858774 92.996078
35490 18 19 15
0.223082 -0.248789 0.942517 95.670250
37794 18 19 16
0.354873 -0.483677 0.800076 111.996918
40098 18 19 17
0.480449 -0.794827 0.370701 119.092705
49314 18 19 21
-0.389849 0.390818 -0.833834 116.634529
51618 18 19 22
-0.352535 0.371558 -0.858873 102.415451
37842 18 20 16
0.189087 -0.870990 0.453457 97.962990
49362 18 20 21
-0.671189 0.270561 -0.690146 119.475677
51666 18 20 22
-0.461778 0.355376 -0.812693 109.761765
49410 18 21 21
-0.833105 0.148653 0.532764 120.434090
51714 18 21 22
-0.580251 0.383146 -0.718685 115.989349
49458 18 22 21
-0.185785 0.069202 0.980151 120.868843
51762 18 22 22
-0.712122 0.419818 -0.562703 121.351082
51810 18 23 22
-0.835877 0.414509 -0.359850 125.697212
51858 18 24 22
-0.912232 0.317902 -0.258400 128.849197
51906 18 25 22
-0.898364 0.116532 -0.423512 130.606323
51954 18 26 22
-0.734723 -0.108775 -0.669589 130.545700
35874 18 27 15
0.365832 0.718713 0.591286 99.561211
38178 18 27 16
0.203892 0.904233 0.375222 111.152229
52002 18 27 22
-0.573482 -0.254495 -0.778685 127.973824
35922 18 28 15
0.486520 0.164274 0.858086 110.705910
38226 18 28 16
0.398424 0.434930 0.807524 124.682854
40530 18 28 17
0.105178 0.806957 0.581169 132.291412
49746 18 28 21
-0.567680 -0.243790 -0.786324 135.410339
52050 18 28 22
-0.488685 -0.350674 -0.798884 122.147255
35970 18 29 15
0.407440 -0.490883 0.770082 106.077675
38274 18 29 16
0.336716 -0.606765 0.720041 121.899864
40578 18 29 17
0.184043 -0.713195 0.676373 131.873322
49794 18 29 21
-0.477023 -0.492005 -0.728272 129.640289
52098 18 29 22
-0.456686 -0.430479 -0.778541 112.624168
47538 18 30 20
-0.375113 -0.845816 -0.379324 128.414474
49842 18 30 21
-0.442253 -0.627211 -0.641107 117.906105
47586 18 31 20
-0.323982 -0.901533 -0.286834 111.762726
47634 18 32 20
-0.322793 -0.917430 -0.232653 91.752159
46819 19 15 20
-0.176776 0.972954 -0.148700 62.447586
46867 19 16 20
-0.220271 0.943258 -0.248485 85.291031
49171 19 16 21
-0.234178 0.807541 -0.541330 76.023521
51475 19 16 22
-0.216872 0.645190 -0.732596 60.355835
46915 19 17 20
-0.269543 0.869772 -0.413331 104.112564
49219 19 17 21
-0.286461 0.666828 -0.687954 92.997978
51523 19 17 22
-0.263296 0.502340 -0.823608 74.738022
35443 19 18 15
0.187610 0.411350 0.891961 98.614349
37747 19 18 16
0.262045 0.639901 0.722398 115.402702
40051 19 18 17
0.302270 0.905861 0.296730 122.493690
35491 19 19 15
0.224143 -0.252506 0.941276 100.768654
37795 19 19 16
0.376002 -0.478948 0.793241 117.249176
40099 19 19 17
0.559408 -0.770296 0.306116 123.818314
37843 19 20 16
0.241047 -0.858343 0.452927 103.063553
40147 19 20 17
0.295110 -0.929057 0.223077 110.353729
49411 19 21 21
-0.536022 0.322530 -0.780163 117.432251
51715 19 21 22
-0.456871 0.296020 -0.838833 106.936691
49459 19 22 21
-0.789862 0.600382 0.125136 119.062134
51763 19 22 22
-0.541694 0.295037 -0.787096 112.389366
49507 19 23 21
-0.390586 0.454512 0.800539 120.801369
51811 19 23 22
-0.631447 0.253686 -0.732747 116.866829
49555 19 24 21
-0.353998 0.500449 0.790086 123.104591
51859 19 24 22
-0.689485 0.157928 -0.706873 119.972954
49603 19 25 21
-0.607166 0.648574 0.459022 126.032555
51907 19 25 22
-0.683954 0.021157 -0.729218 121.328697
49651 19 26 21
-0.827772 0.397348 -0.396116 128.839081
51955 19 26 22
-0.626243 -0.118799 -0.770524 120.444878
35875 19 27 15
0.288184 0.841607 0.456780 107.442337
38179 19 27 16
0.102678 0.972236 0.210271 114.515816
49699 19 27 21
-0.667253 -0.046001 -0.743410 129.896957
52003 19 27 22
-0.560105 -0.235072 -0.794370 116.715630
35923 19 28 15
0.461578 0.248171 0.851679 119.212318
38227 19 28 16
0.260457 0.701630 0.663233 128.346985
49747 19 28 21
-0.558390 -0.297370 -0.774449 127.229774
52051 19 28 22
-0.512838 -0.328416 -0.793184 109.614212
35971 19 29 15
0.361425 -0.578377 0.731336 114.816284
38275 19 29 16
0.262779 -0.706621 0.656989 126.550690
47491 19 29 20
-0.549705 -0.554648 -0.624652 132.158218
49795 19 29 21
-0.498655 -0.457493 -0.736236 119.427979
45235 19 30 19
-0.271532 -0.945047 -0.182091 127.523285
47539 19 30 20
-0.421494 -0.730640 -0.537130 121.040916
47587 19 31 20
-0.346931 -0.807953 -0.476288 104.199692
46868 20 16 20
-0.220112 0.933747 -0.282254 79.814095
49172 20 16 21
-0.237409 0.797054 -0.555286 70.101357
49220 20 17 21
-0.235299 0.662130 -0.711490 86.869225
35444 20 18 15
0.136638 0.453059 0.880947 102.583061
37748 20 18 16
0.194082 0.721856 0.664272 119.142540
40052 20 18 17
0.222120 0.962712 0.154428 125.326431
35492 20 19 15
0.204473 -0.218712 0.954126 105.722702
37796 20 19 16
0.381294 -0.407084 0.829998 122.514511
40100 20 19 17
0.709568 -0.641471 0.291595 128.847565
37844 20 20 16
0.272110 -0.834496 0.479137 109.202957
49364 20 20 21
-0.145716 0.249836 -0.957261 112.043732
49412 20 21 21
-0.164573 0.219157 -0.961710 114.981537
49460 20 22 21
-0.254979 0.256309 -0.932358 117.017982
49508 20 23 21
-0.436815 0.366819 -0.821362 118.786438
51812 20 23 22
-0.438409 0.155633 -0.885198 107.403320
49556 20 24 21
-0.584975 0.400842 -0.705075 120.639168
51860 20 24 22
-0.486203 0.077031 -0.870444 109.807564
49604 20 25 21
-0.604366 0.236963 -0.760651 122.445335
51908 20 25 22
-0.504089 -0.027108 -0.863226 110.344574
49652 20 26 21
-0.560957 0.005606 -0.827826 123.380035
33572 20 27 14
0.355672 0.721120 0.594545 102.920280
35876 20 27 15
0.178238 0.943616 0.278962 112.525047
38180 20 27 16
0.008948 0.997313 0.072716 115.653809
49700 20 27 21
-0.517156 -0.187023 -0.835208 122.041267
33620 20 28 14
0.454611 0.079519 0.887134 112.322853
35924 20 28 15
0.392328 0.424905 0.815803 124.649429
38228 20 28 16
0.011087 0.943557 0.331023 129.498718
49748 20 28 21
-0.484956 -0.332529 -0.808853 116.980087
35972 20 29 15
0.287245 -0.673180 0.681409 120.914398
38276 20 29 16
0.147718 -0.798223 0.583968 128.966019
47492 20 29 20
-0.485444 -0.511131 -0.709288 124.075027
45236 20 30 19
-0.328225 -0.832005 -0.447254 123.100914
47540 20 30 20
-0.406011 -0.635456 -0.656772 112.205345
43028 20 32 18
0.157562 -0.987264 -0.022022 94.294167
35445 21 18 15
0.072866 0.504938 0.860074 105.230949
37749 21 18 16
0.125283 0.780298 0.612731 121.934921
40053 21 18 17
0.200693 0.971853 0.123390 128.132401
35493 21 19 15
0.166411 -0.148124 0.974867 110.080452
37797 21 19 16
0.357525 -0.261992 0.896402 127.497658
40101 21 19 17
0.858881 -0.346694 0.376997 134.262192
37845 21 20 16
0.290347 -0.797201 0.529309 115.894249
47061 21 20 20
0.499774 0.039354 -0.865261 124.656822
49365 21 20 21
0.054796 0.199461 -0.978372 111.430656
47109 21 21 20
0.779488 -0.374547 -0.502109 123.470535
47157 21 22 20
0.811170 -0.440975 0.384114 120.920898
47205 21 23 20
0.567476 -0.108509 0.816209 119.226181
49509 21 23 21
-0.120651 0.110159 -0.986564 116.990700
49557 21 24 21
-0.208983 0.093130 -0.973475 118.070000
49605 21 25 21
-0.287129 -0.000317 -0.957892 118.622269
47349 21 26 20
-0.215280 0.975246 -0.050500 124.881172
49653 21 26 21
-0.341870 -0.138364 -0.929505 117.662537
33573 21 27 14
0.252111 0.852331 0.458226 109.617882
35877 21 27 15
0.042161 0.994971 0.090860 114.747643
38181 21 27 16
-0.071211 0.997439 -0.006612 115.023674
47397 21 27 20
-0.495863 -0.063892 -0.866047 126.099106
33621 21 28 14
0.380864 0.112081 0.917813 119.184639
35925 21 28 15
0.116992 0.757288 0.642517 126.958458
38229 21 28 16
-0.239590 0.970069 0.039539 128.625275
47445 21 28 20
-0.446290 -0.366626 -0.816340 123.344208
33669 21 29 14
0.243310 -0.644651 0.724724 112.910873
35973 21 29 15
0.117445 -0.780785 0.613662 124.051559
47493 21 29 20
-0.413624 -0.499624 -0.761112 115.391785
45237 21 30 19
-0.371445 -0.707518 -0.601204 117.347076
42981 21 31 18
-0.175612 -0.953027 -0.246780 111.027390
45285 21 31 19
-0.302755 -0.753152 -0.584040 102.881264
43029 21 32 18
-0.093560 -0.957620 -0.272415 95.185471
45333 21 32 19
-0.237739 -0.774808 -0.585792 86.125458
43077 21 33 18
-0.024373 -0.953959 -0.298945 78.052475
45381 21 33 19
-0.168956 -0.796155 -0.581026 68.713531
43125 21 34 18
0.025058 -0.953076 -0.301693 60.258244
45429 21 34 19
-0.104944 -0.826077 -0.553700 51.578320
35446 22 18 15
-0.010777 0.553161 0.833005 106.079636
37750 22 18 16
0.037241 0.801766 0.596477 123.539368
40054 22 18 17
0.162778 0.966632 0.197805 131.085663
46966 22 18 20
0.369838 0.662033 -0.651868 118.123093
49270 22 18 21
0.249908 0.461512 -0.851207 100.904236
35494 22 19 15
0.094735 -0.042257 0.994605 113.234772
37798 22 19 16
0.254172 -0.055903 0.965542 131.647858
40102 22 19 17
0.802298 0.045687 0.595173 139.659363
47014 22 19 20
0.448344 0.360223 -0.818063 127.639381
37846 22 20 16
0.280513 -0.743509 0.607048 122.516159
47062 22 20 20
0.514574 0.003233 -0.857440 130.375946
47110 22 21 20
0.616060 -0.320807 -0.719411 128.693085
47158 22 22 20
0.807430 -0.511739 -0.293563 125.536186
47206 22 23 20
0.883251 -0.292419 0.366549 123.255081
47254 22 24 20
0.788993 0.116075 0.603338 122.865494
47302 22 25 20
0.849555 0.466849 0.245578 123.883850
49606 22 25 21
-0.082135 -0.097697 -0.991821 116.186157
47350 22 26 20
0.058741 -0.017978 -0.998111 124.655563
49654 22 26 21
-0.165470 -0.224302 -0.960369 113.347260
31270 22 27 13
0.282715 0.674144 0.682350 103.561653
33574 22 27 14
0.079768 0.960355 0.267122 112.874641
47398 22 27 20
-0.244325 -0.333814 -0.910425 123.034996
31318 22 28 13
0.298402 -0.092579 0.949940 109.900986
33622 22 28 14
0.106559 0.161253 0.981144 122.163025
47446 22 28 20
-0.313837 -0.456108 -0.832750 117.268364
33670 22 29 14
0.032512 -0.763711 0.644739 115.758667
45190 22 29 19
-0.415803 -0.598409 -0.684846 121.272575
42934 22 30 18
-0.448990 -0.806638 -0.384373 119.202957
45238 22 30 19
-0.401023 -0.652731 -0.642746 109.847267
42982 22 31 18
-0.420257 -0.823301 -0.381524 105.920464
45286 22 31 19
-0.401418 -0.665756 -0.628993 94.864441
36118 22 32 15
-0.051496 -0.724528 0.687319 75.609917
38422 22 32 16
-0.170878 -0.835890 0.521622 88.014702
36166 22 33 15
-0.061602 -0.688310 0.722796 61.127258
38470 22 33 16
-0.175449 -0.845137 0.504936 73.034172
40774 22 33 17
-0.316882 -0.947677 0.038663 77.972298
43078 22 33 18
-0.372049 -0.834022 -0.407415 74.188499
36214 22 34 15
-0.069924 -0.728166 0.681824 47.921391
38518 22 34 16
-0.161462 -0.892568 0.421014 57.915802
40822 22 34 17
-0.261209 -0.965225 -0.010532 61.564281
43126 22 34 18
-0.308758 -0.866101 -0.393113 57.564365
38566 22 35 16
-0.131061 -0.939157 0.317501 42.467892
40870 22 35 17
-0.196141 -0.979692 -0.041611 44.777340
49223 23 17 21
0.352546 0.619516 -0.701363 94.851463
35447 23 18 15
-0.111574 0.587282 0.801655 104.390717
37751 23 18 16
-0.076777 0.789605 0.608794 123.116714
40055 23 18 17
0.059252 0.940695 0.334039 133.191238
46967 23 18 20
0.467380 0.621070 -0.629149 126.971878
35495 23 19 15
-0.017669 0.089178 0.995859 114.229012
37799 23 19 16
0.056609 0.165846 0.984526 133.879333
40103 23 19 17
0.411589 0.386807 0.825212 143.777969
47015 23 19 20
0.490065 0.281658 -0.824927 135.621933
35543 23 20 15
0.120424 -0.468525 0.875204 108.711731
37847 23 20 16
0.217575 -0.660006 0.719064 127.999039
47063 23 20 20
0.470685 -0.091237 -0.877571 137.080673
47111 23 21 20
0.490010 -0.364111 -0.792031 134.224625
47159 23 22 20
0.641918 -0.504634 -0.577309 130.281998
47207 23 23 20
0.910736 -0.379634 -0.162599 127.531494
47255 23 24 20
0.997681 -0.052502 0.043313 126.614380
47303 23 25 20
0.856470 -0.058346 -0.512888 126.575584
47351 23 26 20
0.194868 -0.347057 -0.917375 125.454880
28967 23 27 12
0.237283 0.462337 0.854366 92.573349
31271 23 27 13
0.088933 0.803111 0.589155 107.282394
33575 23 27 14
-0.149309 0.986986 0.059706 112.369583
47399 23 27 20
-0.090826 -0.473781 -0.875946 121.145882
29015 23 28 12
0.202839 -0.194459 0.959709 95.714272
31319 23 28 13
0.028636 -0.206403 0.978048 112.810677
33623 23 28 14
-0.698947 0.101386 0.707951 120.721542
47447 23 28 20
-0.207829 -0.540455 -0.815301 112.288300
33671 23 29 14
-0.273048 -0.833211 0.480838 113.841202
42887 23 29 18
-0.557817 -0.748434 -0.358729 122.442642
45191 23 29 19
-0.356098 -0.667055 -0.654395 114.999252
42935 23 30 18
-0.501964 -0.776160 -0.381585 111.551155
45239 23 30 19
-0.401791 -0.673456 -0.620500 100.802101
38375 23 31 16
-0.466491 -0.819372 0.333189 97.201004
42983 23 31 18
-0.532115 -0.754051 -0.385046 96.233368
45287 23 31 19
-0.453089 -0.655959 -0.603679 84.033585
36119 23 32 15
-0.358283 -0.731554 0.580054 71.068832
38423 23 32 16
-0.510170 -0.782057 0.357930 81.199036
36167 23 33 15
-0.399629 -0.685319 0.608798 56.418667
38471 23 33 16
-0.545064 -0.764662 0.343799 66.033745
36215 23 34 15
-0.412608 -0.703018 0.579241 43.504955
38519 23 34 16
-0.530148 -0.794358 0.296544 51.535820
40823 23 34 17
-0.585439 -0.806985 -0.077700 53.545319
38567 23 35 16
-0.469272 -0.850526 0.237463 37.439007
40871 23 35 17
-0.507446 -0.857222 -0.087573 38.656136
46920 24 17 20
0.382275 0.834485 -0.396863 120.237061
49224 24 17 21
0.336986 0.604825 -0.721545 104.996429
35448 24 18 15
-0.213316 0.603821 0.768047 99.541000
37752 24 18 16
-0.200720 0.752919 0.626758 119.636749
46968 24 18 20
0.417596 0.624028 -0.660456 135.912292
35496 24 19 15
-0.149871 0.223703 0.963066 112.093384
37800 24 19 16
-0.164937 0.341401 0.925333 132.928146
47016 24 19 20
0.373052 0.194263 -0.907245 142.667084
35544 24 20 15
0.016259 -0.326820 0.944947 110.622452
37848 24 20 16
0.077092 -0.509969 0.856732 131.043533
40152 24 20 17
0.184472 -0.722808 0.665972 142.855911
47064 24 20 20
0.283424 -0.210881 -0.935521 142.396179
47112 24 21 20
0.274560 -0.432613 -0.858757 138.490280
47160 24 22 20
0.422975 -0.531373 -0.733985 134.202179
47208 24 23 20
0.792592 -0.426150 -0.436113 131.469467
47256 24 24 20
0.960121 -0.155166 -0.232577 130.441254
47304 24 25 20
0.669982 -0.303103 -0.677682 129.710403
47352 24 26 20
0.175047 -0.494568 -0.851329 127.044945
28968 24 27 12
0.021140 0.516645 0.855938 95.489243
31272 24 27 13
-0.222245 0.870428 0.439274 106.471992
33576 24 27 14
-0.371229 0.924096 -0.090755 108.355598
47400 24 27 20
-0.037544 -0.572138 -0.819298 120.335518
29016 24 28 12
-0.045953 -0.301246 0.952439 97.581291
31320 24 28 13
-0.459292 -0.379610 0.803086 110.573120
33624 24 28 14
-0.982831 -0.107715 0.149801 114.947853
29064 24 29 12
-0.078816 -0.714845 0.694827 85.407005
31368 24 29 13
-0.275761 -0.819158 0.502927 99.427750
42888 24 29 18
-0.488709 -0.833020 -0.259308 116.328743
45192 24 29 19
-0.307529 -0.747603 -0.588655 108.635635
36024 24 30 15
-0.510995 -0.800884 0.312201 96.806709
38328 24 30 16
-0.587012 -0.776098 0.230411 102.481583
40632 24 30 17
-0.583980 -0.811727 0.008127 105.005150
36072 24 31 15
-0.493379 -0.780190 0.384553 78.415039
38376 24 31 16
-0.584346 -0.777708 0.231757 85.802467
44569 25 16 19
0.126623 0.973492 0.190475 104.693024
44617 25 17 19
0.045907 0.979313 0.197075 128.509293
46921 25 17 20
0.157939 0.904926 -0.395177 126.804413
46969 25 18 20
0.049054 0.666432 -0.743951 140.290558
49273 25 18 21
0.111576 0.317454 -0.941687 124.211746
37801 25 19 16
-0.338136 0.454056 0.824316 127.909569
47017 25 19 20
-0.126004 0.082002 -0.988635 144.872635
49321 25 19 21
0.033184 0.031100 -0.998965 128.010147
35545 25 20 15
-0.115198 -0.138917 0.983581 109.367126
37849 25 20 16
-0.137810 -0.250328 0.958303 130.597061
40153 25 20 17
-0.209734 -0.475444 0.854380 142.999664
47065 25 20 20
-0.189472 -0.292925 -0.937174 143.312973
37897 25 21 16
0.131765 -0.690660 0.711075 120.027962
47113 25 21 20
-0.177798 -0.431417 -0.884459 139.218719
86281 25 21 37
0.944821 0.133902 -0.298972 52.582520
47161 25 22 20
-0.118943 -0.490992 -0.863006 135.459305
47209 25 23 20
0.087058 -0.521071 -0.849062 133.372772
47257 25 24 20
0.499416 -0.446736 -0.742301 132.628448
47305 25 25 20
0.108014 -0.551419 -0.827206 131.557571
47353 25 26 20
-0.043655 -0.600987 -0.798066 127.820221
26665 25 27 11
-0.096302 0.290058 0.952151 76.237999
28969 25 27 12
-0.286177 0.506686 0.813248 93.355507
31273 25 27 13
-0.540105 0.785495 0.302134 101.557068
45097 25 27 19
-0.287682 -0.947877 -0.136999 126.343643
26713 25 28 11
-0.135619 -0.284970 0.948894 76.216125
29017 25 28 12
-0.364521 -0.403328 0.839316 94.053886
31321 25 28 13
-0.752234 -0.471104 0.460657 103.653458
42841 25 28 18
-0.506426 -0.806912 0.304015 120.046783
45145 25 28 19
-0.261752 -0.827987 -0.495907 117.841194
31369 25 29 13
-0.451071 -0.824271 0.342217 91.476288
40585 25 29 17
-0.585070 -0.777234 0.231515 108.671318
42889 25 29 18
-0.437439 -0.884353 -0.162995 109.352386
45193 25 29 19
-0.288560 -0.810489 -0.509745 102.176315
38329 25 30 16
-0.582263 -0.781320 0.224743 90.253174
40633 25 30 17
-0.544892 -0.837098 0.048575 93.528130
42266 26 16 18
-0.187115 0.825750 0.532095 93.052544
44570 26 16 19
-0.163210 0.947512 0.274924 104.550385
42314 26 17 18
-0.358050 0.750490 0.555486 114.602722
44618 26 17 19
-0.399537 0.861248 0.314040 125.201004
46922 26 17 20
-0.353604 0.868215 -0.348091 125.441444
46970 26 18 20
-0.672874 0.476960 -0.565464 136.221985
49274 26 18 21
-0.301508 0.256413 -0.918338 122.447639
37802 26 19 16
-0.451524 0.528771 0.718698 118.654434
47018 26 19 20
-0.745144 0.001968 -0.666901 139.135696
49322 26 19 21
-0.360618 -0.017729 -0.932545 124.684624
35546 26 20 15
-0.239836 0.066954 0.968502 104.680588
37850 26 20 16
-0.349042 0.081206 0.933582 126.205231
40154 26 20 17
-0.632354 0.043063 0.773482 138.588425
49370 26 20 21
-0.360174 -0.101052 -0.927396 123.125389
83930 26 20 36
0.902239 0.422015 0.088699 69.132172
86234 26 20 37
0.861178 0.377921 -0.339925 66.346039
35594 26 21 15
-0.024691 -0.345968 0.937921 100.759232
37898 26 21 16
0.001151 -0.526932 0.849907 121.568581
40202 26 21 17
-0.052279 -0.758113 0.650024 133.799393
47114 26 21 20
-0.633923 -0.234583 -0.736962 134.609482
49418 26 21 21
-0.326082 -0.039131 -0.944531 121.570061
83978 26 21 36
0.974717 0.220349 0.037045 76.351921
86282 26 21 37
0.900081 0.160586 -0.405052 72.299812
88586 26 21 38
0.719838 0.120073 -0.683678 59.745041
47162 26 22 20
-0.670036 -0.195718 -0.716063 132.425919
49466 26 22 21
-0.271693 0.069915 -0.959841 121.838860
86330 26 22 37
0.900764 -0.063912 -0.429581 73.308220
88634 26 22 38
0.745027 -0.053932 -0.664851 60.466042
47210 26 23 20
-0.847543 -0.098646 -0.521479 131.475433
47258 26 24 20
-0.946594 -0.130042 -0.295040 131.116180
49562 26 24 21
-0.190691 -0.077532 -0.978584 123.562271
47306 26 25 20
-0.721299 -0.435938 -0.538225 129.815872
49610 26 25 21
-0.164231 -0.333155 -0.928459 120.386139
47354 26 26 20
-0.411600 -0.599050 -0.686822 125.459023
26666 26 27 11
-0.337682 0.246216 0.908487 71.708496
28970 26 27 12
-0.550548 0.390915 0.737620 86.757027
31274 26 27 13
-0.747262 0.585448 0.314406 93.968758
42794 26 27 18
-0.330105 -0.059878 0.942043 120.159203
45098 26 27 19
-0.553551 -0.804895 -0.213836 123.422058
26714 26 28 11
-0.369882 -0.325804 0.870080 70.751816
29018 26 28 12
-0.584630 -0.450113 0.674985 85.868607
31322 26 28 13
-0.789309 -0.524648 0.318960 93.667809
42842 26 28 18
-0.494457 -0.847156 0.194523 115.423599
45146 26 28 19
-0.351242 -0.831336 -0.430708 112.954910
40586 26 29 17
-0.493971 -0.832683 0.250262 99.967636
42890 26 29 18
-0.416667 -0.903222 -0.102852 101.520180
40634 26 30 17
-0.486163 -0.869240 0.089817 81.751045
42267 27 16 18
-0.437021 0.704635 0.559019 84.353905
44571 27 16 19
-0.509732 0.805257 0.302877 96.146103
42315 27 17 18
-0.601755 0.591264 0.536933 101.900742
44619 27 17 19
-0.744338 0.595774 0.301685 112.810455
46923 27 17 20
-0.781101 0.584187 -0.220468 114.133202
49227 27 17 21
-0.571416 0.473387 -0.670365 103.600380
49275 27 18 21
-0.681142 0.177677 -0.710265 111.193451
51579 27 18 22
-0.424973 0.168265 -0.889430 90.693703
53883 27 18 23
-0.241840 0.193014 -0.950925 65.985596
49323 27 19 21
-0.691169 -0.000648 -0.722693 112.899490
51627 27 19 22
-0.435905 0.036683 -0.899245 93.104927
53931 27 19 23
-0.222655 0.108508 -0.968840 69.581772
35547 27 20 15
-0.333690 0.252335 0.908283 96.847755
37851 27 20 16
-0.471721 0.363625 0.803279 118.070175
40155 27 20 17
-0.735489 0.455005 0.502021 129.899277
49371 27 20 21
-0.646762 -0.013338 -0.762575 112.478134
51675 27 20 22
-0.397632 0.039909 -0.916677 93.753868
83931 27 20 36
0.891177 0.449594 0.060570 89.405838
86235 27 20 37
0.821637 0.371020 -0.432732 85.175728
35595 27 21 15
-0.139051 -0.124913 0.982375 98.651527
37899 27 21 16
-0.179084 -0.207798 0.961639 120.032883
40203 27 21 17
-0.441494 -0.380438 0.812619 131.614975
49419 27 21 21
-0.574211 0.084609 -0.814324 113.049927
83979 27 21 36
0.968012 0.250204 -0.018715 96.924599
86283 27 21 37
0.837031 0.168684 -0.520505 91.091515
37947 27 22 16
0.158788 -0.562953 0.811092 111.946922
40251 27 22 17
0.191594 -0.761212 0.619555 124.430946
84027 27 22 36
0.992853 0.029745 -0.115580 99.739868
86331 27 22 37
0.842220 -0.021461 -0.538706 92.626801
49515 27 23 21
-0.503181 0.145786 -0.851796 118.024025
51819 27 23 22
-0.172367 0.164712 -0.971164 103.341156
54123 27 23 23
0.190431 0.201716 -0.960753 85.778130
84075 27 23 36
0.961473 -0.200614 -0.187947 97.955841
86379 27 23 37
0.851156 -0.200493 -0.485114 90.104294
49563 27 24 21
-0.526938 -0.088152 -0.845320 118.598877
51867 27 24 22
-0.155718 -0.077802 -0.984733 104.308846
54171 27 24 23
0.257428 -0.039595 -0.965486 87.386024
77211 27 24 33
0.959823 -0.074551 0.270522 85.319145
79515 27 24 34
0.951316 -0.242653 0.190045 90.580818
81819 27 24 35
0.927288 -0.374169 0.011630 93.030434
84123 27 24 36
0.882390 -0.422203 -0.207684 90.644554
49611 27 25 21
-0.477138 -0.368915 -0.797647 115.239845
51915 27 25 22
-0.137358 -0.373200 -0.917526 100.307556
54219 27 25 23
0.299169 -0.346342 -0.889126 84.181648
70347 27 25 30
0.999986 -0.004409 0.002960 75.892502
74955 27 25 32
0.938597 -0.333393 0.088793 77.454506
77259 27 25 33
0.874229 -0.476326 0.094013 79.437263
79563 27 25 34
0.820447 -0.570705 0.034081 80.991074
81867 27 25 35
0.787413 -0.612415 -0.070207 80.578308
47355 27 26 20
-0.653202 -0.508712 -0.560839 118.605682
49659 27 26 21
-0.375510 -0.544968 -0.749668 107.045731
51963 27 26 22
-0.097862 -0.578421 -0.809847 90.994278
68091 27 26 29
0.961063 -0.267192 -0.070474 73.817245
70395 27 26 30
0.897987 -0.419306 -0.133423 71.523079
72699 27 26 31
0.809779 -0.573382 -0.124460 68.801903
75003 27 26 32
0.723936 -0.685484 -0.077645 66.719254
26667 27 27 11
-0.516623 0.172074 0.838744 63.094757
28971 27 27 12
-0.675857 0.227455 0.701057 77.080818
42795 27 27 18
-0.658264 -0.422186 0.623255 116.418854
45099 27 27 19
-0.683546 -0.659538 -0.312688 117.083435
47403 27 27 20
-0.461332 -0.634489 -0.620159 108.938843
26715 27 28 11
-0.534942 -0.337803 0.774420 61.280357
29019 27 28 12
-0.668584 -0.458849 0.585194 74.654114
42843 27 28 18
-0.530397 -0.846029 0.053993 108.957031
45147 27 28 19
-0.459711 -0.790265 -0.405150 105.420555
40587 27 29 17
-0.437877 -0.871574 0.220506 91.075058
42891 27 29 18
-0.427727 -0.899438 -0.089783 92.616592
45195 27 29 19
-0.368058 -0.844059 -0.389997 86.575279
44524 28 15 19
-0.570428 0.786380 0.237106 62.901741
46828 28 15 20
-0.572336 0.811885 -0.115219 64.439819
42268 28 16 18
-0.644466 0.566018 0.514089 69.728905
44572 28 16 19
-0.752233 0.602101 0.267618 80.138756
46876 28 16 20
-0.776016 0.619149 -0.120223 82.143707
49180 28 16 21
-0.666303 0.573801 -0.476228 74.393379
44620 28 17 19
-0.884002 0.405640 0.232372 92.809647
49228 28 17 21
-0.798978 0.340260 -0.495840 86.113052
51580 28 18 22
-0.661992 0.178317 -0.727990 76.411545
53884 28 18 23
-0.463714 0.250149 -0.849939 57.491306
83836 28 18 36
0.630153 0.760768 0.155364 77.699173
86140 28 18 37
0.664514 0.710919 -0.230251 76.872803
51628 28 19 22
-0.653200 0.127862 -0.746312 79.836197
53932 28 19 23
-0.428692 0.241086 -0.870690 62.429237
83884 28 19 36
0.758661 0.642642 0.106980 96.041489
86188 28 19 37
0.749792 0.547938 -0.370912 92.904922
40156 28 20 17
-0.679925 0.659873 0.319797 117.943825
83932 28 20 36
0.888505 0.458555 0.016899 108.592636
86236 28 20 37
0.785697 0.330345 -0.523022 103.042862
37900 28 21 16
-0.349153 0.180223 0.919572 115.279404
40204 28 21 17
-0.665343 0.432141 0.608747 126.639877
37948 28 22 16
0.003809 -0.314664 0.949195 113.735191
40252 28 22 17
0.050715 -0.558915 0.827673 126.047180
63292 28 22 27
0.872589 0.485393 0.054609 70.868675
65596 28 22 28
0.883970 0.466243 0.034862 71.941872
61036 28 23 26
0.913292 0.398029 0.086437 80.124481
63340 28 23 27
0.911118 0.407384 0.062462 82.116226
51868 28 24 22
-0.373811 -0.135437 -0.917563 100.562317
54172 28 24 23
0.324521 -0.026554 -0.945506 90.829727
81820 28 24 35
0.905270 -0.424082 0.025304 113.312714
84124 28 24 36
0.877937 -0.427415 -0.215738 111.253227
51916 28 25 22
-0.384731 -0.515988 -0.765335 96.388168
54220 28 25 23
0.342986 -0.606348 -0.717428 88.083435
81868 28 25 35
0.725199 -0.688062 -0.025623 100.207397
68092 28 26 29
0.896548 -0.381123 -0.225715 94.645630
28972 28 27 12
-0.704630 0.084754 0.704495 65.640968
31276 28 27 13
-0.747469 0.042666 0.662925 75.934135
63532 28 27 27
0.879414 -0.474178 0.042261 89.624695
65836 28 27 28
0.794965 -0.581903 -0.171520 87.949089
29020 28 28 12
-0.685728 -0.448393 0.573341 62.032372
42844 28 28 18
-0.581233 -0.808856 -0.088997 100.136200
45148 28 28 19
-0.550493 -0.730559 -0.404031 94.896797
63580 28 28 27
0.711832 -0.700467 -0.051397 74.419029
65884 28 28 28
0.599497 -0.762124 -0.244481 70.465836
42892 28 29 18
-0.468182 -0.876387 -0.112922 82.284752
45196 28 29 19
-0.443712 -0.820213 -0.361068 76.194038
44525 29 15 19
-0.751386 0.626286 0.207810 47.600132
46829 29 15 20
-0.759545 0.643969 -0.091623 48.901299
44573 29 16 19
-0.869334 0.445798 0.213359 59.830441
46877 29 16 20
-0.891362 0.444975 -0.086433 61.443089
49181 29 16 21
-0.817274 0.439321 -0.372908 55.821568
83837 29 18 36
0.491870 0.850597 0.185875 93.121262
86141 29 18 37
0.546840 0.802732 -0.237882 92.753944
83885 29 19 36
0.668597 0.734749 0.114554 113.001884
86189 29 19 37
0.677154 0.597273 -0.429798 109.642982
83933 29 20 36
0.868667 0.493986 -0.037345 125.233810
86237 29 20 37
0.728166 0.293274 -0.619487 118.879021
37901 29 21 16
-0.459110 0.421200 0.782182 106.965599
40205 29 21 17
-0.597933 0.697730 0.394524 118.869774
65549 29 21 28
0.801095 0.591063 0.094288 79.807182
67853 29 21 29
0.835360 0.539256 0.106663 82.029007
70157 29 21 30
0.852048 0.490833 0.181929 85.224953
72461 29 21 31
0.842394 0.454358 0.289709 90.658752
37949 29 22 16
-0.250420 -0.005163 0.968124 111.500954
40253 29 22 17
-0.405474 0.106490 0.907882 124.757759
63293 29 22 27
0.818584 0.567049 0.091523 91.921486
65597 29 22 28
0.844250 0.535449 0.023158 93.223061
67901 29 22 29
0.868473 0.494568 0.034007 93.697990
40301 29 23 17
0.070516 -0.570739 0.818098 121.699425
61037 29 23 26
0.852820 0.475456 0.215963 101.413948
63341 29 23 27
0.869668 0.486686 0.082549 105.087936
77213 29 24 33
0.885357 -0.280536 0.370731 121.376717
79517 29 24 34
0.857497 -0.433714 0.276751 126.688896
81821 29 24 35
0.856674 -0.513709 0.047037 129.347137
84125 29 24 36
0.863593 -0.451093 -0.225217 127.898636
86429 29 24 37
0.880206 -0.251856 -0.402250 122.416649
88733 29 24 38
0.895696 -0.007826 -0.444598 114.176407
91037 29 24 39
0.887638 0.190383 -0.419347 104.560135
77261 29 25 33
0.639627 -0.753827 0.150405 111.887108
79565 29 25 34
0.601235 -0.789735 0.121799 114.840652
81869 29 25 35
0.622508 -0.781767 0.036401 116.650345
84173 29 25 36
0.699919 -0.711573 -0.061460 116.352051
68093 29 26 29
0.713563 -0.576714 -0.397780 111.887650
28973 29 27 12
-0.709932 -0.009189 0.704210 53.179672
31277 29 27 13
-0.711257 -0.090945 0.697024 65.261360
33581 29 27 14
-0.647399 -0.223829 0.728543 76.177879
35885 29 27 15
-0.557073 -0.382675 0.737041 86.246872
38189 29 27 16
-0.570025 -0.537364 0.621539 94.963409
63533 29 27 27
0.679942 -0.733149 -0.013138 108.415558
65837 29 27 28
0.541497 -0.784822 -0.301390 104.548180
38237 29 28 16
-0.514352 -0.782408 0.351111 84.502815
42845 29 28 18
-0.639396 -0.746778 -0.183015 88.428322
45149 29 28 19
-0.617873 -0.677323 -0.399334 81.716988
63581 29 28 27
0.432088 -0.893162 -0.124744 89.272820
65885 29 28 28
0.325359 -0.883332 -0.337441 82.953255
45197 29 29 19
-0.524297 -0.780569 -0.340331 64.000557
86094 30 17 37
0.171866 0.981367 -0.085911 78.556374
86142 30 18 37
0.268831 0.935817 -0.227982 103.172333
88446 30 18 38
0.286064 0.718240 -0.634271 92.194656
83886 30 19 36
0.391627 0.911278 0.127283 124.421997
86190 30 19 37
0.431625 0.755076 -0.493518 121.295372
88494 30 19 38
0.372048 0.452165 -0.810634 106.840462
81630 30 20 35
0.568512 0.705991 0.422341 133.752792
83934 30 20 36
0.714085 0.690860 -0.113115 136.845886
86238 30 20 37
0.551444 0.330193 -0.766082 130.443176
40206 30 21 17
-0.600796 0.717544 0.352383 107.606232
42510 30 21 18
-0.535447 0.839984 -0.087883 110.412544
67854 30 21 29
0.753101 0.647999 0.113738 99.294487
70158 30 21 30
0.773486 0.591636 0.227346 102.375519
72462 30 21 31
0.757559 0.536018 0.372543 107.902908
74766 30 21 32
0.721478 0.497050 0.482090 115.998306
77070 30 21 33
0.692693 0.472470 0.544930 125.683769
79374 30 21 34
0.706650 0.448204 0.547503 135.015518
81678 30 21 35
0.849423 0.398813 0.345585 141.154800
37950 30 22 16
-0.480890 0.184773 0.857090 103.561867
40254 30 22 17
-0.648333 0.382941 0.658044 118.519272
42558 30 22 18
-0.685900 0.722586 -0.086089 122.707520
74814 30 22 32
0.770659 0.352760 0.530702 123.184486
40302 30 23 17
-0.505035 -0.296225 0.810673 119.104996
58734 30 23 25
0.644100 0.512723 0.567670 109.886253
61038 30 23 26
0.729771 0.570129 0.377343 119.129128
77214 30 24 33
0.700937 -0.532583 0.474387 132.270920
79518 30 24 34
0.628359 -0.690160 0.358949 136.790421
81822 30 24 35
0.636995 -0.767474 0.072259 139.035660
84126 30 24 36
0.718291 -0.624671 -0.306342 138.034409
86430 30 24 37
0.818058 -0.208622 -0.535965 134.200470
88734 30 24 38
0.832786 0.210250 -0.512116 128.656494
91038 30 24 39
0.786237 0.429814 -0.443950 122.059105
93342 30 24 40
0.726283 0.509475 -0.461462 113.780403
95646 30 24 41
0.651546 0.517091 -0.555072 102.223907
72654 30 25 31
0.596573 -0.773916 -0.212496 120.546860
74958 30 25 32
0.463468 -0.884513 0.053236 119.641434
77262 30 25 33
0.377531 -0.910865 0.166721 121.667549
79566 30 25 34
0.352826 -0.920948 0.165436 124.830750
81870 30 25 35
0.386583 -0.916241 0.105147 127.403816
84174 30 25 36
0.492900 -0.869642 0.027787 128.568924
86478 30 25 37
0.687525 -0.724980 -0.041398 128.462769
88782 30 25 38
0.899524 -0.423166 -0.108567 127.478386
91086 30 25 39
0.973195 -0.078588 -0.216139 125.336105
93390 30 25 40
0.910354 0.139740 -0.389523 120.620705
38142 30 26 16
-0.735505 -0.293707 0.610548 91.153984
40446 30 26 17
-0.815831 -0.524034 0.244558 97.705185
61182 30 26 26
0.389705 -0.577961 0.717002 125.823250
63486 30 26 27
0.521358 -0.838261 0.159704 132.183090
65790 30 26 28
0.415118 -0.833744 -0.364072 130.144562
68094 30 26 29
0.311183 -0.810077 -0.496932 122.226234
70398 30 26 30
0.260124 -0.862700 -0.433688 112.590019
72702 30 26 31
0.233653 -0.935097 -0.266460 104.870453
98046 30 26 42
0.629950 -0.147937 -0.762416 97.505524
100350 30 26 43
0.469558 -0.062657 -0.880675 78.148857
33582 30 27 14
-0.730111 -0.246373 0.637369 64.690765
35886 30 27 15
-0.733654 -0.376910 0.565411 75.928223
38190 30 27 16
-0.770409 -0.506643 0.387017 84.702057
40494 30 27 17
-0.803970 -0.589373 0.079195 88.980400
42798 30 27 18
-0.771158 -0.592476 -0.232998 87.335831
45102 30 27 19
-0.708381 -0.576921 -0.406643 80.335472
56622 30 27 24
-0.058333 -0.571289 0.818673 85.821945
58926 30 27 25
0.051340 -0.663203 0.746677 101.754616
61230 30 27 26
0.113088 -0.889501 0.442717 113.448288
63534 30 27 27
0.115884 -0.992220 -0.045495 117.024597
33630 30 28 14
-0.664644 -0.572323 0.480306 56.511642
35934 30 28 15
-0.647125 -0.650514 0.397569 65.588326
38238 30 28 16
-0.664766 -0.703303 0.251895 72.610260
40542 30 28 17
-0.697812 -0.715693 0.029029 75.770569
42846 30 28 18
-0.701175 -0.681105 -0.210833 73.631187
45150 30 28 19
-0.672486 -0.640851 -0.370234 66.609581
56670 30 28 24
-0.085137 -0.718505 0.690292 72.750473
58974 30 28 25
-0.030907 -0.842513 0.537788 86.089035
61278 30 28 26
-0.020382 -0.980203 0.196941 94.284691
63582 30 28 27
-0.024742 -0.987358 -0.156566 94.441086
95838 30 28 41
0.443597 -0.873492 -0.200581 81.982582
98142 30 28 42
0.397503 -0.787217 -0.471467 73.909401
100446 30 28 43
0.330000 -0.653074 -0.681612 60.439610
56718 30 29 24
-0.081071 -0.836157 0.542465 56.606899
59022 30 29 25
-0.057638 -0.933906 0.352841 66.445816
61326 30 29 26
-0.063044 -0.996672 0.051680 71.135933
63630 30 29 27
-0.070109 -0.973944 -0.215679 68.825630
95886 30 29 41
0.320507 -0.940008 -0.116880 59.469910
86095 31 17 37
-0.155132 0.986382 -0.054630 78.780273
88399 31 17 38
-0.113924 0.907960 -0.403273 72.688538
86143 31 18 37
-0.159853 0.970590 -0.180006 104.525574
88447 31 18 38
-0.085446 0.804779 -0.587393 94.915146
90751 31 18 39
0.005290 0.608114 -0.793832 76.598579
86191 31 19 37
-0.141162 0.883217 -0.447214 124.173233
88495 31 19 38
-0.009648 0.585949 -0.810290 111.411095
90799 31 19 39
0.092844 0.432170 -0.897000 90.447357
63199 31 20 27
0.427932 0.859358 0.279960 88.596970
65503 31 20 28
0.459525 0.868294 0.186824 93.439453
67807 31 20 29
0.454793 0.872922 0.176550 96.706039
70111 31 20 30
0.418572 0.869376 0.262646 100.427132
72415 31 20 31
0.361771 0.854455 0.372866 105.957130
74719 31 20 32
0.294936 0.843806 0.448336 113.487549
77023 31 20 33
0.212500 0.845620 0.489663 122.372444
79327 31 20 34
0.103162 0.862511 0.495411 131.343246
83935 31 20 36
-0.189639 0.965088 -0.180670 140.241028
86239 31 20 37
-0.060985 0.491523 -0.868727 134.493454
88543 31 20 38
0.099372 0.283696 -0.953751 120.244095
40207 31 21 17
-0.653707 0.665452 0.360333 92.099373
77071 31 21 33
0.254001 0.623623 0.739309 133.632706
79375 31 21 34
0.136636 0.653735 0.744286 141.115265
81679 31 21 35
-0.156975 0.838443 0.521893 145.320679
40255 31 22 17
-0.751906 0.373831 0.543036 105.498245
42559 31 22 18
-0.804543 0.572711 0.157206 112.760521
49471 31 22 21
-0.273809 0.752631 -0.598812 96.323944
40303 31 23 17
-0.765104 -0.110464 0.634360 108.350655
42607 31 23 18
-0.948486 -0.190597 0.253075 116.241302
44911 31 23 19
-0.875753 -0.230062 -0.424415 115.492958
47215 31 23 20
-0.578146 -0.192767 -0.792835 108.898201
49519 31 23 21
-0.461449 -0.158855 -0.872829 100.628410
58735 31 23 25
0.208650 0.475758 0.854470 117.637566
61039 31 23 26
0.334856 0.679232 0.653081 129.056992
40351 31 24 17
-0.730248 -0.424829 0.535031 102.551186
42655 31 24 18
-0.747354 -0.648074 0.146500 109.131577
61087 31 24 26
0.098306 0.216664 0.971284 135.117355
77215 31 24 33
-0.169979 -0.839512 0.516069 135.460297
79519 31 24 34
-0.296872 -0.891286 0.342749 138.923477
81823 31 24 35
-0.443848 -0.895538 0.031771 140.447189
95647 31 24 41
0.191991 0.638791 -0.745040 112.248146
97951 31 24 42
0.165634 0.519224 -0.838434 95.956505
100255 31 24 43
0.129708 0.428529 -0.894170 74.677063
61135 31 25 26
-0.247195 -0.378224 0.892099 133.740082
63439 31 25 27
-0.343133 -0.743699 0.573734 142.053055
70351 31 25 30
-0.028159 -0.817895 -0.574678 129.386307
72655 31 25 31
-0.034763 -0.962716 -0.268273 124.346024
74959 31 25 32
-0.057221 -0.998169 0.019628 122.882126
77263 31 25 33
-0.080094 -0.984488 0.156101 124.460716
79567 31 25 34
-0.103966 -0.978743 0.176787 127.380310
81871 31 25 35
-0.134424 -0.981189 0.138555 130.000046
84175 31 25 36
-0.179604 -0.979797 0.087975 131.590057
86479 31 25 37
-0.253988 -0.965513 0.057224 132.341614
88783 31 25 38
-0.394325 -0.918956 -0.005292 132.608231
95695 31 25 41
0.036496 0.261023 -0.964643 119.818367
97999 31 25 42
0.047848 0.219515 -0.974435 104.254257
100303 31 25 43
0.041030 0.192977 -0.980345 82.649956
61183 31 26 26
-0.423816 -0.671211 0.608157 124.653023
63487 31 26 27
-0.423701 -0.891232 0.161812 131.861877
65791 31 26 28
-0.305138 -0.914947 -0.264128 130.504379
68095 31 26 29
-0.193412 -0.889507 -0.413966 123.177185
84223 31 26 36
-0.005753 -0.977680 0.210022 114.548157
86527 31 26 37
-0.018535 -0.969585 0.244054 119.189072
88831 31 26 38
-0.054628 -0.967451 0.247091 123.383156
91135 31 26 39
-0.116133 -0.987807 0.103681 125.968941
93439 31 26 40
-0.169268 -0.912490 -0.372437 124.957245
95743 31 26 41
-0.131826 -0.546768 -0.826841 118.059631
98047 31 26 42
-0.078987 -0.273689 -0.958569 103.925941
100351 31 26 43
-0.049894 -0.138246 -0.989140 83.448631
102655 31 26 44
-0.035307 -0.065227 -0.997246 60.002048
40495 31 27 17
-0.848890 -0.526189 0.050118 71.979980
42799 31 27 18
-0.797647 -0.574715 -0.182926 70.371384
56623 31 27 24
-0.441288 -0.524315 0.728257 79.952660
58927 31 27 25
-0.458816 -0.626351 0.630216 96.596512
91183 31 27 39
-0.032694 -0.984198 0.174025 109.841217
93487 31 27 40
-0.100615 -0.991503 -0.082459 111.059830
95791 31 27 41
-0.142545 -0.882931 -0.447340 106.198578
98095 31 27 42
-0.136465 -0.666882 -0.732561 94.317787
100399 31 27 43
-0.109483 -0.468237 -0.876794 76.397118
102703 31 27 44
-0.084119 -0.328691 -0.940684 55.485275
42847 31 28 18
-0.757349 -0.624794 -0.189879 56.581631
56671 31 28 24
-0.453737 -0.632642 0.627604 66.504059
58975 31 28 25
-0.473863 -0.750463 0.460715 79.760315
91231 31 28 39
-0.002053 -0.980649 0.195761 86.245026
93535 31 28 40
-0.064530 -0.997887 0.007533 89.047081
95839 31 28 41
-0.115228 -0.960695 -0.252563 86.200272
98143 31 28 42
-0.135163 -0.847866 -0.512693 77.115807
100447 31 28 43
-0.127143 -0.696332 -0.706368 62.800667
102751 31 28 44
-0.107060 -0.553563 -0.825897 45.855251
56719 31 29 24
-0.420673 -0.749846 0.510652 51.158966
59023 31 29 25
-0.435448 -0.844470 0.311860 60.525715
88400 32 17 38
-0.399917 0.859529 -0.318240 65.702187
88448 32 18 38
-0.433940 0.783031 -0.445599 87.933769
90752 32 18 39
-0.299735 0.665460 -0.683610 72.630791
88496 32 19 38
-0.451624 0.643919 -0.617580 106.044273
90800 32 19 39
-0.252426 0.545941 -0.798893 88.498024
60896 32 20 26
0.045609 0.880680 0.471510 85.959930
63200 32 20 27
0.064792 0.941300 0.331296 94.175423
65504 32 20 28
0.032413 0.984094 0.174669 98.479805
67808 32 20 29
-0.056811 0.989348 0.134028 100.547668
70112 32 20 30
-0.165603 0.954861 0.246607 102.994118
72416 32 20 31
-0.242636 0.894076 0.376505 107.429108
74720 32 20 32
-0.300054 0.854184 0.424661 113.801346
77024 32 20 33
-0.380082 0.832511 0.403068 121.008186
79328 32 20 34
-0.505049 0.797281 0.330558 127.678276
83936 32 20 36
-0.783278 0.612953 -0.103749 133.244095
86240 32 20 37
-0.712230 0.485393 -0.507071 128.534714
88544 32 20 38
-0.441901 0.412417 -0.796640 117.210716
49424 32 21 21
-0.459916 0.866246 -0.195178 75.150330
74768 32 21 32
-0.584116 0.524761 0.619221 123.695534
77072 32 21 33
-0.674012 0.466702 0.572624 130.998779
79376 32 21 34
-0.829445 0.396985 0.392967 136.882248
81680 32 21 35
-0.964392 0.254515 0.071899 139.644531
40256 32 22 17
-0.814708 0.318321 0.484688 85.888550
47168 32 22 20
-0.762585 0.586017 -0.273949 95.016968
49472 32 22 21
-0.688510 0.635650 -0.349146 89.564758
51776 32 22 22
-0.663298 0.737912 -0.124583 85.817543
40304 32 23 17
-0.847929 -0.050528 0.527696 89.486176
42608 32 23 18
-0.951512 -0.087035 0.295042 99.623344
44912 32 23 19
-0.990925 -0.128266 -0.040193 102.339821
47216 32 23 20
-0.923625 -0.164740 -0.346090 99.060074
49520 32 23 21
-0.880285 -0.190479 -0.434529 93.249229
51824 32 23 22
-0.976270 -0.181900 -0.117514 89.541649
58736 32 23 25
-0.497351 0.234850 0.835157 115.216019
61040 32 23 26
-0.577880 0.424331 0.697135 127.445351
42656 32 24 18
-0.854754 -0.472003 0.215889 92.743530
47264 32 24 20
-0.707896 -0.656088 -0.261594 90.807076
49568 32 24 21
-0.666772 -0.696666 -0.264711 85.414154
61088 32 24 26
-0.713632 -0.109673 0.691883 129.567001
63392 32 24 27
-0.936501 -0.012090 0.350457 137.730179
77216 32 24 33
-0.833990 -0.506067 0.219901 129.457230
79520 32 24 34
-0.847297 -0.513773 0.134633 131.938492
97952 32 24 42
-0.388121 0.363127 -0.847054 93.516663
100256 32 24 43
-0.271709 0.316936 -0.908695 72.909019
61136 32 25 26
-0.708871 -0.425628 0.562444 123.664413
63440 32 25 27
-0.817925 -0.507351 0.271280 132.848282
65744 32 25 28
-0.814632 -0.569077 -0.111921 134.299438
70352 32 25 30
-0.636977 -0.684648 -0.354284 123.975571
72656 32 25 31
-0.592466 -0.780655 -0.198901 119.263344
74960 32 25 32
-0.557933 -0.829873 -0.004559 117.610870
77264 32 25 33
-0.544810 -0.831294 0.110147 118.732231
79568 32 25 34
-0.571090 -0.810597 0.129573 121.112175
81872 32 25 35
-0.643161 -0.760717 0.087487 123.168045
84176 32 25 36
-0.755233 -0.654806 0.029186 124.159477
86480 32 25 37
-0.874420 -0.485142 -0.005110 124.308327
98000 32 25 42
-0.588527 0.039284 -0.807523 98.000885
100304 32 25 43
-0.420318 0.070874 -0.904605 77.759834
63488 32 26 27
-0.706254 -0.690872 0.154598 118.519722
65792 32 26 28
-0.633676 -0.766382 -0.105419 119.015442
68096 32 26 29
-0.527701 -0.810965 -0.252719 113.960129
70400 32 26 30
-0.438520 -0.857990 -0.267496 106.823853
84224 32 26 36
-0.470284 -0.866024 0.169812 109.135071
86528 32 26 37
-0.603221 -0.781719 0.158238 112.666550
88832 32 26 38
-0.740507 -0.662460 0.113122 115.449127
91136 32 26 39
-0.835034 -0.550188 0.003213 116.717407
93440 32 26 40
-0.862458 -0.467132 -0.194817 114.940521
88880 32 27 38
-0.502718 -0.843824 0.187713 98.377701
91184 32 27 39
-0.619402 -0.781892 0.070613 101.665123
93488 32 27 40
-0.688824 -0.716328 -0.111337 101.283638
102704 32 27 44
-0.433417 -0.335075 -0.836585 49.404671
88928 32 28 38
-0.344571 -0.911485 0.224646 75.353394
91232 32 28 39
-0.448210 -0.886915 0.111756 79.979317
93536 32 28 40
-0.527288 -0.848172 -0.050714 80.884415
102752 32 28 44
-0.427150 -0.520917 -0.739045 40.143459
60897 33 20 26
-0.404171 0.765938 0.499985 82.300919
63201 33 20 27
-0.494362 0.805800 0.326025 90.423218
65505 33 20 28
-0.606262 0.787042 0.114066 94.022186
74721 33 20 32
-0.752684 0.597380 0.276775 103.835350
77025 33 20 33
-0.762750 0.601092 0.238539 109.217010
79329 33 20 34
-0.797984 0.581092 0.159856 113.708038
83937 33 20 36
-0.882991 0.464147 -0.069955 116.302704
86241 33 20 37
-0.869673 0.424045 -0.252695 112.643501
88545 33 20 38
-0.763436 0.435620 -0.476865 104.401314
90849 33 20 39
-0.568334 0.485933 -0.663977 91.374214
60945 33 21 26
-0.617870 0.642569 0.453146 96.743637
79377 33 21 34
-0.961704 0.214923 0.170097 122.346870
81681 33 21 35
-0.984687 0.173814 0.013410 124.193558
83985 33 21 36
-0.981318 0.125151 -0.146126 122.868607
86289 33 21 37
-0.942907 0.114488 -0.312759 118.434647
88593 33 21 38
-0.843280 0.191726 -0.502116 110.898712
90897 33 21 39
-0.653101 0.349772 -0.671654 100.117744
93201 33 21 40
-0.438305 0.492074 -0.752165 86.148552
49473 33 22 21
-0.899933 0.414754 -0.134536 75.210815
51777 33 22 22
-0.905560 0.424055 0.011783 73.668785
54081 33 22 23
-0.851613 0.407583 0.329593 76.544586
56385 33 22 24
-0.753424 0.372749 0.541674 85.042244
58689 33 22 25
-0.736694 0.374792 0.562861 96.895805
90945 33 22 39
-0.817304 0.186726 -0.545113 104.699310
93249 33 22 40
-0.632958 0.396911 -0.664700 94.673416
95553 33 22 41
-0.457063 0.499627 -0.735844 81.287773
42609 33 23 18
-0.952903 -0.053916 0.298445 76.337906
44913 33 23 19
-0.992621 -0.081640 0.089655 81.322304
47217 33 23 20
-0.988104 -0.113984 -0.103243 81.077896
49521 33 23 21
-0.975401 -0.143753 -0.167119 78.001381
56433 33 23 24
-0.831089 -0.042055 0.554547 88.366982
58737 33 23 25
-0.822466 0.024052 0.568306 101.285286
61041 33 23 26
-0.897251 0.097698 0.430576 113.075012
63345 33 23 27
-0.969214 0.181798 0.166052 119.704308
65649 33 23 28
-0.965227 0.244844 -0.091585 120.303978
95601 33 23 41
-0.705271 0.319887 -0.632665 89.721741
97905 33 23 42
-0.543250 0.357467 -0.759669 74.762138
47265 33 24 20
-0.851080 -0.513562 -0.109162 73.421700
63393 33 24 27
-0.964668 -0.154172 0.213650 119.932869
65697 33 24 28
-0.994461 -0.099698 -0.033292 121.988304
68001 33 24 29
-0.980266 -0.069910 -0.184908 119.405540
97953 33 24 42
-0.725427 0.121545 -0.677483 80.302834
100257 33 24 43
-0.574028 0.153039 -0.804408 62.345280
63441 33 25 27
-0.877734 -0.428578 0.214253 111.826637
65745 33 25 28
-0.892943 -0.450134 0.005725 114.898598
68049 33 25 29
-0.869011 -0.473114 -0.144857 112.913628
70353 33 25 30
-0.838471 -0.512598 -0.184958 108.689857
72657 33 25 31
-0.816306 -0.565472 -0.117843 105.068970
74961 33 25 32
-0.796285 -0.604899 -0.005193 103.698502
77265 33 25 33
-0.785322 -0.614810 0.072654 104.576797
79569 33 25 34
-0.798673 -0.596213 0.081555 106.461166
98001 33 25 42
-0.815896 -0.105328 -0.568524 80.369873
100305 33 25 43
-0.680985 -0.052268 -0.730430 63.529762
63489 33 26 27
-0.789906 -0.590642 0.164898 95.706635
65793 33 26 28
-0.758205 -0.651995 -0.005308 98.212158
68097 33 26 29
-0.700707 -0.702596 -0.123969 96.034538
81921 33 26 35
-0.645910 -0.755062 0.112618 92.090622
84225 33 26 36
-0.729890 -0.678903 0.079690 94.544731
86529 33 26 37
-0.820235 -0.570950 0.035083 95.958458
86577 33 27 37
-0.659086 -0.741495 0.125658 78.977013
88881 33 27 38
-0.756821 -0.650904 0.059557 81.475937
88929 33 28 38
-0.616245 -0.778855 0.116735 62.261028
65410 34 18 28
-0.491426 0.854161 0.170029 56.495377
67714 34 18 29
-0.529199 0.848317 0.017522 58.057396
70018 34 18 30
-0.548210 0.835158 -0.044461 57.668747
72322 34 18 31
-0.553105 0.832047 -0.042105 56.751053
63154 34 19 27
-0.651335 0.678028 0.340648 65.842285
65458 34 19 28
-0.735428 0.662888 0.140447 70.280602
67762 34 19 29
-0.779977 0.625611 0.015715 71.497620
70066 34 19 30
-0.791265 0.611431 0.007150 71.562653
72370 34 19 31
-0.776346 0.628451 0.048330 72.106003
63202 34 20 27
-0.835799 0.487489 0.252574 77.263870
65506 34 20 28
-0.904637 0.422029 0.059354 80.261566
74722 34 20 32
-0.911373 0.377587 0.163791 85.576630
77026 34 20 33
-0.897969 0.418354 0.136500 89.317764
79330 34 20 34
-0.894760 0.440032 0.076007 92.113014
90850 34 20 39
-0.766055 0.467502 -0.441137 75.049042
79378 34 21 34
-0.980614 0.164972 0.105734 99.998001
81682 34 21 35
-0.985102 0.171776 0.008144 101.452309
90898 34 21 39
-0.857399 0.295701 -0.421222 84.214905
93202 34 21 40
-0.728383 0.395849 -0.559251 73.286827
81730 34 22 35
-0.999121 -0.041697 0.004358 102.865753
90946 34 22 39
-0.937876 0.073986 -0.338991 88.208794
93250 34 22 40
-0.859105 0.197719 -0.472066 79.801956
61042 34 23 26
-0.952736 -0.020982 0.303073 88.859268
63346 34 23 27
-0.990557 0.028913 0.134022 95.149002
65650 34 23 28
-0.996489 0.080195 -0.024056 96.561310
93298 34 23 40
-0.941653 -0.016923 -0.336159 81.639343
95602 34 23 41
-0.868876 0.082845 -0.488049 72.522743
97906 34 23 42
-0.754882 0.160721 -0.635863 59.767979
68002 34 24 29
-0.991961 -0.101836 -0.075118 95.097244
70306 34 24 30
-0.990735 -0.099085 -0.092879 92.671280
72610 34 24 31
-0.990544 -0.132403 -0.035948 90.928329
74914 34 24 32
-0.981854 -0.184488 0.043893 91.046890
97954 34 24 42
-0.845051 -0.042291 -0.533010 61.050007
68050 34 25 29
-0.920780 -0.387250 -0.046924 88.117447
70354 34 25 30
-0.911415 -0.401704 -0.089201 86.026108
72658 34 25 31
-0.902066 -0.427389 -0.060121 83.900894
74962 34 25 32
-0.891580 -0.452783 0.008510 83.211212
77266 34 25 33
-0.882702 -0.465760 0.062490 84.190178
79570 34 25 34
-0.884262 -0.462240 0.066448 85.936005
81874 34 25 35
-0.897980 -0.439620 0.019143 87.092712
81922 34 26 35
-0.776398 -0.626265 0.070704 73.599426
63107 35 18 27
-0.703229 0.632237 0.325186 41.295383
65411 35 18 28
-0.762308 0.633282 0.133573 45.234318
67715 35 18 29
-0.783743 0.620893 -0.015450 46.144085
63155 35 19 27
-0.855957 0.436018 0.277896 51.010536
65459 35 19 28
-0.912748 0.396822 0.097073 54.561714
67763 35 19 29
-0.929708 0.368002 -0.014751 55.191090
63203 35 20 27
-0.945046 0.261765 0.195877 58.017376
74723 35 20 32
-0.961606 0.253082 0.106126 63.036362
77027 35 20 33
-0.945755 0.312315 0.089484 65.544693
79331 35 20 34
-0.931725 0.360598 0.043097 67.300171
79379 35 21 34
-0.983979 0.153437 0.090786 74.088951
81683 35 21 35
-0.982125 0.187261 0.019090 75.556610
90899 35 21 39
-0.916842 0.266868 -0.296954 63.472801
93203 35 21 40
-0.850031 0.317467 -0.420311 55.251915
81731 35 22 35
-0.999129 0.010146 0.040483 78.014648
84035 35 22 36
-0.998767 0.018889 -0.045918 77.949211
90947 35 22 39
-0.961944 0.054908 -0.267673 67.228889
93251 35 22 40
-0.921858 0.111384 -0.371175 60.110779
84083 35 23 36
-0.989942 -0.132229 -0.050300 76.560539
86387 35 23 37
-0.980193 -0.145729 -0.134109 74.453445
68003 35 24 29
-0.994124 -0.106870 -0.017240 67.057396
70307 35 24 30
-0.994755 -0.095277 -0.037201 66.182632
72611 35 24 31
-0.993726 -0.111803 -0.003108 65.558739
74915 35 24 32
-0.987410 -0.147956 0.055950 66.218254
70355 35 25 30
-0.944422 -0.327332 -0.030357 60.651642
72659 35 25 31
-0.940494 -0.339350 -0.017688 59.925560
74963 35 25 32
-0.933409 -0.357562 0.029949 60.038853
77267 35 25 33
-0.924083 -0.374890 0.074344 61.366711
79571 35 25 34
-0.918154 -0.387809 0.081231 63.362507
84084 36 23 36
-0.996732 -0.080773 -0.000440 54.857697
86388 36 23 37
-0.989148 -0.091017 -0.115335 53.691982
86436 36 24 37
-0.955995 -0.261350 -0.133303 50.269772
86437 37 24 37
-0.968294 -0.223841 -0.110915 33.989338
88741 37 24 38
-0.938342 -0.233917 -0.254552 31.245157
86485 37 25 37
-0.907643 -0.403291 -0.116359 29.419205
88789 37 25 38
-0.879148 -0.398754 -0.260948 26.792805
88790 38 25 38
-0.890048 -0.370046 -0.266234 16.798410
