2.000000
24 24 24
15.049833 44.357960 45.181336
-8.950167 20.357960 21.181335
127.025341 3042.893701 850.620813
6506 2 7 11
0.911540 0.409254 0.040077 52.922447
7082 2 7 12
0.868003 0.444020 -0.222300 50.597889
6530 2 8 11
0.977023 0.198039 0.078783 61.146633
7106 2 8 12
0.951106 0.239928 -0.194506 59.568573
6531 3 8 11
0.967428 0.247397 0.053638 90.787529
7107 3 8 12
0.913592 0.305439 -0.268435 87.313271
7683 3 8 13
0.782161 0.337063 -0.524035 74.570297
7779 3 12 13
0.972550 -0.219927 -0.076014 81.208748
6532 4 8 11
0.956804 0.290673 0.005906 122.666672
7108 4 8 12
0.849149 0.366491 -0.380303 116.308517
7684 4 8 13
0.667653 0.387822 -0.635479 98.577332
5980 4 9 10
0.897321 -0.078448 0.434352 117.828438
6556 4 9 11
0.994823 -0.015666 0.100411 127.100014
6004 4 10 10
0.837145 -0.284006 0.467472 111.396873
7756 4 11 13
0.926026 -0.072264 -0.370477 112.258911
8332 4 11 14
0.748089 0.132526 -0.650230 97.988075
7780 4 12 13
0.952569 -0.260209 -0.157807 108.071518
8356 4 12 14
0.857501 -0.058299 -0.511168 99.366043
8932 4 12 15
0.667156 0.104991 -0.737482 82.766609
7804 4 13 13
0.872461 -0.488401 0.016640 97.897217
8380 4 13 14
0.871417 -0.370513 -0.321484 94.017288
8956 4 13 15
0.748171 -0.205142 -0.630997 81.774033
9532 4 13 16
0.581479 -0.070508 -0.810500 63.567276
9556 4 14 16
0.600656 -0.389006 -0.698489 58.049030
6533 5 8 11
0.938858 0.334537 -0.081424 152.160492
7109 5 8 12
0.732330 0.418937 -0.536828 142.306473
7685 5 8 13
0.511298 0.417252 -0.751316 119.661850
5405 5 9 9
0.675986 -0.184284 0.713500 125.125839
5981 5 9 10
0.837900 -0.176220 0.516595 146.511581
6557 5 9 11
0.993381 -0.090260 0.071048 155.585419
7133 5 9 12
0.862985 0.083267 -0.498320 149.845062
7709 5 9 13
0.590914 0.208485 -0.779330 130.442657
5429 5 10 9
0.592146 -0.353585 0.724113 115.304489
6005 5 10 10
0.723281 -0.401733 0.561671 137.164276
4877 5 11 8
0.458353 -0.400836 0.793249 76.316086
5453 5 11 9
0.531898 -0.454308 0.714625 101.290901
7205 5 12 12
0.850972 -0.497347 0.168798 131.159958
7781 5 12 13
0.899754 -0.299389 -0.317504 129.969803
8357 5 12 14
0.684197 -0.006994 -0.729264 118.233696
8933 5 12 15
0.449432 0.166596 -0.877643 97.717674
7229 5 13 12
0.733545 -0.618569 0.281574 116.609283
7805 5 13 13
0.816980 -0.574595 -0.048817 120.185127
8381 5 13 14
0.766612 -0.400671 -0.501766 113.935349
8957 5 13 15
0.565860 -0.172076 -0.806345 98.164078
9533 5 13 16
0.389028 -0.026295 -0.920851 75.827072
8981 5 14 15
0.570080 -0.567093 -0.594487 88.756058
9557 5 14 16
0.431707 -0.386510 -0.815009 70.595192
5262 6 3 9
0.416358 0.909115 0.012527 65.519310
5838 6 3 10
0.346026 0.879677 -0.326244 61.068436
5286 6 4 9
0.516111 0.851352 0.093963 89.985725
5862 6 4 10
0.415866 0.861609 -0.291007 86.600662
5310 6 5 9
0.617062 0.750467 0.236713 114.118851
5886 6 5 10
0.502466 0.841120 -0.200114 114.334358
5334 6 6 9
0.695349 0.573640 0.432928 134.904861
5910 6 6 10
0.620924 0.782668 -0.043402 141.077850
5358 6 7 9
0.715717 0.295131 0.632966 148.841721
5934 6 7 10
0.780369 0.592912 0.198696 161.827255
5958 6 8 10
0.863108 0.135464 0.486513 171.521820
6534 6 8 11
0.872025 0.420151 -0.251089 174.731201
7110 6 8 12
0.520208 0.464545 -0.716646 161.576706
7686 6 8 13
0.321371 0.430164 -0.843611 135.050888
6558 6 9 11
0.962580 -0.270976 0.003442 176.435287
7134 6 9 12
0.670287 0.037205 -0.741169 168.409515
7710 6 9 13
0.378692 0.191102 -0.905579 145.840881
8286 6 9 14
0.247581 0.257168 -0.934114 113.796768
5454 6 11 9
0.364410 -0.518169 0.773761 116.253571
5478 6 12 9
0.344010 -0.537698 0.769765 98.900414
6054 6 12 10
0.426156 -0.578633 0.695396 122.112236
5502 6 13 9
0.350683 -0.572157 0.741389 81.297180
6078 6 13 10
0.428472 -0.606057 0.670154 103.908279
7230 6 13 12
0.658567 -0.682655 0.316658 134.889526
7806 6 13 13
0.758225 -0.631828 -0.160897 137.246796
7830 6 14 13
0.589010 -0.807718 0.025669 119.941666
8982 6 14 15
0.428348 -0.548440 -0.718144 101.430756
9558 6 14 16
0.291696 -0.351448 -0.889605 79.821495
9582 6 15 16
0.288074 -0.653368 -0.700088 66.018425
5263 7 3 9
0.044961 0.998824 -0.018127 71.789276
5839 7 3 10
0.016117 0.929745 -0.367850 66.166664
5287 7 4 9
0.094021 0.993975 0.056340 99.143425
5863 7 4 10
0.044929 0.935041 -0.351682 94.110970
5311 7 5 9
0.177714 0.960730 0.213111 126.409012
5887 7 5 10
0.095280 0.953800 -0.284934 124.558434
5335 7 6 9
0.301865 0.822327 0.482345 149.961227
5911 7 6 10
0.187538 0.970890 -0.149005 153.843796
5359 7 7 9
0.421533 0.437090 0.794520 165.498428
5935 7 7 10
0.393108 0.908050 0.144604 176.266098
6511 7 7 11
0.188142 0.853804 -0.485408 170.816437
5383 7 8 9
0.425143 -0.089037 0.900736 169.454742
5959 7 8 10
0.673651 0.198632 0.711856 186.170166
6535 7 8 11
0.507449 0.654845 -0.560065 187.129913
7111 7 8 12
0.196072 0.513880 -0.835155 171.791168
7687 7 8 13
0.119363 0.449119 -0.885463 143.276505
7711 7 9 13
0.174859 0.187190 -0.966636 154.405869
8287 7 9 14
0.122730 0.250883 -0.960206 120.586029
7735 7 10 13
0.233557 -0.005294 -0.972329 156.705017
8311 7 10 14
0.148410 0.178599 -0.972665 127.903618
5479 7 12 9
0.248161 -0.541115 0.803499 108.212440
6055 7 12 10
0.296809 -0.575513 0.762030 132.519196
5503 7 13 9
0.262380 -0.547411 0.794668 90.823441
6079 7 13 10
0.322344 -0.577083 0.750379 115.574638
6655 7 13 11
0.430520 -0.628631 0.647669 136.076431
7231 7 13 12
0.610381 -0.696961 0.376405 148.471420
7807 7 13 13
0.738753 -0.603463 -0.300127 149.926071
6679 7 14 11
0.423616 -0.716195 0.554630 116.367714
7255 7 14 12
0.507237 -0.792860 0.337764 130.427826
7831 7 14 13
0.558977 -0.828574 -0.031785 135.036682
8983 7 14 15
0.352808 -0.485287 -0.800014 111.515053
9559 7 14 16
0.231291 -0.304330 -0.924060 86.898529
9007 7 15 15
0.327359 -0.771754 -0.545189 92.689102
9583 7 15 16
0.236048 -0.620047 -0.748213 73.122490
4688 8 3 8
-0.300940 0.894415 0.330842 63.783436
5264 8 3 9
-0.332148 0.942364 -0.040339 67.700027
4712 8 4 8
-0.313448 0.843476 0.436232 88.068077
5288 8 4 9
-0.361179 0.932367 0.015578 94.851501
5864 8 4 10
-0.327221 0.882740 -0.337189 89.201126
4736 8 5 8
-0.291322 0.756571 0.585433 112.016510
5312 8 5 9
-0.371763 0.918574 0.134216 123.101486
4760 8 6 8
-0.216806 0.592034 0.776203 132.392395
5336 8 6 9
-0.354757 0.864072 0.357108 148.910202
4208 8 7 7
0.034647 0.178876 0.983261 114.979019
4784 8 7 8
-0.080033 0.298615 0.951012 145.634628
5360 8 7 9
-0.268641 0.625794 0.732266 167.541946
5936 8 7 10
-0.373588 0.926934 0.035009 175.885941
6512 8 7 11
-0.274357 0.846287 -0.456648 169.125122
7088 8 7 12
-0.180589 0.741677 -0.645990 149.064453
5384 8 8 9
-0.044061 0.020697 0.998814 174.577835
5960 8 8 10
-0.365554 0.564679 0.739938 188.746185
6536 8 8 11
-0.306751 0.766119 -0.564770 188.122818
7112 8 8 12
-0.144326 0.580139 -0.801629 172.329330
7688 8 8 13
-0.069438 0.498715 -0.863980 144.132721
7712 8 9 13
0.010660 0.243735 -0.969783 157.184418
8288 8 9 14
0.032884 0.285286 -0.957878 123.444611
7736 8 10 13
0.122180 0.045759 -0.991453 160.941757
8312 8 10 14
0.098593 0.207441 -0.973266 131.901657
7808 8 13 13
0.793808 -0.454923 -0.403625 160.492203
6104 8 14 10
0.322010 -0.601293 0.731271 106.828102
6680 8 14 11
0.397945 -0.671344 0.625250 129.217056
7256 8 14 12
0.510767 -0.767768 0.386846 144.324188
7832 8 14 13
0.592117 -0.802211 -0.076518 148.683624
8408 8 14 14
0.508628 -0.632208 -0.584474 140.681351
8984 8 14 15
0.353189 -0.407667 -0.842060 121.199142
9560 8 14 16
0.242325 -0.260424 -0.934589 93.911606
4761 9 6 8
-0.577735 0.603839 0.549182 119.010834
4209 9 7 7
-0.317058 0.337907 0.886168 110.287399
4785 9 7 8
-0.495723 0.451375 0.741970 136.541321
3657 9 8 6
-0.022093 0.107803 0.993927 87.280914
4233 9 8 7
-0.134101 0.105894 0.985294 117.514694
4809 9 8 8
-0.300342 0.156751 0.940863 145.876602
5385 9 8 9
-0.534475 0.325518 0.779983 167.942749
5961 9 8 10
-0.727690 0.620961 0.291332 179.733673
6537 9 8 11
-0.593625 0.731003 -0.336518 178.644714
7113 9 8 12
-0.371726 0.662456 -0.650363 164.184113
7689 9 8 13
-0.221252 0.582855 -0.781874 138.431091
3681 9 9 6
0.155710 -0.119558 0.980541 87.155342
4257 9 9 7
0.094458 -0.172732 0.980429 116.493805
5409 9 9 9
-0.146222 -0.231232 0.961848 169.006653
5985 9 9 10
-0.460972 -0.161332 0.872626 184.656555
6561 9 9 11
-0.841142 0.361126 -0.402576 188.443268
7137 9 9 12
-0.283465 0.395221 -0.873755 178.458832
7713 9 9 13
-0.116815 0.378772 -0.918088 155.456406
8289 9 9 14
-0.036809 0.372540 -0.927286 123.330330
8865 9 9 15
0.013461 0.374101 -0.927290 88.272575
3705 9 10 6
0.301664 -0.320808 0.897820 80.556709
7737 9 10 13
0.063281 0.192281 -0.979297 163.160126
8313 9 10 14
0.077002 0.291520 -0.953461 134.826141
6681 9 14 11
0.427782 -0.600926 0.675196 141.768188
7257 9 14 12
0.561681 -0.696707 0.446221 157.788879
7833 9 14 13
0.679298 -0.727260 -0.098221 162.370621
8409 9 14 14
0.558548 -0.523283 -0.643583 153.530624
8985 9 14 15
0.388265 -0.327231 -0.861493 132.209305
9561 9 14 16
0.280936 -0.218355 -0.934557 102.486595
3658 10 8 6
-0.285481 0.299893 0.910255 82.717255
4234 10 8 7
-0.412420 0.343976 0.843558 108.999687
5386 10 8 9
-0.671604 0.549639 0.496835 151.619766
5962 10 8 10
-0.706579 0.686656 0.171028 161.778137
6538 10 8 11
-0.621460 0.760135 -0.189689 161.350769
7114 10 8 12
-0.467825 0.744537 -0.476241 149.582336
3682 10 9 6
-0.082347 0.086131 0.992875 88.376877
4258 10 9 7
-0.161024 0.099665 0.981905 115.747017
5410 10 9 9
-0.447777 0.261067 0.855184 162.691559
5986 10 9 10
-0.662854 0.512523 0.545843 176.433548
6562 10 9 11
-0.664380 0.730494 -0.158043 179.782028
7138 10 9 12
-0.399615 0.656851 -0.639418 170.925308
7714 10 9 13
-0.208925 0.557664 -0.803343 150.226700
8290 10 9 14
-0.094498 0.499506 -0.861141 120.845695
8866 10 9 15
-0.018289 0.470325 -0.882304 88.168060
3706 10 10 6
0.146189 -0.167673 0.974943 87.217697
4282 10 10 7
0.148126 -0.196738 0.969202 114.322510
5434 10 10 9
0.086746 -0.239933 0.966906 162.781906
6010 10 10 10
0.015868 -0.227378 0.973677 178.964752
6586 10 10 11
-0.483277 0.438887 0.757510 185.825714
7162 10 10 12
-0.070775 0.439143 -0.895625 181.012604
7738 10 10 13
0.004179 0.414799 -0.909904 164.017197
8314 10 10 14
0.050121 0.420387 -0.905960 137.007172
8890 10 10 15
0.087088 0.431818 -0.897746 104.620964
9538 10 13 16
0.268305 0.152567 -0.951176 113.188126
6682 10 14 11
0.483484 -0.533250 0.694181 155.432205
7258 10 14 12
0.621578 -0.602257 0.500926 171.625549
7834 10 14 13
0.776811 -0.620634 -0.106669 176.478806
8410 10 14 14
0.597358 -0.398453 -0.695988 167.368286
8986 10 14 15
0.407772 -0.241901 -0.880458 144.823410
9562 10 14 16
0.303660 -0.171115 -0.937289 112.962273
6706 10 15 11
0.491208 -0.633544 0.597777 136.377945
7282 10 15 12
0.569799 -0.727243 0.382685 153.304504
3683 11 9 6
-0.322739 0.305642 0.895780 82.632286
5411 11 9 9
-0.537383 0.603857 0.588707 150.369400
5987 11 9 10
-0.582440 0.744339 0.326687 163.166565
6563 11 9 11
-0.546020 0.836057 -0.053575 166.941086
7139 11 9 12
-0.413024 0.808293 -0.419611 159.964752
7715 11 9 13
-0.260179 0.716113 -0.647680 142.305756
8291 11 9 14
-0.136387 0.634126 -0.761106 116.479256
8867 11 9 15
-0.040802 0.580624 -0.813149 87.050232
3131 11 10 5
-0.102814 0.026832 0.994339 61.660065
3707 11 10 6
-0.103976 0.064872 0.992462 87.923347
4283 11 10 7
-0.109465 0.117148 0.987063 115.059448
5435 11 10 9
-0.176794 0.313470 0.932995 162.082520
6011 11 10 10
-0.276638 0.573576 0.771027 177.225891
6587 11 10 11
-0.351955 0.931400 0.092850 183.482834
7163 11 10 12
-0.196299 0.788270 -0.583179 178.923203
7739 11 10 13
-0.072092 0.629955 -0.773279 163.148560
8315 11 10 14
0.006634 0.561510 -0.827443 138.015350
8891 11 10 15
0.066637 0.532129 -0.844037 107.509117
3731 11 11 6
0.122239 -0.185163 0.975076 86.108253
4307 11 11 7
0.189846 -0.184670 0.964290 113.929405
9539 11 13 16
0.242684 0.181262 -0.953021 122.842857
7259 11 14 12
0.627947 -0.538846 0.561541 184.754211
7835 11 14 13
0.834638 -0.534680 -0.132272 189.447723
8411 11 14 14
0.559919 -0.265580 -0.784830 180.443085
8987 11 14 15
0.366818 -0.150624 -0.918018 157.441849
9563 11 14 16
0.279851 -0.117145 -0.952870 124.106339
6707 11 15 11
0.498156 -0.581934 0.642802 153.391846
7283 11 15 12
0.578910 -0.671867 0.462016 170.520966
7859 11 15 13
0.671827 -0.740459 -0.019229 176.878006
7307 11 16 12
0.598342 -0.718387 0.354834 148.872787
8292 12 9 14
-0.155839 0.749388 -0.643531 110.904121
5436 12 10 9
-0.373480 0.625850 0.684708 155.172104
6012 12 10 10
-0.386917 0.792311 0.471741 170.568176
6588 12 10 11
-0.365784 0.927069 0.082132 177.363937
7164 12 10 12
-0.266906 0.895735 -0.355555 173.889893
7740 12 10 13
-0.146088 0.774601 -0.615347 159.956390
8316 12 10 14
-0.044968 0.682708 -0.729306 137.342529
8892 12 10 15
0.040451 0.626695 -0.778214 109.517387
3732 12 11 6
-0.146046 0.025688 0.988944 85.771637
4308 12 11 7
-0.110620 0.086946 0.990052 115.166176
4884 12 11 8
-0.064503 0.160508 0.984925 143.109955
5460 12 11 9
-0.015123 0.262700 0.964759 166.719315
6036 12 11 10
0.028174 0.470642 0.881875 183.673065
6612 12 11 11
0.048023 0.920110 0.388704 192.143402
7188 12 11 12
0.021697 0.883604 -0.467732 190.888702
4332 12 12 7
0.127142 -0.193496 0.972828 113.328079
4908 12 12 8
0.227293 -0.206648 0.951648 142.160629
5484 12 12 9
0.334947 -0.227306 0.914408 166.651382
6060 12 12 10
0.451777 -0.229360 0.862144 184.930176
4356 12 13 7
0.279313 -0.367071 0.887267 104.020309
4932 12 13 8
0.371969 -0.410581 0.832503 132.304901
9540 12 13 16
0.161434 0.206619 -0.965012 130.605835
10116 12 13 17
0.165065 0.144973 -0.975570 93.864700
8412 12 14 14
0.319125 -0.127551 -0.939090 189.235703
8988 12 14 15
0.218573 -0.059780 -0.973988 166.805878
9564 12 14 16
0.188708 -0.062931 -0.980015 133.296494
6708 12 15 11
0.384430 -0.600531 0.701125 167.099426
7284 12 15 12
0.417876 -0.692457 0.588118 183.066055
7860 12 15 13
0.551530 -0.834140 0.004980 189.508774
8436 12 15 14
0.435043 -0.560573 -0.704624 182.144684
7308 12 16 12
0.449434 -0.753550 0.479761 165.740433
7884 12 16 13
0.540832 -0.840793 0.023833 172.915848
6780 12 18 11
0.401093 -0.781377 0.478095 100.739716
7356 12 18 12
0.444481 -0.842710 0.303770 114.650795
7932 12 18 13
0.497427 -0.867374 0.015135 120.531601
8508 12 18 14
0.508764 -0.800780 -0.316087 115.048874
9084 12 18 15
0.470062 -0.674904 -0.568810 98.271065
7380 12 19 12
0.391617 -0.885584 0.249752 84.594810
7956 12 19 13
0.432458 -0.901443 0.019516 89.393982
8532 12 19 14
0.453310 -0.855856 -0.249040 85.429642
9108 12 19 15
0.440555 -0.756373 -0.483540 72.782608
7165 13 10 12
-0.299022 0.929840 -0.214436 165.840042
7741 13 10 13
-0.198806 0.854928 -0.479140 154.360870
8317 13 10 14
-0.092805 0.771289 -0.629683 134.860489
8893 13 10 15
0.013330 0.705638 -0.708447 110.517494
4309 13 11 7
-0.354697 0.279400 0.892259 107.400742
4885 13 11 8
-0.335991 0.384470 0.859821 136.686249
5461 13 11 9
-0.313341 0.514163 0.798407 162.098083
6037 13 11 10
-0.300720 0.700008 0.647731 180.560745
6613 13 11 11
-0.293534 0.923783 0.245891 189.835861
7189 13 11 12
-0.229138 0.917699 -0.324536 188.904251
7765 13 11 13
-0.140561 0.772551 -0.619199 178.167908
8341 13 11 14
-0.057624 0.681049 -0.729967 159.197266
4333 13 12 7
-0.179594 0.013101 0.983654 112.343750
4909 13 12 8
-0.127904 0.040916 0.990942 143.554337
5485 13 12 9
-0.060277 0.063056 0.996188 170.012894
6061 13 12 10
0.005688 0.114274 0.993433 188.944061
6637 13 12 11
-0.004694 0.463154 0.886265 199.034103
4357 13 13 7
-0.009741 -0.227681 0.973687 108.614929
4933 13 13 8
0.070782 -0.285002 0.955910 139.590988
5509 13 13 9
0.160075 -0.376422 0.912514 165.729279
6085 13 13 10
0.219842 -0.489848 0.843634 184.929626
9541 13 13 16
0.021862 0.212314 -0.976957 134.111038
10117 13 13 17
0.074436 0.137051 -0.987763 98.429779
4381 13 14 7
0.107374 -0.385763 0.916328 98.238014
4957 13 14 8
0.180218 -0.470309 0.863904 127.417824
8413 13 14 14
-0.261143 -0.019952 -0.965094 190.065170
8989 13 14 15
-0.065488 0.010197 -0.997801 169.312256
9565 13 14 16
0.023714 -0.020368 -0.999511 137.462646
4981 13 15 8
0.218754 -0.557464 0.800863 110.762459
7285 13 15 12
-0.127948 -0.759010 0.638383 186.440247
7861 13 15 13
-0.324000 -0.944941 0.045946 192.219727
8437 13 15 14
-0.124314 -0.505826 -0.853631 186.012253
9013 13 15 15
0.023902 -0.274404 -0.961317 165.503448
7309 13 16 12
-0.044284 -0.810755 0.583709 171.547684
7885 13 16 13
-0.040728 -0.991802 0.121124 179.381622
8461 13 16 14
0.076868 -0.775135 -0.627102 174.188995
6757 13 17 11
0.039377 -0.784398 0.619006 134.287277
7333 13 17 12
0.021720 -0.876123 0.481599 150.651352
7909 13 17 13
0.078878 -0.991453 0.103920 158.992966
8485 13 17 14
0.171898 -0.879382 -0.444002 154.461349
6205 13 18 10
0.073977 -0.805864 0.587461 90.864578
6781 13 18 11
0.042039 -0.850950 0.523562 108.584145
7357 13 18 12
0.048881 -0.924658 0.377649 123.522614
7933 13 18 13
0.104545 -0.991125 0.082109 131.256454
8509 13 18 14
0.178847 -0.931338 -0.317210 127.557732
9085 13 18 15
0.220902 -0.754650 -0.617823 111.339783
9661 13 18 16
0.231914 -0.590643 -0.772888 86.088608
6805 13 19 11
0.036384 -0.901084 0.432115 80.166977
7381 13 19 12
0.048403 -0.953684 0.296891 92.307396
7957 13 19 13
0.090993 -0.993532 0.067933 98.711067
8533 13 19 14
0.147157 -0.962092 -0.229617 96.065842
9109 13 19 15
0.189910 -0.846148 -0.497963 83.623329
6614 14 11 11
-0.392607 0.886506 0.244880 182.496506
7190 14 11 12
-0.352471 0.906839 -0.231100 182.705078
7766 14 11 13
-0.271787 0.790965 -0.548184 172.876099
8342 14 11 14
-0.180911 0.702903 -0.687894 155.630554
8918 14 11 15
-0.074474 0.638140 -0.766310 133.487457
5486 14 12 9
-0.346495 0.259830 0.901348 164.157883
6062 14 12 10
-0.378992 0.351794 0.855924 185.257797
6638 14 12 11
-0.594232 0.605215 0.529720 195.941071
7214 14 12 12
-0.616862 0.648766 -0.445628 196.099152
9518 14 12 16
-0.066149 0.379156 -0.922965 123.055840
5510 14 13 9
-0.212103 -0.216131 0.953048 164.875107
6086 14 13 10
-0.227636 -0.393164 0.890844 184.896713
9542 14 13 16
-0.158438 0.181529 -0.970538 131.927032
10118 14 13 17
-0.046541 0.105752 -0.993303 99.015236
4958 14 14 8
-0.141525 -0.390491 0.909663 127.942802
5534 14 14 9
-0.113865 -0.541073 0.833232 154.267242
8990 14 14 15
-0.389800 0.028033 -0.920473 163.246155
9566 14 14 16
-0.183028 -0.000246 -0.983108 134.783157
4982 14 15 8
-0.098852 -0.548145 0.830521 112.664482
8438 14 15 14
-0.714921 -0.340336 -0.610786 178.386612
9014 14 15 15
-0.355542 -0.200883 -0.912818 161.057556
5006 14 16 8
-0.104458 -0.635412 0.765075 94.202194
7886 14 16 13
-0.674309 -0.721973 0.155122 171.740921
8462 14 16 14
-0.581279 -0.661733 -0.473523 168.930130
9038 14 16 15
-0.258472 -0.446969 -0.856394 152.479065
5030 14 17 8
-0.129903 -0.696030 0.706164 74.798996
5606 14 17 9
-0.187195 -0.755872 0.627388 93.919327
6182 14 17 10
-0.273748 -0.772570 0.572885 111.833153
7910 14 17 13
-0.494035 -0.851463 0.175899 153.091187
8486 14 17 14
-0.392941 -0.860027 -0.325501 151.599472
9062 14 17 15
-0.167503 -0.665326 -0.727519 136.494354
5630 14 18 9
-0.208710 -0.794413 0.570393 71.615410
6206 14 18 10
-0.276932 -0.807981 0.520072 87.556358
6782 14 18 11
-0.336471 -0.815370 0.471125 103.440025
8510 14 18 14
-0.269628 -0.937700 -0.219135 126.055420
9086 14 18 15
-0.120379 -0.811040 -0.572472 113.158981
9662 14 18 16
0.003176 -0.639313 -0.768940 90.268982
8534 14 19 14
-0.207165 -0.966049 -0.154377 94.927971
9110 14 19 15
-0.106390 -0.891277 -0.440802 84.982613
9686 14 19 16
-0.010800 -0.760990 -0.648674 67.356728
7191 15 11 12
-0.407872 0.896384 -0.173596 173.705841
7767 15 11 13
-0.357967 0.779237 -0.514441 164.737473
8343 15 11 14
-0.293505 0.684585 -0.667232 148.952835
6639 15 12 11
-0.693330 0.579411 0.428459 187.975067
7215 15 12 12
-0.730368 0.534216 -0.425647 187.944061
9519 15 12 16
-0.225044 0.296879 -0.928018 118.841133
10095 15 12 17
-0.097679 0.200341 -0.974845 91.759720
5511 15 13 9
-0.405406 -0.086406 0.910044 155.758835
6087 15 13 10
-0.481721 -0.251401 0.839490 177.928329
6663 15 13 11
-0.739361 -0.525569 0.420860 188.623352
7239 15 13 12
-0.830859 -0.411428 -0.374701 188.546188
9543 15 13 16
-0.325917 0.118298 -0.937968 124.486641
10119 15 13 17
-0.175501 0.056879 -0.982835 95.408958
5535 15 14 9
-0.348703 -0.464319 0.814134 147.172974
6111 15 14 10
-0.378455 -0.677548 0.630635 166.963211
9015 15 15 15
-0.601507 -0.168661 -0.780860 148.549500
9591 15 15 16
-0.319368 -0.119062 -0.940122 124.486015
9039 15 16 15
-0.560011 -0.421795 -0.713075 141.447159
9615 15 16 16
-0.260930 -0.298782 -0.917957 118.335587
8487 15 17 14
-0.663832 -0.735757 -0.134126 136.744843
9063 15 17 15
-0.469164 -0.671801 -0.573209 126.980446
9639 15 17 16
-0.212977 -0.515639 -0.829914 105.939262
8511 15 18 14
-0.531300 -0.843737 -0.076350 112.653313
9087 15 18 15
-0.383130 -0.819097 -0.426955 104.777008
10024 16 9 17
0.017137 0.769613 -0.638280 55.812939
7192 16 11 12
-0.440407 0.888023 -0.132125 163.397247
7768 16 11 13
-0.408189 0.757971 -0.508784 155.129868
8344 16 11 14
-0.376092 0.640663 -0.669407 140.226654
10072 16 11 17
-0.156650 0.323535 -0.933159 81.908119
6640 16 12 11
-0.693976 0.565494 0.445662 177.280106
7216 16 12 12
-0.753217 0.511379 -0.413711 177.805679
9520 16 12 16
-0.362380 0.197267 -0.910915 111.100891
10096 16 12 17
-0.241607 0.114159 -0.963636 87.137016
6088 16 13 10
-0.539353 -0.151440 0.828350 166.779297
6664 16 13 11
-0.797164 -0.435419 0.418259 179.011673
7240 16 13 12
-0.769336 -0.431704 -0.470907 178.292908
9544 16 13 16
-0.411795 0.064537 -0.908988 114.143311
10120 16 13 17
-0.274235 0.021126 -0.961431 88.707626
5536 16 14 9
-0.425996 -0.398354 0.812306 134.692215
6112 16 14 10
-0.441544 -0.631338 0.637535 156.514664
9592 16 15 16
-0.382631 -0.085488 -0.919938 114.377228
9616 16 16 16
-0.346750 -0.311307 -0.884789 109.688873
9640 16 17 16
-0.310483 -0.587739 -0.747103 98.288734
10025 17 9 17
-0.216187 0.747051 -0.628632 53.777485
10601 17 9 18
-0.184483 0.605117 -0.774467 40.094673
7169 17 10 12
-0.319556 0.946995 0.032936 125.774422
10049 17 10 17
-0.294572 0.525412 -0.798229 67.406380
10625 17 10 18
-0.237217 0.378118 -0.894849 49.583820
6617 17 11 11
-0.455009 0.797534 0.396114 147.396500
7193 17 11 12
-0.485441 0.870701 -0.078905 152.210510
7769 17 11 13
-0.442376 0.747340 -0.495769 144.899460
9497 17 11 16
-0.406535 0.383413 -0.829291 95.641167
10073 17 11 17
-0.348514 0.254336 -0.902137 75.960190
10649 17 11 18
-0.272897 0.149877 -0.950297 55.019985
6641 17 12 11
-0.675458 0.550656 0.490443 164.952850
7217 17 12 12
-0.751748 0.570947 -0.329991 167.075180
10097 17 12 17
-0.351577 0.077564 -0.932940 79.567162
6089 17 13 10
-0.539191 -0.066840 0.839527 153.482117
6665 17 13 11
-0.794041 -0.275138 0.542031 168.400879
7241 17 13 12
-0.771863 -0.379979 -0.509749 168.985153
5537 17 14 9
-0.434137 -0.341403 0.833648 120.098534
6113 17 14 10
-0.441918 -0.557635 0.702675 144.667328
6689 17 14 11
-0.442310 -0.826409 0.348440 157.910690
5561 17 15 9
-0.396784 -0.597182 0.697092 103.475395
6137 17 15 10
-0.351246 -0.773848 0.527054 124.166313
9641 17 17 16
-0.289055 -0.699747 -0.653300 91.014259
10217 17 17 17
-0.110179 -0.486633 -0.866631 73.299599
7146 18 9 12
-0.296405 0.948987 0.107550 84.356003
6594 18 10 11
-0.400759 0.830101 0.387717 106.320625
7170 18 10 12
-0.410897 0.908412 0.077144 114.285461
10050 18 10 17
-0.473496 0.461340 -0.750312 59.000946
6618 18 11 11
-0.521807 0.734050 0.434613 132.580185
7194 18 11 12
-0.555341 0.831603 0.005673 139.368698
10074 18 11 17
-0.464834 0.240009 -0.852247 66.571671
6642 18 12 11
-0.669686 0.527579 0.522667 150.552841
7218 18 12 12
-0.749364 0.649346 -0.129628 155.499985
6090 18 13 10
-0.550192 0.015709 0.834891 138.303085
6666 18 13 11
-0.756818 -0.042612 0.652235 156.563034
7242 18 13 12
-0.947693 -0.092155 -0.305590 160.535919
6114 18 14 10
-0.457587 -0.441404 0.771866 131.894409
6690 18 14 11
-0.464769 -0.703261 0.537971 148.972305
6138 18 15 10
-0.335591 -0.715495 0.612736 113.227112
6714 18 15 11
-0.250861 -0.880974 0.401190 129.029648
7290 18 15 12
-0.146654 -0.981082 0.126377 136.000473
6738 18 16 11
-0.201962 -0.914547 0.350450 101.140709
7314 18 16 12
-0.142153 -0.963923 0.225044 110.101089
9642 18 17 16
-0.246452 -0.787741 -0.564558 85.506798
10218 18 17 17
-0.155886 -0.543644 -0.824712 70.459068
10794 18 17 18
-0.079331 -0.362221 -0.928710 51.116898
10242 18 18 17
-0.171499 -0.773740 -0.609848 55.766964
7147 19 9 12
-0.424907 0.894713 0.137633 73.302620
6595 19 10 11
-0.509410 0.756621 0.409911 90.875916
7171 19 10 12
-0.528428 0.839189 0.128551 99.787476
7747 19 10 13
-0.502444 0.845085 -0.182703 98.966034
7195 19 11 12
-0.631840 0.767962 0.104943 123.606773
6643 19 12 11
-0.683100 0.500168 0.532172 132.968536
6667 19 13 11
-0.731829 0.128104 0.669340 141.846329
7243 19 13 12
-0.947929 0.279675 0.152357 150.461945
6691 19 14 11
-0.563009 -0.463880 0.683986 138.060165
7267 19 14 12
-0.621256 -0.724724 0.298021 147.767609
6715 19 15 11
-0.323802 -0.778962 0.537001 121.095207
7291 19 15 12
-0.222958 -0.931564 0.287189 132.239914
7867 19 15 13
-0.110423 -0.988787 -0.100531 134.571121
8443 19 15 14
-0.072721 -0.782820 -0.617984 129.108932
6739 19 16 11
-0.215119 -0.874738 0.434233 94.614670
7315 19 16 12
-0.139764 -0.947326 0.288165 106.333450
7891 19 16 13
-0.098064 -0.987850 0.120565 112.395264
10195 19 16 17
-0.250547 -0.220315 -0.942702 74.519302
9643 19 17 16
-0.310952 -0.802047 -0.509932 79.865631
10219 19 17 17
-0.289313 -0.570153 -0.768911 65.803978
10795 19 17 18
-0.233562 -0.381139 -0.894529 47.953304
7724 20 9 13
-0.540756 0.838308 -0.069441 60.660194
7748 20 10 13
-0.610258 0.784858 -0.107622 83.062325
8324 20 10 14
-0.562043 0.746049 -0.357097 76.496292
8348 20 11 14
-0.563103 0.683068 -0.465117 95.860031
8924 20 11 15
-0.497034 0.574472 -0.650338 80.721924
8372 20 12 14
-0.524257 0.612810 -0.591286 112.854759
8948 20 12 15
-0.415296 0.494764 -0.763373 94.957756
6668 20 13 11
-0.743197 0.207562 0.636063 122.704224
6692 20 14 11
-0.668762 -0.247266 0.701154 122.470413
7268 20 14 12
-0.825026 -0.310861 0.471908 136.610138
7292 20 15 12
-0.478952 -0.772674 0.416629 124.019554
7868 20 15 13
-0.484156 -0.874602 0.025769 129.467728
8444 20 15 14
-0.465749 -0.705976 -0.533550 125.123680
9020 20 15 15
-0.410047 -0.332482 -0.849304 111.983498
9596 20 15 16
-0.373238 -0.082365 -0.924072 92.213089
7892 20 16 13
-0.291097 -0.946216 0.141200 107.377914
8468 20 16 14
-0.341057 -0.927892 -0.150650 107.554558
9044 20 16 15
-0.422337 -0.756615 -0.499164 100.116890
9620 20 16 16
-0.453067 -0.475993 -0.753765 85.828529
10196 20 16 17
-0.425660 -0.249448 -0.869822 66.831825
10772 20 16 18
-0.378280 -0.115356 -0.918476 46.544315
10220 20 17 17
-0.457308 -0.553396 -0.696149 57.609413
10796 20 17 18
-0.411696 -0.383904 -0.826513 41.438782
8373 21 12 14
-0.682192 0.602157 -0.414755 96.807640
8949 21 12 15
-0.559467 0.516764 -0.648037 81.601471
8397 21 13 14
-0.746200 0.445625 -0.494575 111.167320
8973 21 13 15
-0.566117 0.384887 -0.728954 94.492317
6693 21 14 11
-0.752765 -0.117783 0.647667 101.287048
7269 21 14 12
-0.889889 -0.108452 0.443098 117.500969
7845 21 14 13
-0.998551 -0.053783 0.001792 123.375557
8421 21 14 14
-0.850057 0.046044 -0.524673 117.601120
8997 21 14 15
-0.625351 0.116603 -0.771583 101.653641
7869 21 15 13
-0.787123 -0.609609 0.093885 115.384445
8445 21 15 14
-0.780948 -0.508844 -0.362213 112.329041
9021 21 15 15
-0.673065 -0.298105 -0.676844 99.568649
8469 21 16 14
-0.592510 -0.791422 -0.150277 95.227615
9045 21 16 15
-0.623830 -0.643251 -0.443919 87.172287
8374 22 12 14
-0.796985 0.535210 -0.279939 75.489571
8950 22 12 15
-0.698142 0.485797 -0.525927 63.925339
8398 22 13 14
-0.876159 0.364495 -0.315418 88.856628
8974 22 13 15
-0.743158 0.335421 -0.578973 75.714073
6694 22 14 11
-0.816244 -0.050173 0.575525 76.316719
7270 22 14 12
-0.923198 -0.032698 0.382930 91.535545
7846 22 14 13
-0.997881 -0.001593 0.065040 98.454796
8422 22 14 14
-0.948081 0.039934 -0.315512 94.948067
8998 22 14 15
-0.801883 0.077717 -0.592405 81.884903
7870 22 15 13
-0.905051 -0.412670 0.102886 92.394142
8446 22 15 14
-0.900721 -0.360037 -0.243054 90.436577
9022 22 15 15
-0.814309 -0.253845 -0.521980 79.458847
7894 22 16 13
-0.725132 -0.676692 0.127561 75.779930
8470 22 16 14
-0.755915 -0.640122 -0.137243 75.699020
