2.000000
48 48 48
12.186372 32.082246 37.090985
-35.813629 -15.917753 -10.909016
124.812160 4901.193266 1277.803718
49593 9 25 21
0.987408 -0.155028 -0.031504 98.205185
51897 9 25 22
0.863720 -0.134796 -0.485611 91.706413
54201 9 25 23
0.634471 -0.092229 -0.767425 75.421913
51945 9 26 22
0.789949 -0.454923 -0.411128 84.152908
54249 9 26 23
0.613302 -0.352883 -0.706636 69.687981
51610 10 19 22
0.781568 0.357922 -0.510924 93.984413
53914 10 19 23
0.652061 0.337760 -0.678774 75.201172
47050 10 20 20
0.997815 -0.042629 0.050473 115.666466
51658 10 20 22
0.840731 0.102194 -0.531721 101.026024
53962 10 20 23
0.681460 0.112225 -0.723200 81.905785
49546 10 24 21
0.952239 0.199801 -0.230913 119.965012
51850 10 24 22
0.668051 0.148266 -0.729194 109.507484
54154 10 24 23
0.438190 0.092964 -0.894062 89.021034
47290 10 25 20
0.930606 -0.188064 0.314013 118.503128
49594 10 25 21
0.944394 -0.230949 -0.234059 120.095970
51898 10 25 22
0.653438 -0.173385 -0.736856 109.614044
54202 10 25 23
0.418191 -0.106672 -0.902074 89.134209
49642 10 26 21
0.764567 -0.625572 -0.155229 110.467285
51946 10 26 22
0.598564 -0.527049 -0.603275 101.354347
54250 10 26 23
0.420377 -0.363131 -0.831516 82.904091
54298 10 27 23
0.435034 -0.550143 -0.712803 70.964363
54346 10 28 23
0.467484 -0.646248 -0.603177 56.613785
52090 10 29 22
0.584364 -0.779157 -0.226788 50.226715
54394 10 29 23
0.511439 -0.684083 -0.520059 42.977711
52138 10 30 22
0.627753 -0.759098 -0.172326 36.385052
42347 11 18 18
0.871070 0.422351 0.250713 126.003571
44699 11 19 19
0.972960 0.138829 0.184595 139.939758
47003 11 19 20
0.928533 0.332826 -0.164481 140.249878
49307 11 19 21
0.770106 0.426738 -0.474163 132.050919
51611 11 19 22
0.598618 0.421425 -0.681218 115.609215
53915 11 19 23
0.464015 0.372317 -0.803785 92.607780
44747 11 20 19
0.883601 -0.301168 0.358534 137.349976
47051 11 20 20
0.983872 -0.178862 0.002120 141.891678
49355 11 20 21
0.891975 -0.020176 -0.451634 137.102829
51659 11 20 22
0.672265 0.071011 -0.736897 122.558144
53963 11 20 23
0.501472 0.096100 -0.859820 99.767700
51707 11 21 22
0.663836 -0.147352 -0.733218 121.118248
54011 11 21 23
0.495812 -0.074839 -0.865199 99.664597
47195 11 23 20
0.917490 0.265575 0.296111 130.947479
49547 11 24 21
0.771590 0.258301 -0.581317 133.905746
51851 11 24 22
0.427379 0.112434 -0.897054 120.940575
54155 11 24 23
0.318729 0.049607 -0.946547 98.816284
44987 11 25 19
0.823209 -0.131739 0.552242 128.470581
47291 11 25 20
0.946618 -0.249684 0.203893 136.582336
49595 11 25 21
0.753019 -0.288246 -0.591503 134.114944
51899 11 25 22
0.407802 -0.174848 -0.896173 120.690338
45035 11 26 19
0.731538 -0.530359 0.428453 119.636833
47339 11 26 20
0.708074 -0.693313 0.133969 127.135056
49643 11 26 21
0.589852 -0.719794 -0.366020 125.057732
52139 11 30 22
0.619376 -0.741253 -0.258684 47.017300
54443 11 30 23
0.508051 -0.673919 -0.536393 39.877666
37692 12 17 16
0.595182 0.532948 0.601435 108.867958
39996 12 17 17
0.593131 0.731437 0.336445 122.081398
37740 12 18 16
0.585741 0.053213 0.808749 117.202827
40044 12 18 17
0.685098 0.279669 0.672627 135.391846
42348 12 18 18
0.719371 0.609449 0.333282 145.651550
44652 12 18 19
0.601130 0.794821 -0.083079 147.808319
40092 12 19 17
0.526201 -0.317391 0.788908 134.258362
42396 12 19 18
0.672925 -0.215078 0.707752 149.343201
44700 12 19 19
0.933394 0.147567 0.327108 156.669510
47004 12 19 20
0.759805 0.519385 -0.391070 155.970444
49308 12 19 21
0.493669 0.529773 -0.689660 146.863464
51612 12 19 22
0.356659 0.466005 -0.809712 129.140152
53916 12 19 23
0.277689 0.399296 -0.873757 104.156204
56220 12 19 24
0.228536 0.343334 -0.910985 75.667824
42444 12 20 18
0.428161 -0.574448 0.697630 140.757462
44748 12 20 19
0.542816 -0.643496 0.539688 152.178894
47052 12 20 20
0.811993 -0.581699 -0.047894 155.930008
49356 12 20 21
0.649180 -0.131976 -0.749098 150.829865
51660 12 20 22
0.437372 0.062902 -0.897078 135.912003
53964 12 20 23
0.338203 0.115593 -0.933947 112.053627
56268 12 20 24
0.286314 0.129510 -0.949343 83.052765
44796 12 21 19
0.438479 -0.653547 0.616938 141.356140
49404 12 21 21
0.627573 -0.557959 -0.542986 145.669739
51708 12 21 22
0.484594 -0.233444 -0.843014 133.637299
54012 12 21 23
0.397922 -0.088067 -0.913183 112.074570
42540 12 22 18
0.519229 -0.171941 0.837160 120.174614
42684 12 25 18
0.755599 -0.006591 0.655001 132.624649
44988 12 25 19
0.856579 -0.070184 0.511221 144.135208
47292 12 25 20
0.956116 -0.249009 -0.154395 147.155807
49596 12 25 21
0.495504 -0.233728 -0.836569 141.739502
42732 12 26 18
0.726905 -0.441787 0.525770 126.492104
45036 12 26 19
0.709079 -0.630112 0.316490 137.128754
47340 12 26 20
0.610998 -0.787426 -0.081496 139.738831
49644 12 26 21
0.457777 -0.703136 -0.544095 134.457306
45084 12 27 19
0.588003 -0.775331 0.230466 118.883774
54444 12 30 23
0.472986 -0.637972 -0.607681 48.955132
35389 13 17 15
0.352952 0.350466 0.867524 101.556671
37693 13 17 16
0.366880 0.589981 0.719250 121.336838
39997 13 17 17
0.350568 0.840777 0.412548 133.692642
35437 13 18 15
0.277605 -0.119846 0.953191 104.458855
37741 13 18 16
0.254059 -0.039302 0.966390 127.574440
40045 13 18 17
0.209318 0.219295 0.952941 143.873001
42349 13 18 18
0.172048 0.795166 0.581473 152.730408
40093 13 19 17
-0.005986 -0.498180 0.867053 140.207672
42397 13 19 18
-0.193925 -0.492959 0.848165 153.200546
56221 13 19 24
0.142077 0.385612 -0.911657 81.456429
40237 13 22 17
0.286316 0.000774 0.958135 110.451218
42541 13 22 18
0.115480 -0.065298 0.991161 125.823830
40285 13 23 17
0.428706 0.404813 0.807674 115.206787
42589 13 23 18
0.310699 0.546225 0.777885 129.845032
42685 13 25 18
0.750295 0.197425 0.630936 147.438766
44989 13 25 19
0.904656 0.282504 0.319044 153.148743
54205 13 25 23
0.506240 -0.150183 -0.849215 117.528999
40429 13 26 17
0.704355 -0.325321 0.630913 130.532822
42733 13 26 18
0.742045 -0.492170 0.455123 144.149078
45037 13 26 19
0.695166 -0.710412 0.109814 149.294830
47341 13 26 20
0.538558 -0.778436 -0.322479 147.939163
54253 13 26 23
0.455843 -0.332307 -0.825699 111.414543
40477 13 27 17
0.629400 -0.596526 0.498008 115.336098
42781 13 27 18
0.616839 -0.717946 0.322589 128.413940
45085 13 27 19
0.570237 -0.814538 0.106573 134.186905
54301 13 27 23
0.427350 -0.482932 -0.764296 100.712723
54349 13 28 23
0.418056 -0.568940 -0.708192 86.982040
35390 14 17 15
0.188060 0.296196 0.936430 108.128677
37694 14 17 16
0.145679 0.527123 0.837209 126.407120
35438 14 18 15
0.074284 -0.213418 0.974133 108.782936
37742 14 18 16
-0.097245 -0.223688 0.969797 128.916122
40046 14 18 17
-0.372402 -0.138253 0.917716 142.552444
51566 14 18 22
0.110286 0.622179 -0.775068 123.287384
53870 14 18 23
0.070659 0.562350 -0.823875 97.321960
40094 14 19 17
-0.401068 -0.579428 0.709512 135.846893
37934 14 22 16
0.240056 0.230980 0.942879 97.436935
40238 14 22 17
-0.028441 0.288244 0.957135 112.599800
42542 14 22 18
-0.286900 0.204702 0.935834 124.521652
37982 14 23 16
0.363881 0.514053 0.776749 105.958107
40286 14 23 17
0.186596 0.702039 0.687257 121.411552
42590 14 23 18
-0.032457 0.803546 0.594357 131.685394
40382 14 25 17
0.606289 0.386995 0.694730 147.610199
42686 14 25 18
0.565570 0.703121 0.430990 155.728622
44990 14 25 19
0.396246 0.909492 -0.125752 157.076141
54206 14 25 23
0.611590 -0.236624 -0.754962 131.413162
38126 14 26 16
0.632129 -0.220365 0.742868 129.985107
40430 14 26 17
0.707105 -0.322945 0.629054 148.025803
42734 14 26 18
0.787671 -0.526014 0.320753 156.172775
45038 14 26 19
0.664395 -0.709540 -0.234805 156.744141
40478 14 27 17
0.591939 -0.656816 0.467120 134.736435
42782 14 27 18
0.587346 -0.776030 0.229786 143.970108
54302 14 27 23
0.420541 -0.542719 -0.727049 111.768654
54350 14 28 23
0.360819 -0.612444 -0.703365 97.072464
54398 14 29 23
0.313643 -0.640927 -0.700600 81.318329
49886 14 31 21
0.476616 -0.800558 -0.363240 76.039558
49934 14 32 21
0.383962 -0.857676 -0.342001 59.704922
49982 14 33 21
0.293546 -0.907282 -0.301114 43.356438
44559 15 16 19
0.569278 0.817610 -0.086239 136.028503
46863 15 16 20
0.503803 0.735666 -0.452745 129.801544
49167 15 16 21
0.353442 0.636528 -0.685501 113.761444
35391 15 17 15
0.144819 0.178532 0.973218 111.494385
44607 15 17 19
0.474300 0.879822 0.030861 148.265289
46911 15 17 20
0.388873 0.746849 -0.539438 144.555115
49215 15 17 21
0.229237 0.620958 -0.749574 131.102325
51519 15 17 22
0.113364 0.558013 -0.822052 108.212799
35439 15 18 15
0.013231 -0.332113 0.943147 109.451897
51567 15 18 22
0.024866 0.562907 -0.826146 125.390305
49311 15 19 21
-0.036663 0.683058 -0.729443 153.456238
51615 15 19 22
0.009971 0.566783 -0.823807 140.233047
42447 15 20 18
-0.440309 -0.553790 0.706714 127.910400
49359 15 20 21
0.451782 0.890054 -0.060792 157.872147
51663 15 20 22
0.168208 0.543775 -0.822201 151.267319
53967 15 20 23
0.115936 0.479676 -0.869753 131.883591
51711 15 21 22
0.620844 0.391758 -0.679028 157.758728
54015 15 21 23
0.333496 0.372402 -0.866081 143.292267
56319 15 21 24
0.255825 0.356615 -0.898543 117.350830
37935 15 22 16
0.140678 0.541056 0.829137 100.419189
54159 15 24 23
0.695912 -0.180351 -0.695112 150.711044
56463 15 24 24
0.575234 -0.081886 -0.813880 131.688324
38079 15 25 16
0.516099 0.426736 0.742656 144.195526
40383 15 25 17
0.396338 0.777907 0.487624 155.716751
42687 15 25 18
0.116259 0.992767 0.029952 158.759705
54207 15 25 23
0.594339 -0.395135 -0.700449 144.928726
56511 15 25 24
0.572690 -0.258865 -0.777827 126.953056
38127 15 26 16
0.606250 -0.199973 0.769722 146.914307
40431 15 26 17
0.732088 -0.275940 0.622820 159.652802
42735 15 26 18
0.896137 -0.436675 -0.079082 162.805603
56559 15 26 24
0.531412 -0.432785 -0.728216 117.625206
38175 15 27 16
0.510436 -0.598088 0.617856 134.931427
40479 15 27 17
0.525751 -0.736765 0.425162 149.316895
42783 15 27 18
0.519892 -0.847899 0.103823 154.706650
51999 15 27 22
0.256625 -0.753511 -0.605280 134.173264
54303 15 27 23
0.326645 -0.671825 -0.664797 120.923378
52047 15 28 22
0.184395 -0.757811 -0.625877 119.173355
54351 15 28 23
0.238211 -0.713664 -0.658741 104.584412
49791 15 29 21
0.235355 -0.814416 -0.530409 115.390518
52095 15 29 22
0.132498 -0.746452 -0.652115 102.863098
54399 15 29 23
0.166990 -0.722488 -0.670914 87.256432
49839 15 30 21
0.176506 -0.832039 -0.525887 99.255241
42975 15 31 18
0.379051 -0.767129 0.517526 76.594193
49887 15 31 21
0.093804 -0.865828 -0.491470 81.934814
49935 15 32 21
0.018656 -0.902430 -0.430432 63.699177
47679 15 33 20
0.038711 -0.998027 -0.049436 49.629375
49983 15 33 21
-0.032182 -0.932407 -0.359975 45.691456
44512 16 15 19
0.481543 0.873761 -0.068254 130.039230
46816 16 15 20
0.385850 0.776452 -0.498239 122.776367
35344 16 16 15
0.279978 0.553188 0.784599 108.056496
46864 16 16 20
0.343540 0.686858 -0.640473 139.473389
49168 16 16 21
0.158098 0.533561 -0.830854 121.574646
35392 16 17 15
0.223863 0.037991 0.973880 114.939560
37696 16 17 16
0.213174 -0.021589 0.976776 129.685364
46912 16 17 20
0.202360 0.590013 -0.781623 148.786545
49216 16 17 21
0.033262 0.481789 -0.875656 134.515656
49264 16 18 21
-0.099243 0.520580 -0.848026 144.420975
49312 16 19 21
-0.178386 0.704545 -0.686873 152.498917
49360 16 20 21
0.056110 0.992614 0.107556 158.774719
35584 16 21 15
0.335240 0.073898 0.939230 87.357330
51712 16 21 22
0.244470 0.739933 -0.626684 162.833527
54016 16 21 23
0.099541 0.547460 -0.830891 148.730392
56320 16 21 24
0.099407 0.490844 -0.865558 123.356514
35632 16 22 15
0.374544 0.572596 0.729281 92.680092
51760 16 22 22
0.791333 0.516151 -0.327689 168.993011
54064 16 22 23
0.323656 0.399512 -0.857693 159.428574
56368 16 22 24
0.250171 0.365050 -0.896746 137.263596
58672 16 22 25
0.264367 0.363824 -0.893164 107.519157
51808 16 23 22
0.996601 -0.066623 -0.048451 170.668610
54112 16 23 23
0.534311 0.081629 -0.841337 163.897003
56416 16 23 24
0.400964 0.165689 -0.900986 144.989868
58720 16 23 25
0.399754 0.231912 -0.886800 117.815140
51856 16 24 22
0.803518 -0.585259 -0.108771 168.080139
54160 16 24 23
0.575692 -0.320039 -0.752432 162.108429
56464 16 24 24
0.513033 -0.087908 -0.853855 146.103989
58768 16 24 25
0.537578 0.074740 -0.839895 122.805504
38080 16 25 16
0.403050 0.701338 0.587942 153.431290
40384 16 25 17
0.128016 0.982821 0.132945 159.094208
49600 16 25 21
0.502280 -0.814070 0.291556 161.799316
51904 16 25 22
0.413750 -0.855432 -0.311524 161.307510
54208 16 25 23
0.453357 -0.623841 -0.636624 154.620819
35824 16 26 15
0.526719 -0.166709 0.833532 140.565170
38128 16 26 16
0.585275 -0.162892 0.794305 158.634796
40432 16 26 17
0.839736 -0.033684 0.541949 165.934814
42736 16 26 18
0.381101 0.327497 -0.864585 165.429214
51952 16 26 22
0.135301 -0.885495 -0.444513 150.544006
54256 16 26 23
0.300478 -0.778593 -0.550913 142.340729
63472 16 26 27
0.849861 0.060610 -0.523510 84.726280
35872 16 27 15
0.435011 -0.555060 0.708995 128.423599
38176 16 27 16
0.425806 -0.684295 0.591971 148.269730
40480 16 27 17
0.416957 -0.838535 0.350721 158.639984
52000 16 27 22
-0.000042 -0.853287 -0.521441 136.506882
54304 16 27 23
0.182278 -0.838086 -0.514185 126.482109
49744 16 28 21
-0.084600 -0.803074 -0.589843 131.763016
49792 16 29 21
-0.130302 -0.794109 -0.593644 116.199989
42928 16 30 18
0.248569 -0.877733 0.409632 105.475510
45232 16 30 19
0.127782 -0.988323 0.083008 111.582779
42976 16 31 18
0.154374 -0.885569 0.438105 83.229164
45280 16 31 19
0.014958 -0.990842 0.134197 90.387253
45328 16 32 19
-0.076125 -0.985462 0.151885 68.203537
42161 17 14 18
0.157557 0.953398 0.257309 111.423141
44465 17 14 19
0.132143 0.988104 -0.078664 114.351120
42209 17 15 18
0.170305 0.927841 0.331825 134.312927
44513 17 15 19
0.106244 0.985040 -0.135680 136.746170
46817 17 15 20
0.019104 0.768136 -0.640001 128.216187
49121 17 15 21
-0.031037 0.559275 -0.828401 107.556946
35345 17 16 15
0.298817 0.520561 0.799828 114.786354
37649 17 16 16
0.327417 0.619164 0.713746 129.488922
46865 17 16 20
-0.108155 0.575138 -0.810875 141.828369
49169 17 16 21
-0.120558 0.422869 -0.898135 122.092606
35393 17 17 15
0.334950 -0.055604 0.940594 120.066635
37697 17 17 16
0.388488 -0.240587 0.889492 133.139282
46913 17 17 20
-0.298430 0.357348 -0.885009 148.256210
49217 17 17 21
-0.214117 0.362759 -0.906951 132.259750
49265 17 18 21
-0.294881 0.431893 -0.852357 140.718857
35585 17 21 15
0.506677 0.201865 0.838170 92.243980
49409 17 21 21
0.022701 0.769402 0.638362 164.774551
51713 17 21 22
-0.195635 0.786650 -0.585584 162.794266
35633 17 22 15
0.400339 0.719391 0.567631 98.898544
51761 17 22 22
-0.026768 0.874201 -0.484825 171.881165
54065 17 22 23
-0.016356 0.573390 -0.819119 162.274185
51809 17 23 22
0.958900 0.010410 -0.283554 175.008133
54113 17 23 23
0.203266 0.242892 -0.948518 169.141068
51857 17 24 22
0.267036 -0.963686 -0.000309 172.022079
38081 17 25 16
0.240951 0.923500 0.298481 158.676987
40385 17 25 17
-0.002714 0.996447 -0.084180 159.805862
49601 17 25 21
0.037585 -0.966527 0.253797 163.316238
51905 17 25 22
0.042427 -0.988814 -0.142989 163.546234
35825 17 26 15
0.499989 -0.184944 0.846054 153.274750
38129 17 26 16
0.573874 -0.085696 0.814448 165.626450
40433 17 26 17
0.444066 0.852512 -0.275733 168.404953
49649 17 26 21
-0.172513 -0.927109 -0.332728 154.647675
51953 17 26 22
-0.088749 -0.957288 -0.275179 150.661026
35873 17 27 15
0.365542 -0.641217 0.674700 141.332550
38177 17 27 16
0.323004 -0.782483 0.532343 156.958221
40481 17 27 17
0.266491 -0.937376 0.224296 163.599243
49745 17 28 21
-0.284290 -0.769379 -0.572045 127.834511
47489 17 29 20
-0.247573 -0.817800 -0.519530 123.577789
49793 17 29 21
-0.320557 -0.756005 -0.570701 110.741623
42929 17 30 18
0.084947 -0.961321 0.262004 109.428482
45233 17 30 19
-0.120690 -0.984701 -0.125688 111.255669
45281 17 31 19
-0.177862 -0.982530 -0.054777 88.073853
44418 18 13 19
-0.155217 0.985403 -0.069916 85.001724
46722 18 13 20
-0.162386 0.908782 -0.384379 78.167442
42162 18 14 18
-0.159221 0.965363 0.206694 111.345650
44466 18 14 19
-0.236091 0.963505 -0.126168 112.844780
46770 18 14 20
-0.241194 0.826656 -0.508394 103.941849
42210 18 15 18
-0.231959 0.947232 0.221238 133.653549
44514 18 15 19
-0.376196 0.897628 -0.229652 133.989532
46818 18 15 20
-0.342883 0.669376 -0.659065 124.003540
49122 18 15 21
-0.266083 0.488898 -0.830770 102.652313
35346 18 16 15
0.277778 0.563109 0.778298 121.229568
37650 18 16 16
0.265444 0.720154 0.641028 134.167511
46866 18 16 20
-0.434694 0.454012 -0.777762 136.385025
49170 18 16 21
-0.315641 0.354524 -0.880161 115.396332
35394 18 17 15
0.416511 -0.057171 0.907331 126.758026
37698 18 17 16
0.568650 -0.255199 0.781991 138.079590
46914 18 17 20
-0.493705 0.304969 -0.814401 142.766922
35442 18 18 15
0.412896 -0.525905 0.743600 120.720268
49314 18 19 21
-0.403850 0.563643 -0.720563 143.152878
49362 18 20 21
-0.437931 0.762640 -0.476022 153.617935
35586 18 21 15
0.621736 0.199122 0.757492 98.314209
49410 18 21 21
-0.448452 0.893440 0.025602 162.863983
35634 18 22 15
0.413718 0.784618 0.461748 104.931648
49458 18 22 21
-0.310490 0.620797 0.719866 169.089767
56370 18 22 24
-0.029387 0.700325 -0.713219 142.890335
33378 18 23 14
0.348161 0.707842 0.614609 109.557625
49506 18 23 21
-0.132781 0.007459 0.991117 171.300171
49554 18 24 21
-0.107618 -0.654216 0.748612 169.133606
51858 18 24 22
-0.268982 -0.958756 0.091843 171.891159
33474 18 25 14
0.456989 0.360983 0.812928 142.146683
35778 18 25 15
0.358453 0.756023 0.547668 156.898819
38082 18 25 16
0.066152 0.997764 0.009509 160.916229
33522 18 26 14
0.449465 -0.224926 0.864517 144.015747
35826 18 26 15
0.456729 -0.226341 0.860331 161.779419
38130 18 26 16
0.489894 0.216628 0.844438 168.789764
58866 18 26 25
0.911193 -0.409201 0.047765 154.827286
61170 18 26 26
0.962008 -0.046390 -0.269051 152.235504
65778 18 26 28
0.671095 0.287833 -0.683216 119.886787
68082 18 26 29
0.537433 0.336016 -0.773472 93.250023
35874 18 27 15
0.285572 -0.733477 0.616815 150.469452
38178 18 27 16
0.198972 -0.874272 0.442785 161.830551
47394 18 27 20
-0.276793 -0.708060 -0.649644 147.691605
61218 18 27 26
0.894062 -0.447735 -0.013667 145.778763
63522 18 27 27
0.905896 -0.202701 -0.371840 140.515839
65826 18 27 28
0.767628 0.001212 -0.640894 125.072563
68130 18 27 29
0.604445 0.130413 -0.785900 101.561493
45138 18 28 19
-0.181468 -0.817887 -0.546013 146.130371
58962 18 28 25
0.522916 -0.787358 0.326537 122.940628
61266 18 28 26
0.717051 -0.680933 0.148888 130.025375
63570 18 28 27
0.830978 -0.530558 -0.167282 130.037338
45186 18 29 19
-0.181226 -0.892569 -0.412890 128.999557
47490 18 29 20
-0.309956 -0.759404 -0.572043 116.744553
45234 18 30 19
-0.192647 -0.930772 -0.310727 107.255638
65970 18 30 28
0.746654 -0.658635 -0.093319 94.106209
68274 18 30 29
0.758077 -0.480168 -0.441313 88.053513
70578 18 30 30
0.646623 -0.237980 -0.724737 75.166725
72930 18 31 31
0.586646 -0.256037 -0.768305 55.370712
72978 18 32 31
0.615036 -0.519368 -0.593285 48.399151
75282 18 32 32
0.511097 -0.357169 -0.781799 37.002876
44467 19 14 19
-0.425686 0.889422 -0.166492 103.424332
46771 19 14 20
-0.412249 0.766962 -0.491753 94.109894
42211 19 15 18
-0.390691 0.919940 0.032711 126.991692
44515 19 15 19
-0.509065 0.809483 -0.292557 124.524483
46819 19 15 20
-0.463319 0.624440 -0.628816 113.325294
49123 19 15 21
-0.364202 0.468295 -0.805020 92.471558
35347 19 16 15
0.229617 0.664921 0.710743 126.768898
37651 19 16 16
0.189303 0.884896 0.425587 137.475922
35395 19 17 15
0.460538 0.039638 0.886755 134.325912
37699 19 17 16
0.778141 0.000321 0.628090 144.089798
35443 19 18 15
0.492093 -0.482115 0.724851 129.447784
44707 19 19 19
0.523232 -0.042936 0.851108 147.243530
47011 19 19 20
-0.368803 0.642855 -0.671359 146.892502
44755 19 20 19
0.393650 -0.036850 0.918522 146.876938
47059 19 20 20
-0.382045 0.923796 0.025346 152.272171
49363 19 20 21
-0.457835 0.617200 -0.639884 146.374924
33283 19 21 14
0.361550 0.200679 0.910500 93.528175
49411 19 21 21
-0.574805 0.716208 -0.395785 156.951523
47155 19 22 20
-0.055247 0.293870 0.954248 160.258575
49459 19 22 21
-0.717976 0.695788 0.019723 164.849319
58675 19 22 25
0.030051 0.817115 -0.575691 123.984940
60979 19 22 26
0.127796 0.749584 -0.649455 102.271637
49507 19 23 21
-0.807149 0.214328 0.550068 168.548996
58723 19 23 25
0.215896 0.797001 -0.564073 148.776062
61027 19 23 26
0.263040 0.716146 -0.646487 129.293762
49555 19 24 21
-0.561532 -0.688247 0.459345 167.031876
58771 19 24 25
0.556061 0.694021 -0.457309 166.548828
61075 19 24 26
0.453507 0.654591 -0.604849 152.752502
31171 19 25 13
0.413520 0.247247 0.876282 130.569153
33475 19 25 14
0.383231 0.510718 0.769611 151.774918
35779 19 25 15
0.150977 0.951520 0.267983 160.763275
47299 19 25 20
-0.440393 -0.892227 0.099927 159.950745
49603 19 25 21
-0.341296 -0.939908 -0.009514 159.945038
31219 19 26 13
0.406416 -0.235148 0.882911 130.780807
33523 19 26 14
0.391201 -0.290872 0.873130 154.106796
35827 19 26 15
0.309435 -0.318205 0.896100 166.123566
47347 19 26 20
-0.358929 -0.762506 -0.538289 153.437973
49651 19 26 21
-0.293325 -0.912024 -0.286659 147.755066
33571 19 27 14
0.273539 -0.692369 0.667684 140.255142
35875 19 27 15
0.174069 -0.824312 0.538711 155.965881
42787 19 27 18
-0.357293 -0.690172 -0.629288 161.535599
45091 19 27 19
-0.331023 -0.619881 -0.711457 153.695816
47395 19 27 20
-0.322698 -0.702682 -0.634116 142.481018
63523 19 27 27
0.803641 -0.358121 -0.475300 162.182526
65827 19 27 28
0.583463 -0.049736 -0.810615 145.439362
68131 19 27 29
0.406529 0.108317 -0.907194 118.530655
70435 19 27 30
0.299209 0.185391 -0.936004 87.119095
42835 19 28 18
-0.167714 -0.921532 -0.350214 151.080704
45139 19 28 19
-0.269740 -0.737029 -0.619700 141.825836
58963 19 28 25
0.328712 -0.807833 0.489239 135.310486
61267 19 28 26
0.497631 -0.820954 0.279996 147.082626
42883 19 29 18
-0.082610 -0.974007 -0.210918 133.250198
56707 19 29 24
0.113101 -0.868255 0.483055 94.903259
59011 19 29 25
0.255357 -0.834001 0.489116 109.785751
61315 19 29 26
0.384266 -0.851243 0.357386 123.015976
59059 19 30 25
0.243822 -0.829300 0.502804 84.953415
61363 19 30 26
0.363309 -0.828624 0.425898 98.554810
65971 19 30 28
0.600140 -0.788194 -0.136315 109.507553
68275 19 30 29
0.582305 -0.539317 -0.608323 102.081940
66019 19 31 28
0.604502 -0.792641 0.079365 92.527863
68323 19 31 29
0.645385 -0.690751 -0.326101 90.249916
75331 19 33 32
0.355949 -0.604418 -0.712727 36.181862
35348 20 16 15
0.168909 0.768062 0.617698 131.279343
37652 20 16 16
0.152422 0.963698 0.219211 140.253235
35396 20 17 15
0.447923 0.206929 0.869796 142.147614
37700 20 17 16
0.811731 0.421615 0.404145 151.112061
44708 20 19 19
0.898047 0.274067 -0.344092 150.373978
47012 20 19 20
-0.178818 0.448995 -0.875459 143.946869
44756 20 20 19
0.693199 -0.012702 0.720634 150.785904
47060 20 20 20
-0.334382 0.576995 -0.745161 149.604385
33284 20 21 14
0.283132 0.120818 0.951441 98.989738
35588 20 21 15
0.546514 -0.119833 0.828832 111.844505
47108 20 21 20
-0.603455 0.762443 -0.233500 154.395706
49412 20 21 21
-0.553842 0.570206 -0.606732 148.066589
49460 20 22 21
-0.722925 0.582059 -0.372271 157.009338
58676 20 22 25
-0.167291 0.887747 -0.428857 121.825943
60980 20 22 26
-0.065849 0.822645 -0.564729 103.624901
49508 20 23 21
-0.942788 0.326539 -0.067255 162.263138
58724 20 23 25
-0.087455 0.916216 -0.391024 150.824783
61028 20 23 26
0.010779 0.818277 -0.574723 134.567688
44948 20 24 19
-0.118822 0.311132 0.942909 155.273651
47252 20 24 20
-0.721274 -0.357367 0.593340 160.290466
58772 20 24 25
0.085968 0.960900 -0.263213 173.078598
61076 20 24 26
0.131391 0.809625 -0.572052 162.187759
31172 20 25 13
0.343155 0.340604 0.875348 141.293533
33476 20 25 14
0.213020 0.728491 0.651094 157.055511
35780 20 25 15
-0.137893 0.988708 -0.058677 160.880157
47300 20 25 20
-0.629349 -0.762739 -0.148828 156.422806
49604 20 25 21
-0.516114 -0.855546 -0.040834 155.222458
58820 20 25 25
0.645431 0.622773 0.442236 184.414978
61124 20 25 26
0.384911 0.729645 -0.565209 181.303802
31220 20 26 13
0.342516 -0.290683 0.893413 141.921158
33524 20 26 14
0.253140 -0.402297 0.879817 159.815887
35828 20 26 15
-0.548771 -0.503529 0.667315 166.411972
47348 20 26 20
-0.457891 -0.743542 -0.487320 148.181290
49652 20 26 21
-0.361561 -0.906586 -0.217662 142.426147
63476 20 26 27
0.424709 0.275299 -0.862457 177.187958
33572 20 27 14
0.163977 -0.783388 0.599513 146.552628
35876 20 27 15
-0.013258 -0.904879 0.425463 157.706894
42788 20 27 18
-0.569333 -0.556326 -0.605277 156.767319
45092 20 27 19
-0.451080 -0.591461 -0.668357 147.661438
47396 20 27 20
-0.379918 -0.709690 -0.593298 135.528244
63524 20 27 27
0.504915 -0.578343 -0.640765 175.028198
65828 20 27 28
0.305251 -0.105290 -0.946433 157.400146
68132 20 27 29
0.200671 0.081808 -0.976237 128.550797
70436 20 27 30
0.149195 0.163027 -0.975276 94.684837
42836 20 28 18
-0.371868 -0.798665 -0.473126 146.646164
45140 20 28 19
-0.364331 -0.675260 -0.641316 134.964874
42884 20 29 18
-0.253377 -0.891370 -0.375845 129.710587
40628 20 30 17
-0.014896 -0.995367 0.094992 110.727509
42932 20 30 18
-0.173530 -0.932942 -0.315448 107.806396
59060 20 30 25
0.167173 -0.791786 0.587476 90.702705
61364 20 30 26
0.243145 -0.825118 0.509962 106.926208
42980 20 31 18
-0.115910 -0.953700 -0.277527 83.222672
66020 20 31 28
0.555118 -0.827433 0.084846 104.408073
68324 20 31 29
0.578658 -0.672316 -0.461678 101.268700
66068 20 32 28
0.548106 -0.814325 0.190931 87.263687
68372 20 32 29
0.578736 -0.792846 -0.190943 87.519829
73028 20 33 31
0.366896 -0.709166 -0.602055 54.177250
75332 20 33 32
0.261216 -0.571496 -0.777920 41.170250
35349 21 16 15
0.091446 0.832880 0.545846 134.551895
35397 21 17 15
0.348772 0.385294 0.854346 149.355270
37701 21 17 16
0.639576 0.705337 0.305683 158.690186
46917 21 17 20
0.017623 0.473073 -0.880847 126.854614
35445 21 18 15
0.467199 -0.322844 0.823102 149.282440
46965 21 18 20
0.031136 0.342354 -0.939055 136.244278
49269 21 18 21
-0.107911 0.295229 -0.949313 111.218170
44709 21 19 19
0.567028 0.093729 -0.818348 154.682526
47013 21 19 20
-0.032691 0.269820 -0.962356 142.373032
44757 21 20 19
0.825983 -0.249604 -0.505421 154.348663
47061 21 20 20
-0.176066 0.280748 -0.943494 146.732742
35589 21 21 15
0.383640 -0.315560 0.867895 117.736549
42501 21 21 18
0.541019 -0.371772 0.754376 146.998795
44805 21 21 19
0.630094 -0.273158 0.726888 153.233917
47109 21 21 20
-0.406176 0.383055 -0.829632 150.536301
58629 21 21 25
-0.358574 0.858593 -0.366390 80.964500
58677 21 22 25
-0.376941 0.869172 -0.320086 111.951874
60981 21 22 26
-0.278833 0.834086 -0.475975 96.948174
58725 21 23 25
-0.399357 0.880544 -0.255259 142.925827
61029 21 23 26
-0.271414 0.836465 -0.476090 129.454468
44949 21 24 19
-0.540109 -0.047674 0.840244 153.399887
47253 21 24 20
-0.906961 -0.418051 -0.051526 155.235229
54165 21 24 23
-0.788407 0.415252 0.453850 158.924316
56469 21 24 24
-0.622365 0.713805 0.321160 166.179382
58773 21 24 25
-0.450189 0.886686 -0.105439 168.559372
61077 21 24 26
-0.267976 0.842270 -0.467728 159.799667
31173 21 25 13
0.213927 0.478447 0.851659 147.748032
33477 21 25 14
-0.108067 0.924794 0.364798 157.932220
35781 21 25 15
-0.372738 0.884505 -0.280567 157.666458
47301 21 25 20
-0.678511 -0.684405 -0.266857 150.212433
58821 21 25 25
-0.585934 0.685506 0.432161 183.523163
61125 21 25 26
-0.302102 0.831103 -0.466907 181.881104
63429 21 25 27
-0.124313 0.688879 -0.714138 165.823517
28917 21 26 12
0.298727 -0.268190 0.915880 124.850845
31221 21 26 13
0.218453 -0.378276 0.899547 148.740845
33525 21 26 14
-0.135005 -0.599651 0.788792 160.960236
35829 21 26 15
-0.944696 -0.185577 -0.270390 162.979141
45045 21 26 19
-0.661594 -0.536719 -0.523665 147.629303
58869 21 26 25
-0.210776 -0.480385 0.851354 184.132568
61173 21 26 26
-0.861056 -0.038333 -0.507063 189.940125
63477 21 26 27
-0.085942 0.372552 -0.924023 180.570648
65781 21 26 28
-0.009789 0.381691 -0.924238 156.942535
31269 21 27 13
0.144875 -0.736813 0.660392 133.234955
33573 21 27 14
-0.014812 -0.871059 0.490955 148.535675
45093 21 27 19
-0.529203 -0.591378 -0.608454 138.767258
61221 21 27 26
0.022402 -0.950204 0.310823 181.915298
63525 21 27 27
0.049662 -0.653020 -0.755710 179.291458
68133 21 27 29
0.054828 0.086318 -0.994758 132.574280
70437 21 27 30
0.058041 0.160876 -0.985267 98.134804
42837 21 28 18
-0.527139 -0.685209 -0.502606 138.099854
42885 21 29 18
-0.436793 -0.780497 -0.447253 121.615723
40629 21 30 17
-0.298143 -0.952232 -0.066064 107.165413
42933 21 30 18
-0.362342 -0.839895 -0.404085 100.878761
45237 21 30 19
-0.349815 -0.749584 -0.561919 87.112427
40677 21 31 17
-0.224772 -0.971198 -0.079065 83.971359
42981 21 31 18
-0.292563 -0.881824 -0.369856 77.939949
61413 21 31 26
0.315026 -0.700163 0.640726 93.459778
63717 21 31 27
0.425154 -0.752030 0.503682 107.860664
40725 21 32 17
-0.161213 -0.981807 -0.100325 60.580887
43029 21 32 18
-0.228230 -0.912551 -0.339356 55.196228
63765 21 32 27
0.450974 -0.732142 0.510481 90.633568
66069 21 32 28
0.563292 -0.798840 0.211084 99.544716
68373 21 32 29
0.594598 -0.755956 -0.273830 99.159554
73029 21 33 31
0.340750 -0.653018 -0.676356 61.486221
35350 22 16 15
-0.009577 0.859008 0.511872 135.730850
37654 22 16 16
0.048104 0.985920 0.160152 145.337357
46870 22 16 20
0.091620 0.635386 -0.766740 114.005630
35398 22 17 15
0.169038 0.527190 0.832764 154.491486
37702 22 17 16
0.368998 0.867244 0.334260 165.222641
46918 22 17 20
0.121883 0.441593 -0.888898 128.989792
35446 22 18 15
0.337776 -0.218615 0.915486 157.504700
37750 22 18 16
0.765429 -0.275088 0.581760 169.616623
49270 22 18 21
-0.011236 0.217844 -0.975919 109.530449
44710 22 19 19
0.400414 -0.041356 -0.915401 159.772446
44758 22 20 19
0.423623 -0.322868 -0.846345 157.883911
35638 22 22 15
0.057908 0.240767 0.968854 119.482262
37942 22 22 16
0.270951 -0.195762 0.942477 128.273956
44854 22 22 19
0.568797 -0.575064 0.588024 153.661270
47158 22 22 20
-0.347656 0.225283 -0.910155 149.716507
44902 22 23 19
-0.047392 -0.426804 0.903102 152.607529
47206 22 23 20
-0.626314 -0.005274 -0.779553 150.985428
49510 22 23 21
-0.690848 0.265155 -0.672623 142.963181
47254 22 24 20
-0.705610 -0.491304 -0.510622 149.026733
56470 22 24 24
-0.756703 0.618921 0.210565 149.662903
28870 22 25 12
0.190000 0.332386 0.923807 132.178452
31174 22 25 13
-0.032573 0.652138 0.757401 149.594742
33478 22 25 14
-0.433878 0.900854 0.014524 154.844376
44998 22 25 19
-0.638383 -0.702599 -0.314359 146.649521
54214 22 25 23
-0.777791 -0.041894 0.627125 147.835754
56518 22 25 24
-0.766662 0.251373 0.590797 160.997284
58822 22 25 25
-0.783980 0.565289 0.256562 170.966537
28918 22 26 12
0.175544 -0.341736 0.923256 131.955704
31222 22 26 13
-0.042990 -0.518465 0.854018 150.659622
33526 22 26 14
-0.713574 -0.639405 0.286310 157.753983
45046 22 26 19
-0.572200 -0.646464 -0.504651 139.313004
54262 22 26 23
-0.449489 -0.478196 0.754512 142.075912
56566 22 26 24
-0.482595 -0.297168 0.823889 160.333923
58870 22 26 25
-0.685799 -0.097974 0.721166 176.519012
61174 22 26 26
-0.927968 0.370610 -0.039042 182.803955
63478 22 26 27
-0.437519 0.509731 -0.740778 174.993515
65782 22 26 28
-0.181543 0.463773 -0.867154 153.653244
31270 22 27 13
-0.029649 -0.825717 0.563305 135.063217
33574 22 27 14
-0.247823 -0.910191 0.331869 145.862442
42790 22 27 18
-0.635207 -0.573148 -0.517700 138.390594
52006 22 27 22
-0.246998 -0.867271 0.432242 114.220367
54310 22 27 23
-0.150651 -0.683345 0.714383 127.924973
61222 22 27 26
-0.375439 -0.832060 0.408316 179.458206
65830 22 27 28
-0.090136 0.020839 -0.995711 161.005417
68134 22 27 29
-0.006907 0.146167 -0.989236 133.136612
70438 22 27 30
0.032847 0.193184 -0.980613 99.549652
40534 22 28 17
-0.623478 -0.737827 -0.258625 134.102066
42838 22 28 18
-0.579652 -0.658835 -0.479520 126.010330
42886 22 29 18
-0.545496 -0.715342 -0.436716 108.920822
36022 22 30 15
-0.287669 -0.846287 0.448380 89.024605
36070 22 31 15
-0.285361 -0.853314 0.436377 68.838799
68326 22 31 29
0.647267 -0.400785 -0.648395 120.099983
36118 22 32 15
-0.262396 -0.890192 0.372434 50.298035
38422 22 32 16
-0.354482 -0.930537 0.091883 55.091995
63766 22 32 27
0.471008 -0.688472 0.551505 102.127945
66070 22 32 28
0.599462 -0.766626 0.230066 111.667290
68374 22 32 29
0.630742 -0.695978 -0.343189 110.815742
70678 22 32 30
0.482772 -0.463417 -0.743085 99.384171
72982 22 32 31
0.340913 -0.289604 -0.894376 80.367256
75286 22 32 32
0.245903 -0.188296 -0.950829 58.399200
46823 23 15 20
0.076924 0.783086 -0.617138 95.865822
35351 23 16 15
-0.124679 0.857437 0.499257 133.573334
37655 23 16 16
-0.075128 0.973808 0.214603 145.010284
46871 23 16 20
0.085341 0.627174 -0.774190 116.925354
35399 23 17 15
-0.039982 0.617870 0.785263 155.870743
37703 23 17 16
0.034744 0.924670 0.379181 168.309296
35447 23 18 15
0.136034 -0.079636 0.987498 162.373474
37751 23 18 16
0.454801 -0.060831 0.888513 175.913544
44663 23 18 19
0.188874 0.275195 -0.942653 162.683044
44711 23 19 19
0.211241 -0.100427 -0.972261 164.048416
47111 23 21 20
0.018978 0.088971 -0.995853 146.234818
35639 23 22 15
-0.012314 -0.045859 0.998872 119.574089
37943 23 22 16
0.165777 -0.350370 0.921824 130.466644
42551 23 22 18
0.427781 -0.407598 0.806764 152.164368
44855 23 22 19
0.730058 -0.479325 -0.487096 155.554672
47159 23 22 20
-0.011517 0.097814 -0.995138 147.844086
35687 23 23 15
-0.245603 0.825103 0.508807 123.856857
37991 23 23 16
0.026162 0.399221 0.916481 130.264572
42599 23 23 18
0.409844 -0.200629 0.889818 149.449203
44903 23 23 19
0.649123 -0.746533 -0.146042 153.548920
47207 23 23 20
-0.116227 -0.135301 -0.983964 148.004135
44951 23 24 19
0.104952 -0.945608 -0.307913 149.788773
47255 23 24 20
-0.278163 -0.549015 -0.788168 144.408691
28871 23 25 12
-0.020122 0.410478 0.911648 134.440170
31175 23 25 13
-0.402691 0.742639 0.535096 146.873520
33479 23 25 14
-0.625245 0.763841 -0.160045 148.684448
44999 23 25 19
-0.221597 -0.857462 -0.464385 142.827362
47303 23 25 20
-0.365783 -0.740197 -0.564190 136.067535
54215 23 25 23
-0.887987 0.146893 0.435777 131.170471
56519 23 25 24
-0.816372 0.388804 0.427046 141.554153
28919 23 26 12
-0.049808 -0.447285 0.893003 133.791412
31223 23 26 13
-0.447523 -0.637109 0.627547 147.462738
33527 23 26 14
-0.854812 -0.517257 -0.041743 150.832184
45047 23 26 19
-0.360881 -0.776929 -0.515894 132.203369
54263 23 26 23
-0.651513 -0.215438 0.727405 130.403152
56567 23 26 24
-0.667580 0.022192 0.744207 146.844467
58871 23 26 25
-0.770232 0.266307 0.579502 162.097778
61175 23 26 26
-0.806928 0.584743 0.083323 169.326996
65783 23 26 28
-0.230119 0.592208 -0.772228 147.084244
31271 23 27 13
-0.238346 -0.873626 0.424227 131.567886
33575 23 27 14
-0.437234 -0.879818 0.186403 138.739487
42791 23 27 18
-0.501411 -0.718511 -0.482005 128.228165
52007 23 27 22
-0.350590 -0.732677 0.583328 108.782127
54311 23 27 23
-0.277255 -0.473171 0.836205 123.006927
58919 23 27 25
-0.395449 -0.315763 0.862505 161.796844
61223 23 27 26
-0.729958 -0.275861 0.625350 173.319382
63527 23 27 27
-0.559504 0.159043 -0.813425 172.704300
65831 23 27 28
-0.113719 0.251051 -0.961271 158.533279
68135 23 27 29
0.007722 0.258245 -0.966049 132.966217
70439 23 27 30
0.064154 0.254569 -0.964924 101.079361
40535 23 28 17
-0.590295 -0.760805 -0.269681 121.162987
36023 23 30 15
-0.497815 -0.812051 0.304555 78.837486
36071 23 31 15
-0.523235 -0.797493 0.300383 59.402985
36119 23 32 15
-0.513229 -0.817206 0.262241 42.546543
63767 23 32 27
0.489564 -0.676896 0.549671 114.246498
66071 23 32 28
0.613088 -0.754426 0.234445 123.789032
68375 23 32 29
0.641581 -0.654750 -0.399595 122.539680
70679 23 32 30
0.475577 -0.392765 -0.787123 109.935570
72983 23 32 31
0.346686 -0.235635 -0.907901 88.976669
75287 23 32 32
0.269434 -0.157262 -0.950092 64.691566
44520 24 15 19
-0.029965 0.946018 -0.322725 111.027290
46824 24 15 20
-0.014168 0.774726 -0.632139 97.071266
46872 24 16 20
-0.052151 0.617136 -0.785126 117.689812
35400 24 17 15
-0.221085 0.669107 0.709519 152.340118
44616 24 17 19
-0.136797 0.644834 -0.751981 153.850128
46920 24 17 20
-0.073976 0.403056 -0.912180 132.589310
33144 24 18 14
-0.065459 0.054666 0.996357 135.717621
35448 24 18 15
-0.095029 0.103051 0.990126 162.780319
37752 24 18 16
-0.212784 0.322656 0.922288 176.963043
40056 24 18 17
-0.471925 0.852843 -0.223484 180.196152
42360 24 18 18
-0.251688 0.477571 -0.841771 175.679260
44664 24 18 19
-0.137610 0.290304 -0.946988 163.306686
46968 24 18 20
-0.068153 0.197110 -0.978010 141.008194
44712 24 19 19
-0.074885 -0.054682 -0.995692 165.191559
47016 24 19 20
-0.033584 0.074503 -0.996655 144.475540
44760 24 20 19
0.056657 -0.243064 -0.968354 163.040329
47064 24 20 20
0.027402 0.059245 -0.997867 145.925110
44808 24 21 19
0.340793 -0.267948 -0.901146 160.545593
47112 24 21 20
0.105900 0.100786 -0.989256 147.597504
35640 24 22 15
0.051523 -0.210471 0.976241 119.724846
37944 24 22 16
0.185834 -0.382149 0.905223 132.724930
44952 24 24 19
0.381393 -0.800243 -0.462764 151.942474
28872 24 25 12
-0.348926 0.429281 0.833048 131.242310
31176 24 25 13
-0.710456 0.627650 0.318289 140.056671
28920 24 26 12
-0.362903 -0.536696 0.761747 129.671951
31224 24 26 13
-0.700627 -0.623377 0.347163 139.459976
58872 24 26 25
-0.647917 0.525914 0.551016 145.966537
28968 24 27 12
-0.254843 -0.818891 0.514269 111.550629
35880 24 27 15
-0.577330 -0.815646 0.037565 129.715897
42792 24 27 18
-0.316594 -0.853280 -0.414344 120.257698
58920 24 27 25
-0.418967 0.197726 0.886212 153.971146
61224 24 27 26
-0.545009 0.527871 0.651396 166.414490
63528 24 27 27
-0.356656 0.822117 -0.443757 168.065659
65832 24 27 28
-0.027293 0.521358 -0.852901 156.894150
35928 24 28 15
-0.506911 -0.852625 0.126773 110.207840
52056 24 28 22
-0.094397 -0.517886 0.850225 94.548882
58968 24 28 25
0.099682 -0.247062 0.963859 153.418167
61272 24 28 26
0.237870 -0.349147 0.906374 167.501114
63576 24 28 27
0.799852 -0.355925 -0.483274 171.413620
65880 24 28 28
0.311141 0.092834 -0.945819 162.781204
70488 24 28 30
0.210506 0.209852 -0.954803 113.099174
35976 24 29 15
-0.523568 -0.832906 0.179285 86.851456
70680 24 32 30
0.427613 -0.353179 -0.832113 120.086639
75288 24 32 32
0.268462 -0.131635 -0.954254 71.889404
63816 24 33 27
0.384118 -0.765628 0.516010 106.573242
66120 24 33 28
0.443909 -0.853558 0.272732 117.468132
68424 24 33 29
0.497249 -0.840686 -0.214454 118.515579
70728 24 33 30
0.441879 -0.639132 -0.629487 108.207336
44521 25 15 19
-0.249928 0.917447 -0.309559 107.376694
46825 25 15 20
-0.193678 0.745980 -0.637184 94.268547
44569 25 16 19
-0.376537 0.800732 -0.465885 129.922485
46873 25 16 20
-0.268543 0.591733 -0.760090 113.191345
44617 25 17 19
-0.462499 0.600728 -0.652089 147.070145
46921 25 17 20
-0.298701 0.407829 -0.862817 127.354675
35449 25 18 15
-0.295620 0.305223 0.905234 158.416016
37753 25 18 16
-0.581631 0.563916 0.586262 172.237106
46969 25 18 20
-0.271834 0.248797 -0.929627 136.390244
35497 25 19 15
-0.072612 -0.351151 0.933499 157.637314
44713 25 19 19
-0.400560 0.106775 -0.910028 161.354080
47017 25 19 20
-0.194832 0.166721 -0.966563 141.682465
83881 25 19 36
0.965031 0.076091 -0.250851 50.911522
44761 25 20 19
-0.260255 -0.000890 -0.965539 161.955765
47065 25 20 20
-0.078798 0.172140 -0.981916 145.546753
33289 25 21 14
0.064775 -0.355001 0.932619 109.873749
44857 25 22 19
0.548333 0.029530 -0.835739 162.533539
47161 25 22 20
0.149876 0.088961 -0.984694 152.239594
44905 25 23 19
0.595305 -0.493199 -0.634324 161.374741
47209 25 23 20
0.150819 -0.228161 -0.961871 151.328949
44953 25 24 19
0.286091 -0.775804 -0.562389 155.653458
47257 25 24 20
0.055004 -0.550712 -0.832881 144.245575
49561 25 24 21
-0.059908 -0.399602 -0.914729 126.221527
24265 25 25 10
-0.196680 0.155493 0.968059 81.673843
26569 25 25 11
-0.368614 0.222320 0.902606 106.069550
28873 25 25 12
-0.644950 0.324957 0.691696 122.666527
31177 25 25 13
-0.863452 0.407403 0.297446 130.122482
42697 25 25 18
0.271145 -0.957893 -0.094456 149.044479
26617 25 26 11
-0.377457 -0.424194 0.823156 103.254898
28921 25 26 12
-0.603070 -0.548156 0.579510 119.764725
31225 25 26 13
-0.762305 -0.596002 0.252335 127.637939
42745 25 26 18
-0.033844 -0.947503 -0.317951 134.865982
40489 25 27 17
-0.275098 -0.950980 -0.141272 120.355377
63529 25 27 27
-0.045067 0.992935 -0.109768 165.770905
38233 25 28 16
-0.443378 -0.896135 0.018939 99.119217
52057 25 28 22
-0.252391 -0.223281 0.941512 91.698723
54361 25 28 23
-0.127950 0.040655 0.990947 110.850037
58969 25 28 25
0.024848 0.213519 0.976623 154.647629
61273 25 28 26
0.190990 0.365455 0.911025 169.966385
63577 25 28 27
0.637920 0.765322 -0.085676 175.378799
65881 25 28 28
0.377463 0.397670 -0.836290 168.358002
68185 25 28 29
0.284655 0.295334 -0.912003 149.065338
70489 25 28 30
0.264787 0.268659 -0.926127 120.974884
52105 25 29 22
-0.005192 -0.284049 0.958796 86.970421
54409 25 29 23
0.122565 -0.156075 0.980111 109.596756
59017 25 29 25
0.371188 -0.197266 0.907362 154.790237
61321 25 29 26
0.591835 -0.308223 0.744802 169.868423
65929 25 29 28
0.647682 -0.088711 -0.756729 170.770691
54457 25 30 23
0.287655 -0.376736 0.880525 102.560974
56761 25 30 24
0.405484 -0.417975 0.812945 126.156143
59065 25 30 25
0.507021 -0.498727 0.702995 146.408585
54505 25 31 23
0.354616 -0.549140 0.756765 89.019981
68329 25 31 29
0.483707 -0.378993 -0.788918 149.899231
75241 25 31 32
0.245994 0.074102 -0.966435 79.533981
68377 25 32 29
0.429830 -0.734938 -0.524512 141.495087
70681 25 32 30
0.322032 -0.346450 -0.881061 128.271225
72985 25 32 31
0.264509 -0.172920 -0.948754 105.991264
75289 25 32 32
0.240464 -0.112340 -0.964135 79.083733
66121 25 33 28
0.320123 -0.899591 0.297080 126.383751
68425 25 33 29
0.391309 -0.892395 -0.224739 127.730370
44522 26 15 19
-0.500100 0.819605 -0.279548 97.722900
44570 26 16 19
-0.613140 0.688183 -0.387896 117.033493
46874 26 16 20
-0.487648 0.546533 -0.680810 102.609146
44618 26 17 19
-0.659841 0.545239 -0.517035 133.075714
46922 26 17 20
-0.505919 0.423108 -0.751682 115.958473
35450 26 18 15
-0.426189 0.478505 0.767721 149.578445
37754 26 18 16
-0.651099 0.678585 0.339989 162.374619
46970 26 18 20
-0.464202 0.340064 -0.817846 126.313820
35498 26 19 15
-0.236632 -0.113886 0.964902 154.358856
37802 26 19 16
-0.637732 -0.149490 0.755613 167.842087
47018 26 19 20
-0.374226 0.317412 -0.871324 134.607727
83882 26 19 36
0.940285 0.087994 -0.328818 73.174835
35546 26 20 15
0.012398 -0.508154 0.861177 146.512726
44762 26 20 19
-0.507673 0.285870 -0.812740 156.957443
47066 26 20 20
-0.254660 0.343853 -0.903833 142.027985
83930 26 20 36
0.936500 -0.093183 -0.338061 73.025482
86234 26 20 37
0.817259 -0.073092 -0.571617 61.108238
30986 26 21 13
-0.033610 -0.076765 0.996483 85.500931
33290 26 21 14
0.052871 -0.324614 0.944368 111.446465
44858 26 22 19
-0.334799 0.328823 -0.883054 163.115997
47162 26 22 20
-0.084363 0.139471 -0.986626 153.069458
44906 26 23 19
-0.190908 -0.449414 -0.872686 162.888306
47210 26 23 20
-0.090331 -0.268293 -0.959093 152.123978
31130 26 24 13
-0.497563 0.706678 0.503028 110.636391
33434 26 24 14
-0.317267 0.669782 0.671367 118.833923
42650 26 24 18
0.162987 -0.898266 0.408110 159.777878
44954 26 24 19
-0.113836 -0.753090 -0.647994 156.872223
47258 26 24 20
-0.121108 -0.575899 -0.808501 143.816345
49562 26 24 21
-0.077304 -0.493615 -0.866238 125.010353
67994 26 24 29
0.677377 0.578527 -0.454387 98.982208
70298 26 24 30
0.758658 0.378521 -0.530244 87.069832
24266 26 25 10
-0.422416 0.123901 0.897894 73.367088
26570 26 25 11
-0.588553 0.149076 0.794596 94.675072
28874 26 25 12
-0.771335 0.166095 0.614373 109.785133
31178 26 25 13
-0.876755 0.154084 0.455585 118.390488
42698 26 25 18
-0.036703 -0.980956 -0.190732 150.660385
24314 26 26 10
-0.428044 -0.320506 0.845017 70.674957
26618 26 26 11
-0.576141 -0.421495 0.700289 91.001740
28922 26 26 12
-0.703782 -0.522511 0.481324 105.357735
31226 26 26 13
-0.740544 -0.599685 0.303269 113.530617
42746 26 26 18
-0.140319 -0.944262 -0.297792 133.283157
38186 26 27 16
-0.332656 -0.930290 0.154598 112.977516
40490 26 27 17
-0.255839 -0.964311 -0.068190 114.223442
38234 26 28 16
-0.382994 -0.920605 0.076171 87.621925
40538 26 28 17
-0.328381 -0.939429 -0.098176 87.356628
58970 26 28 25
-0.053075 0.394102 0.917533 154.271637
63578 26 28 27
0.395404 0.904366 0.160553 179.546860
65882 26 28 28
0.380357 0.578586 -0.721503 174.566513
68186 26 28 29
0.303893 0.370625 -0.877659 157.006393
70490 26 28 30
0.295132 0.298585 -0.907604 130.286728
54410 26 29 23
-0.124875 0.026726 0.991812 109.445297
59018 26 29 25
0.105923 0.063346 0.992355 159.824356
61322 26 29 26
0.355030 0.007412 0.934825 176.741806
63626 26 29 27
0.969431 -0.070394 0.235048 183.962021
65930 26 29 28
0.584655 0.030467 -0.810710 179.475159
68234 26 29 29
0.362260 0.109454 -0.925628 163.180222
54458 26 30 23
0.002843 -0.231517 0.972827 106.704254
56762 26 30 24
0.119784 -0.284844 0.951060 133.508591
59066 26 30 25
0.267713 -0.412945 0.870521 156.004532
61370 26 30 26
0.441428 -0.602932 0.664541 171.572815
65978 26 30 28
0.556878 -0.576050 -0.598376 175.589157
68282 26 30 29
0.361724 -0.196931 -0.911248 162.355453
54506 26 31 23
0.103244 -0.481851 0.870150 96.071373
56810 26 31 24
0.205846 -0.581054 0.787403 121.010643
75242 26 31 32
0.218254 0.030208 -0.975424 86.306816
70682 26 32 30
0.153826 -0.381309 -0.911560 133.133423
72986 26 32 31
0.169950 -0.173146 -0.970122 111.778442
75290 26 32 32
0.188118 -0.108065 -0.976183 85.237366
66122 26 33 28
0.109450 -0.949671 0.293504 130.991486
68426 26 33 29
0.145957 -0.965834 -0.214154 132.532806
70730 26 33 30
0.199724 -0.615505 -0.762406 123.870079
66170 26 34 28
0.129567 -0.905250 0.404641 111.109741
68474 26 34 29
0.224622 -0.974442 0.002689 116.024971
42171 27 14 18
-0.563391 0.812289 0.150917 66.544067
44523 27 15 19
-0.695784 0.678534 -0.235537 82.929321
46827 27 15 20
-0.601075 0.591768 -0.537139 73.524681
49227 27 17 21
-0.455306 0.437905 -0.775200 81.317314
35451 27 18 15
-0.491577 0.594540 0.636297 136.899353
37755 27 18 16
-0.630483 0.747256 0.209998 148.633713
49275 27 18 21
-0.371702 0.470101 -0.800526 92.999001
83835 27 18 36
0.890895 0.268579 -0.366294 92.959908
35499 27 19 15
-0.387192 0.173489 0.905529 147.592133
37803 27 19 16
-0.752137 0.448926 0.482448 160.437775
40107 27 19 17
-0.763546 0.525365 -0.375484 160.305908
83883 27 19 36
0.905853 0.088454 -0.414254 97.984436
35547 27 20 15
-0.115486 -0.316224 0.941629 145.503098
37851 27 20 16
-0.244562 -0.525838 0.814668 159.999084
83931 27 20 36
0.907779 -0.055280 -0.415791 98.371826
37899 27 21 16
0.133843 -0.595417 0.792190 152.358307
47115 27 21 20
-0.357147 0.441499 -0.823119 144.355591
49419 27 21 21
-0.057679 0.432803 -0.899641 128.375336
81675 27 21 35
0.976339 -0.165501 -0.139178 102.853661
83979 27 21 36
0.907923 -0.180996 -0.378042 94.871498
47163 27 22 20
-0.420908 0.136917 -0.896711 149.258102
49467 27 22 21
-0.084132 0.110580 -0.990300 133.753937
51771 27 22 22
0.391509 0.170060 -0.904323 117.203651
77115 27 22 33
0.990403 -0.088045 0.106540 97.122917
79419 27 22 34
0.972884 -0.230345 -0.020948 98.599617
81723 27 22 35
0.933938 -0.309049 -0.179578 95.380478
49515 27 23 21
-0.162764 -0.337523 -0.927139 131.681320
51819 27 23 22
0.330700 -0.300122 -0.894742 116.418144
65643 27 23 28
0.826841 0.519689 -0.215077 112.650177
67947 27 23 29
0.830160 0.479904 -0.283771 105.575424
74859 27 23 32
0.992943 -0.109300 -0.046013 92.906998
77163 27 23 33
0.957511 -0.281163 -0.064183 91.508850
79467 27 23 34
0.911277 -0.390522 -0.130638 88.508934
42651 27 24 18
-0.660095 -0.743586 -0.106555 157.536819
44955 27 24 19
-0.511954 -0.615466 -0.599254 151.862061
47259 27 24 20
-0.380433 -0.587797 -0.713978 138.333679
49563 27 24 21
-0.221092 -0.623392 -0.750001 121.956024
65691 27 24 28
0.798187 0.516575 -0.309916 126.419670
67995 27 24 29
0.773046 0.425404 -0.470565 116.699516
72603 27 24 31
0.920819 -0.031202 -0.388739 95.582893
26571 27 25 11
-0.692999 0.067353 0.717786 79.273651
42699 27 25 18
-0.416102 -0.861171 -0.291966 146.959625
45003 27 25 19
-0.382551 -0.745473 -0.545824 137.421707
47307 27 25 20
-0.340609 -0.712902 -0.612990 121.936859
24315 27 26 10
-0.581581 -0.309720 0.752221 57.705856
26619 27 26 11
-0.675764 -0.398668 0.620005 74.945259
28923 27 26 12
-0.721330 -0.499621 0.479647 88.515854
42747 27 26 18
-0.331213 -0.892577 -0.305950 127.512543
38187 27 27 16
-0.348401 -0.918958 0.184751 104.082176
40491 27 27 17
-0.324685 -0.944754 -0.044932 106.252098
42795 27 27 18
-0.315562 -0.909091 -0.271982 101.228828
70491 27 28 30
0.269371 0.308442 -0.912306 139.401703
68235 27 29 29
0.258402 0.088573 -0.961968 170.309509
70539 27 29 30
0.245054 0.123669 -0.961590 146.000336
59067 27 30 25
-0.074419 -0.279268 0.957325 158.051605
61371 27 30 26
0.090256 -0.542994 0.834872 176.106003
63675 27 30 27
0.308773 -0.917861 0.249379 184.224258
65979 27 30 28
0.297362 -0.701427 -0.647747 181.346207
56811 27 31 24
-0.089831 -0.491609 0.866170 122.636047
59115 27 31 25
0.011701 -0.662292 0.749155 145.855408
61419 27 31 26
0.109750 -0.845680 0.522284 161.878098
54555 27 32 23
-0.084218 -0.582220 0.808657 79.853584
56859 27 32 24
-0.017326 -0.700757 0.713190 103.777779
75291 27 32 32
0.108520 -0.128711 -0.985727 89.414139
56907 27 33 24
0.017367 -0.791801 0.610533 80.173286
73035 27 33 31
0.050947 -0.324094 -0.944652 108.490837
68475 27 34 29
-0.124843 -0.986670 0.104381 117.023735
70779 27 34 30
0.003216 -0.832302 -0.554313 113.667862
68523 27 35 29
-0.045746 -0.974492 0.219711 99.353539
70827 27 35 30
0.090631 -0.939331 -0.330823 98.628479
59355 27 36 25
-0.040596 -0.810061 0.584938 33.457497
61659 27 36 26
-0.070589 -0.803119 0.591622 44.861637
63963 27 36 27
-0.085338 -0.816381 0.571173 57.872284
70875 27 36 30
0.116821 -0.974971 -0.189167 79.645172
70923 27 37 30
0.104679 -0.987931 -0.114166 58.414898
73227 27 37 31
0.179697 -0.884336 -0.430882 52.421169
42124 28 13 18
-0.622180 0.762233 0.178584 39.940449
44428 28 13 19
-0.628076 0.765285 -0.140923 40.307812
46732 28 13 20
-0.558704 0.707801 -0.432282 35.520809
42172 28 14 18
-0.734789 0.663524 0.140784 52.823429
44476 28 14 19
-0.753008 0.639125 -0.156517 52.778599
46780 28 14 20
-0.672249 0.591595 -0.445080 46.898968
83740 28 16 36
0.689023 0.681261 -0.247245 88.841461
49228 28 17 21
-0.526581 0.579283 -0.622209 69.166489
83788 28 17 36
0.795324 0.486061 -0.362221 107.549492
37756 28 18 16
-0.596170 0.786989 0.158837 132.287888
49276 28 18 21
-0.397621 0.677722 -0.618540 83.515877
83836 28 18 36
0.848700 0.256161 -0.462699 119.017242
35500 28 19 15
-0.487434 0.380789 0.785753 137.039047
37804 28 19 16
-0.676559 0.665964 0.314262 149.979752
40108 28 19 17
-0.624256 0.710973 -0.323763 149.271667
35548 28 20 15
-0.306345 -0.068515 0.949452 140.842072
37852 28 20 16
-0.606857 0.033828 0.794091 155.839600
40156 28 20 17
-0.772495 0.468214 -0.428984 157.722900
60892 28 20 26
0.805826 0.588247 -0.067900 97.683342
63196 28 20 27
0.798416 0.580304 -0.160560 93.682755
37900 28 21 16
-0.160408 -0.457638 0.874549 152.559036
58636 28 21 25
0.876187 0.478665 0.056356 117.199844
60940 28 21 26
0.862657 0.501944 -0.062244 117.224197
51772 28 22 22
0.731571 0.188261 -0.655257 123.386276
79420 28 22 34
0.968537 -0.247505 -0.026035 129.786728
81724 28 22 35
0.926774 -0.304366 -0.220119 125.784500
49516 28 23 21
-0.434511 -0.585464 -0.684421 127.132042
51820 28 23 22
0.448907 -0.817605 -0.360560 120.716301
31132 28 24 13
-0.524183 0.208852 0.825599 92.011284
65692 28 24 28
0.805168 0.342499 -0.484147 145.567902
28876 28 25 12
-0.739540 -0.076029 0.668805 77.954666
31180 28 25 13
-0.682268 -0.195365 0.704516 92.570274
35788 28 25 15
-0.467545 -0.482587 0.740616 121.561516
42700 28 25 18
-0.631987 -0.698858 -0.334947 135.894608
61132 28 25 26
0.875508 0.124663 0.466846 155.550064
63436 28 25 27
0.927478 0.349433 -0.132967 158.885345
65740 28 25 28
0.667833 0.388566 -0.634835 152.202713
42748 28 26 18
-0.506880 -0.802912 -0.313697 115.549759
61180 28 26 26
0.536934 0.247488 0.806506 158.297867
63484 28 26 27
0.680988 0.728314 0.076251 164.880737
42796 28 27 18
-0.436526 -0.859519 -0.265841 89.290031
65836 28 27 28
0.099089 0.798718 -0.593490 170.948029
68140 28 27 29
0.114623 0.541110 -0.833104 156.947891
65884 28 28 28
-0.027894 0.753920 -0.656373 182.086655
68188 28 28 29
0.052402 0.431599 -0.900542 168.065979
70492 28 28 30
0.127536 0.310111 -0.942107 145.461929
65932 28 29 28
-0.068884 0.105937 -0.991984 187.556717
68236 28 29 29
0.027398 0.055299 -0.998094 173.503998
70540 28 29 30
0.082574 0.071440 -0.994021 150.756760
63676 28 30 27
-0.132093 -0.904287 0.405976 185.193314
65980 28 30 28
-0.030988 -0.766592 -0.641387 183.112045
59116 28 31 25
-0.210113 -0.546111 0.810935 142.798309
61420 28 31 26
-0.110589 -0.788724 0.604719 161.722534
75244 28 31 32
0.054814 -0.142986 -0.988206 94.908325
59164 28 32 25
-0.131066 -0.762481 0.633596 122.558578
61468 28 32 26
-0.060433 -0.896782 0.438327 139.039185
73036 28 33 31
-0.139455 -0.333858 -0.932250 107.601822
73084 28 34 31
-0.117321 -0.499126 -0.858551 100.034248
70828 28 35 30
-0.272193 -0.944821 -0.182275 96.932495
70876 28 36 30
-0.203153 -0.977128 -0.062840 78.628281
73180 28 36 31
-0.056280 -0.868147 -0.493107 72.769302
44477 29 14 19
-0.848697 0.513774 -0.125499 38.080780
46781 29 14 20
-0.787048 0.496886 -0.365595 33.964863
81437 29 16 35
0.512693 0.853696 0.091379 111.745377
83741 29 16 36
0.513676 0.804501 -0.298185 108.542015
83789 29 17 36
0.663113 0.584376 -0.467745 130.457809
83837 29 18 36
0.745647 0.282744 -0.603379 143.104538
35501 29 19 15
-0.558592 0.473863 0.680756 122.400772
37805 29 19 16
-0.653624 0.702165 0.282382 136.122986
40109 29 19 17
-0.579893 0.786628 -0.211993 136.648865
63149 29 19 27
0.649812 0.746935 -0.140826 96.142700
65453 29 19 28
0.694796 0.707190 -0.130922 91.814056
67757 29 19 29
0.764531 0.640791 0.069853 90.578720
35549 29 20 15
-0.492753 0.115676 0.862446 130.907181
37853 29 20 16
-0.740028 0.322464 0.590233 147.099136
40157 29 20 17
-0.757356 0.610761 -0.231048 149.918869
60893 29 20 26
0.707175 0.701306 -0.089854 124.522690
63197 29 20 27
0.696328 0.676051 -0.241003 118.732010
65501 29 20 28
0.711992 0.652400 -0.259695 110.623390
37901 29 21 16
-0.587407 -0.231357 0.775517 147.443619
40205 29 21 17
-0.990592 -0.136642 0.007522 152.951965
58637 29 21 25
0.807542 0.571512 0.145775 146.038376
60941 29 21 26
0.795242 0.596601 -0.107966 146.668060
77117 29 22 33
0.948876 -0.191923 0.250598 154.830811
79421 29 22 34
0.945847 -0.321933 -0.041632 157.536880
81725 29 22 35
0.886013 -0.346240 -0.308382 152.823761
84029 29 22 36
0.840733 -0.268101 -0.470413 142.254791
86333 29 22 37
0.835381 -0.117908 -0.536876 128.662918
88637 29 22 38
0.837349 0.058078 -0.543576 114.240784
74861 29 23 32
0.896327 -0.375283 0.236136 142.146713
77165 29 23 33
0.857397 -0.508927 0.076573 145.988297
79469 29 23 34
0.816254 -0.566916 -0.111061 145.404449
81773 29 23 35
0.793166 -0.557960 -0.244065 139.986206
88685 29 23 38
0.899912 -0.223420 -0.374488 112.206924
31133 29 24 13
-0.585636 0.052155 0.808894 79.597420
38045 29 24 16
-0.762683 -0.395778 0.511541 130.814621
58781 29 24 25
0.697709 -0.256918 0.668726 163.089813
61085 29 24 26
0.958129 -0.166094 0.233243 172.327789
65693 29 24 28
0.564623 0.084087 -0.821055 159.297821
74909 29 24 32
0.749610 -0.661596 -0.019376 130.559235
77213 29 24 33
0.708240 -0.701218 -0.081790 129.430618
31181 29 25 13
-0.676202 -0.244572 0.694936 77.582451
33485 29 25 14
-0.636788 -0.366529 0.678349 94.176186
35789 29 25 15
-0.653429 -0.490698 0.576408 109.515778
38093 29 25 16
-0.733447 -0.599919 0.319614 120.412384
40397 29 25 17
-0.772917 -0.632091 -0.055319 123.547760
42701 29 25 18
-0.726140 -0.604302 -0.327933 117.920052
61133 29 25 26
0.637523 -0.487261 0.596775 167.912186
63437 29 25 27
0.677521 -0.284983 -0.678048 168.748215
77261 29 25 33
0.619458 -0.743687 -0.251399 109.650124
35837 29 26 15
-0.586623 -0.704366 0.399679 93.697708
42749 29 26 18
-0.630464 -0.714086 -0.304296 97.733833
61181 29 26 26
0.034142 -0.299699 0.953423 163.106705
63485 29 26 27
-0.694016 0.552056 -0.462144 167.979568
68141 29 27 29
-0.257109 0.486746 -0.834849 155.847092
65885 29 28 28
-0.553896 0.640309 -0.532168 178.355606
68189 29 28 29
-0.313635 0.414178 -0.854453 165.567368
70493 29 28 30
-0.182531 0.296036 -0.937574 145.171539
65933 29 29 28
-0.684724 0.150559 -0.713082 183.905807
68237 29 29 29
-0.326978 0.055392 -0.943407 170.733871
70541 29 29 30
-0.209855 0.035807 -0.977077 149.433838
63677 29 30 27
-0.535183 -0.671477 0.512540 181.440170
65981 29 30 28
-0.412042 -0.680941 -0.605426 180.327820
59117 29 31 25
-0.317159 -0.424712 0.847956 134.574081
61421 29 31 26
-0.262869 -0.668965 0.695259 157.106171
63725 29 31 27
-0.210889 -0.946836 0.242955 168.201309
75245 29 31 32
-0.118583 -0.217463 -0.968838 94.243958
59165 29 32 25
-0.234379 -0.672581 0.701927 116.485718
61469 29 32 26
-0.154819 -0.849669 0.504077 135.792480
61517 29 33 26
-0.122400 -0.896847 0.425068 108.331841
73037 29 33 31
-0.277612 -0.361574 -0.890054 103.628426
73085 29 34 31
-0.303128 -0.545455 -0.781404 96.318184
75389 29 34 32
-0.089897 -0.305255 -0.948018 80.152008
73133 29 35 31
-0.286600 -0.781703 -0.553896 85.317719
75437 29 35 32
-0.074558 -0.532394 -0.843207 71.846344
70877 29 36 30
-0.371182 -0.926654 0.059467 72.301689
73181 29 36 31
-0.249887 -0.902842 -0.349904 69.479294
83742 30 16 36
0.174385 0.926876 -0.332402 119.923332
86046 30 16 37
0.168910 0.741214 -0.649671 103.852173
83790 30 17 36
0.315972 0.752082 -0.578390 145.050934
86094 30 17 37
0.261619 0.508114 -0.820595 123.969872
88398 30 17 38
0.250015 0.385703 -0.888102 95.671890
76926 30 18 33
0.522827 0.598346 0.607152 156.687180
79230 30 18 34
0.621498 0.692757 0.365825 170.611786
81534 30 18 35
0.664581 0.678927 -0.312076 172.125229
83838 30 18 36
0.448722 0.385288 -0.806351 159.562042
37806 30 19 16
-0.683464 0.665305 0.300410 118.250175
40110 30 19 17
-0.618842 0.782352 -0.070422 121.426056
67758 30 19 29
0.581484 0.804344 0.122095 106.048279
70062 30 19 30
0.584896 0.606979 0.538027 113.118286
72366 30 19 31
0.545591 0.434296 0.716741 129.051193
74670 30 19 32
0.561834 0.360342 0.744645 150.125351
76974 30 19 33
0.661149 0.338656 0.669473 169.706940
79278 30 19 34
0.892639 0.324693 0.312682 180.826248
81582 30 19 35
0.811249 0.163384 -0.561409 179.083786
37854 30 20 16
-0.798163 0.344240 0.494403 132.101624
40158 30 20 17
-0.832368 0.554201 -0.004872 137.549149
72414 30 20 31
0.570182 0.354156 0.741260 138.833664
81630 30 20 35
0.748048 -0.131418 -0.650503 178.936005
35598 30 21 15
-0.600849 -0.074429 0.795890 116.171387
37902 30 21 16
-0.791925 -0.102144 0.602015 134.636307
40206 30 21 17
-0.989487 -0.070314 0.126375 141.902939
56334 30 21 24
0.460281 0.636951 0.618413 155.167282
58638 30 21 25
0.574803 0.767740 0.283155 166.080887
81678 30 21 35
0.698055 -0.270748 -0.662884 175.935959
54078 30 22 23
0.182324 -0.036231 0.982571 145.062408
63294 30 22 27
0.478396 0.556394 -0.679384 172.633881
77118 30 22 33
0.770936 -0.420631 0.478255 172.633240
79422 30 22 34
0.789959 -0.604274 -0.104008 175.442398
81726 30 22 35
0.653595 -0.519629 -0.550272 170.098099
84030 30 22 36
0.586936 -0.330049 -0.739307 158.986221
86334 30 22 37
0.601923 -0.090852 -0.793369 145.448074
88638 30 22 38
0.622149 0.152548 -0.767893 131.516388
90942 30 22 39
0.591823 0.316089 -0.741507 117.164093
93246 30 22 40
0.517918 0.385438 -0.763674 101.134453
63342 30 23 27
0.298700 0.062806 -0.952278 178.260254
74862 30 23 32
0.537726 -0.683341 0.493858 156.389252
77166 30 23 33
0.555245 -0.806440 0.203367 162.423782
79470 30 23 34
0.549516 -0.826875 -0.119627 163.067871
81774 30 23 35
0.547981 -0.765057 -0.338237 158.101410
84078 30 23 36
0.588689 -0.664018 -0.461005 149.772232
86382 30 23 37
0.666896 -0.514178 -0.539324 140.372253
88686 30 23 38
0.725094 -0.306879 -0.616494 130.661621
90990 30 23 39
0.692941 -0.095272 -0.714672 119.788277
38046 30 24 16
-0.862882 -0.400618 0.308124 112.287308
40350 30 24 17
-0.874573 -0.484029 -0.028953 115.886841
58782 30 24 25
-0.061524 -0.623342 0.779525 170.496140
61086 30 24 26
-0.199496 -0.959992 0.196512 178.955231
63390 30 24 27
-0.246580 -0.567962 -0.785250 174.885696
65694 30 24 28
-0.205389 -0.320051 -0.924869 162.480072
67998 30 24 29
-0.168640 -0.399188 -0.901227 149.025696
74910 30 24 32
0.312742 -0.936487 0.158698 141.880219
86430 30 24 37
0.570867 -0.784142 -0.243377 126.850548
88734 30 24 38
0.619869 -0.715816 -0.321511 121.002632
95646 30 24 41
0.420266 -0.275726 -0.864495 87.805580
97950 30 24 42
0.305719 -0.144629 -0.941073 69.378838
31182 30 25 13
-0.722240 -0.254287 0.643201 60.514320
33486 30 25 14
-0.735708 -0.352209 0.578517 76.436813
35790 30 25 15
-0.779547 -0.448850 0.436853 90.617172
38094 30 25 16
-0.827991 -0.525389 0.195953 99.767570
40398 30 25 17
-0.825237 -0.558262 -0.085599 101.291031
42702 30 25 18
-0.772761 -0.567585 -0.284055 95.296196
56526 30 25 24
-0.189363 -0.537366 0.821814 136.009216
58830 30 25 25
-0.277824 -0.630888 0.724427 156.933014
61134 30 25 26
-0.524873 -0.786367 0.325785 167.847076
95694 30 25 41
0.336353 -0.643955 -0.687159 78.436562
97998 30 25 42
0.255525 -0.483763 -0.837066 62.914906
38142 30 26 16
-0.734865 -0.665754 0.129405 82.046837
40446 30 26 17
-0.739264 -0.665843 -0.100710 82.440971
42750 30 26 18
-0.711569 -0.647273 -0.273326 76.313133
56574 30 26 24
-0.284795 -0.478313 0.830728 120.617577
58878 30 26 25
-0.410967 -0.491789 0.767626 143.178482
61182 30 26 26
-0.705194 -0.478952 0.522787 157.458481
93438 30 26 40
0.300751 -0.904670 -0.301863 71.459129
95742 30 26 41
0.246278 -0.834518 -0.492876 62.690834
98046 30 26 42
0.195322 -0.718101 -0.667967 50.746269
56622 30 27 24
-0.360039 -0.326577 0.873911 108.225845
58926 30 27 25
-0.477030 -0.245549 0.843889 133.541077
61230 30 27 26
-0.714940 -0.080609 0.694523 152.466415
77358 30 27 33
-0.014725 -0.604202 -0.796695 88.144417
68190 30 28 29
-0.634533 0.353260 -0.687441 154.878677
77406 30 28 33
-0.176433 -0.272504 -0.945840 81.497772
65934 30 29 28
-0.886128 0.207709 -0.414287 173.259308
68238 30 29 29
-0.617816 0.106703 -0.779049 160.636642
70542 30 29 30
-0.505483 0.047326 -0.861538 140.462601
77454 30 29 33
-0.241644 -0.204425 -0.948588 77.238884
72894 30 30 31
-0.407625 -0.178696 -0.895494 116.024986
75198 30 30 32
-0.348417 -0.187199 -0.918457 94.029770
77502 30 30 33
-0.253785 -0.225041 -0.940718 72.568626
63726 30 31 27
-0.447363 -0.828566 0.336667 162.092697
72942 30 31 31
-0.358800 -0.269061 -0.893795 110.394066
75246 30 31 32
-0.309339 -0.210731 -0.927309 89.163902
61470 30 32 26
-0.249099 -0.768478 0.589399 129.804276
63774 30 32 27
-0.206474 -0.946460 0.248159 141.971786
61518 30 33 26
-0.167983 -0.863721 0.475151 103.698723
70782 30 34 30
-0.411414 -0.883781 -0.222869 97.852242
75438 30 35 32
-0.168532 -0.606497 -0.777019 69.521843
85999 31 15 37
-0.203346 0.880669 -0.427870 76.088112
86047 31 16 37
-0.188746 0.783538 -0.591983 103.485641
88351 31 16 38
-0.106618 0.641169 -0.759957 81.263420
81487 31 17 35
-0.236833 0.964621 -0.115829 155.438782
86095 31 17 37
-0.143240 0.602411 -0.785228 126.002708
88399 31 17 38
-0.036571 0.486948 -0.872665 99.412979
58495 31 18 25
0.103400 0.968996 0.224400 91.657288
60799 31 18 26
0.137899 0.988726 0.058348 96.022240
63103 31 18 27
0.154827 0.985353 -0.071465 95.646774
65407 31 18 28
0.163736 0.986184 -0.025122 94.022736
67711 31 18 29
0.163310 0.943398 0.288669 96.214401
70015 31 18 30
0.135670 0.774907 0.617344 105.880463
74623 31 18 32
0.053447 0.659163 0.750099 144.866287
76927 31 18 33
-0.029850 0.751388 0.659185 164.618759
79231 31 18 34
-0.190591 0.925596 0.327027 176.259979
81535 31 18 35
-0.319836 0.842421 -0.433626 175.768326
83839 31 18 36
-0.212460 0.490063 -0.845399 162.734894
86143 31 18 37
-0.073119 0.345791 -0.935458 140.045959
37807 31 19 16
-0.736488 0.593594 0.324394 96.358917
60847 31 19 26
0.074645 0.995923 -0.050652 124.817657
63151 31 19 27
0.078785 0.964145 -0.253412 120.459160
76975 31 19 33
-0.079940 0.440773 0.894052 177.456665
79279 31 19 34
-0.515489 0.715555 0.471436 186.689972
81583 31 19 35
-0.407702 0.213963 -0.887693 183.327240
88495 31 19 38
0.102284 0.252970 -0.962052 120.654495
37855 31 20 16
-0.841911 0.296936 0.450571 110.426788
40159 31 20 17
-0.889455 0.430829 0.152498 118.810928
47071 31 20 20
-0.567652 0.793383 -0.219808 109.007828
60895 31 20 26
-0.017092 0.986058 -0.165523 151.579102
77023 31 20 33
-0.216385 0.055906 0.974706 180.998367
79327 31 20 34
-0.905975 -0.398259 0.143522 187.605545
81631 31 20 35
-0.397264 -0.258304 -0.880602 182.432755
37903 31 21 16
-0.862707 -0.065005 0.501509 113.625244
40207 31 21 17
-0.973342 -0.066647 0.219464 123.250938
42511 31 21 18
-0.993221 -0.047612 -0.106041 124.493683
44815 31 21 19
-0.950791 -0.011391 -0.309624 120.690781
47119 31 21 20
-0.971584 0.067232 -0.226946 116.519356
49423 31 21 21
-0.897926 0.241738 0.367819 116.758232
56335 31 21 24
-0.245465 0.563779 0.788606 158.183777
58639 31 21 25
-0.267330 0.856723 0.441090 170.648285
60943 31 21 26
-0.236385 0.930545 -0.279656 171.963608
81679 31 21 35
-0.442598 -0.370015 -0.816820 178.446213
95503 31 21 41
0.094255 0.498532 -0.861732 77.380020
44863 31 22 19
-0.810681 -0.546561 -0.209922 114.501343
47167 31 22 20
-0.783580 -0.615012 -0.088102 111.076660
56383 31 22 24
-0.431248 -0.066903 0.899749 163.267029
58687 31 22 25
-0.679210 0.101888 0.726837 178.577286
60991 31 22 26
-0.867755 0.383059 -0.316649 181.927414
63295 31 22 27
-0.488115 0.350142 -0.799465 173.302597
77119 31 22 33
-0.467507 -0.635279 0.614701 175.799606
79423 31 22 34
-0.545332 -0.818387 -0.181260 178.269409
93247 31 22 40
-0.055536 0.352891 -0.934015 106.573845
95551 31 22 41
-0.035075 0.346951 -0.937227 87.447777
58735 31 23 25
-0.674434 -0.462705 0.575363 173.991623
61039 31 23 26
-0.882083 -0.468676 -0.047667 179.838486
63343 31 23 27
-0.733633 -0.290870 -0.614148 173.401413
70255 31 23 30
-0.802108 -0.593247 0.068419 144.481522
72559 31 23 31
-0.470237 -0.657695 0.588485 149.038391
74863 31 23 32
-0.345569 -0.759893 0.550586 157.898605
77167 31 23 33
-0.312630 -0.909403 0.274314 164.978607
79471 31 23 34
-0.283372 -0.952692 -0.109901 166.337051
81775 31 23 35
-0.257900 -0.875800 -0.407997 161.807922
84079 31 23 36
-0.261631 -0.758938 -0.596290 153.707855
95599 31 23 41
-0.183192 0.052225 -0.981689 91.942612
58783 31 24 25
-0.659842 -0.576270 0.482205 160.223007
61087 31 24 26
-0.792915 -0.606060 0.063069 168.018265
79519 31 24 34
-0.147781 -0.986991 -0.063320 146.202393
81823 31 24 35
-0.104026 -0.976560 -0.188440 143.100296
86431 31 24 37
-0.139730 -0.927870 -0.345734 132.207687
88735 31 24 38
-0.224651 -0.854211 -0.468888 125.465828
91039 31 24 39
-0.300045 -0.710943 -0.636029 116.784142
97951 31 24 42
-0.229197 -0.198798 -0.952863 70.142403
56527 31 25 24
-0.552766 -0.519361 0.651701 123.464035
58831 31 25 25
-0.684900 -0.555649 0.471345 142.646835
74959 31 25 32
-0.368135 -0.928525 0.048146 120.785248
86479 31 25 37
-0.037788 -0.989108 -0.142259 111.773201
88783 31 25 38
-0.110228 -0.967967 -0.225590 107.666557
91087 31 25 39
-0.200817 -0.908251 -0.367087 101.367065
97999 31 25 42
-0.257785 -0.498733 -0.827534 62.783642
100303 31 25 43
-0.217338 -0.367424 -0.904303 45.406918
56575 31 26 24
-0.575460 -0.461563 0.675134 106.526489
88831 31 26 38
-0.052924 -0.991106 -0.122095 83.804352
91135 31 26 39
-0.129160 -0.966055 -0.223730 79.578163
98047 31 26 42
-0.236872 -0.708669 -0.664590 50.247669
100351 31 26 43
-0.213640 -0.587837 -0.780260 36.605133
56623 31 27 24
-0.576414 -0.332467 0.746466 93.360298
63583 31 28 27
-0.921436 0.294073 0.253921 146.623062
65887 31 28 28
-0.904590 0.362457 -0.224368 146.891495
68191 31 28 29
-0.793488 0.307279 -0.525316 136.242783
77407 31 28 33
-0.601214 -0.369186 -0.708691 74.275177
79711 31 28 34
-0.415379 -0.611604 -0.673350 61.871361
63631 31 29 27
-0.904574 0.246622 0.347742 154.028717
65935 31 29 28
-0.929569 0.260560 -0.260787 155.129272
68239 31 29 29
-0.766231 0.178562 -0.617257 143.301025
77455 31 29 33
-0.563081 -0.234417 -0.792457 68.705505
63679 31 30 27
-0.909158 -0.052831 0.413087 156.888016
61423 31 31 26
-0.544357 -0.347359 0.763556 135.402832
63727 31 31 27
-0.721020 -0.562261 0.404959 150.848633
61471 31 32 26
-0.384327 -0.647445 0.658109 120.284111
63775 31 32 27
-0.398774 -0.853542 0.335330 134.662338
66079 31 32 28
-0.388946 -0.902628 -0.184344 136.657120
61519 31 33 26
-0.254978 -0.802746 0.539060 96.986313
63823 31 33 27
-0.221295 -0.923978 0.311917 110.385986
66127 31 33 28
-0.212672 -0.976682 0.029391 115.168640
75487 31 36 32
-0.242154 -0.860190 -0.448814 52.784870
88352 32 16 38
-0.367536 0.673342 -0.641505 73.658936
79184 32 17 34
-0.553955 0.818904 0.150101 140.224243
58496 32 18 25
-0.212504 0.938836 0.270978 90.224762
60800 32 18 26
-0.216603 0.973033 0.079314 95.229668
63104 32 18 27
-0.235123 0.968261 -0.084782 94.989929
70016 32 18 30
-0.371507 0.709829 0.598435 103.425369
72320 32 18 31
-0.396207 0.605196 0.690476 119.277641
74624 32 18 32
-0.482399 0.597411 0.640618 138.405869
76928 32 18 33
-0.630076 0.624837 0.461068 154.941818
79232 32 18 34
-0.777263 0.615130 0.132201 163.619736
81536 32 18 35
-0.807253 0.531937 -0.255708 161.880478
83840 32 18 36
-0.701492 0.441448 -0.559494 150.288651
86144 32 18 37
-0.521949 0.407289 -0.749457 131.406815
60848 32 19 26
-0.396007 0.917445 -0.038382 120.528748
63152 32 19 27
-0.412546 0.873384 -0.258854 116.483185
74672 32 19 32
-0.623547 0.293024 0.724794 150.758423
76976 32 19 33
-0.816032 0.263545 0.514428 166.829025
79280 32 19 34
-0.976156 0.203328 0.076007 173.971527
81584 32 19 35
-0.916918 0.123734 -0.379410 170.245911
86192 32 19 37
-0.546636 0.163858 -0.821182 139.019562
88496 32 19 38
-0.336589 0.293074 -0.894883 117.951668
40160 32 20 17
-0.918326 0.322369 0.229686 94.063087
44768 32 20 19
-0.866376 0.493307 -0.077719 97.168915
47072 32 20 20
-0.817070 0.574371 -0.049947 95.390030
49376 32 20 21
-0.751087 0.637817 0.170466 96.339401
77024 32 20 33
-0.892012 -0.018355 0.451638 169.285294
79328 32 20 34
-0.993720 -0.111861 -0.002622 174.485107
81632 32 20 35
-0.899574 -0.144703 -0.412102 169.514114
37904 32 21 16
-0.893061 -0.057216 0.446283 86.874619
40208 32 21 17
-0.962399 -0.066725 0.263317 97.757050
42512 32 21 18
-0.994904 -0.071222 0.071368 102.319153
44816 32 21 19
-0.995961 -0.069023 -0.057421 102.296715
47120 32 21 20
-0.998856 -0.046258 -0.012118 101.173767
49424 32 21 21
-0.961579 0.020904 0.273732 103.279137
56336 32 21 24
-0.765953 0.270826 0.583069 144.831818
58640 32 21 25
-0.873644 0.380611 0.303121 157.150375
60944 32 21 26
-0.879246 0.451633 -0.151507 159.106003
77072 32 21 33
-0.925665 -0.138551 0.352062 167.394043
44864 32 22 19
-0.869034 -0.492640 -0.045673 94.845879
47168 32 22 20
-0.847760 -0.529743 0.025985 94.176537
58688 32 22 25
-0.932673 -0.121051 0.339804 160.179276
60992 32 22 26
-0.996086 -0.046106 -0.075413 164.051620
63296 32 22 27
-0.911427 0.033537 -0.410092 157.271301
77120 32 22 33
-0.915290 -0.306814 0.260978 162.680328
95552 32 22 41
-0.479863 0.167303 -0.861244 81.336784
58736 32 23 25
-0.857054 -0.396929 0.328489 151.083862
61040 32 23 26
-0.926679 -0.375693 0.011010 157.066208
63344 32 23 27
-0.905478 -0.321946 -0.276516 152.640015
67952 32 23 29
-0.911241 -0.307543 -0.273965 133.748474
70256 32 23 30
-0.918108 -0.386055 0.089657 131.560257
72560 32 23 31
-0.821337 -0.448661 0.352290 136.691711
74864 32 23 32
-0.780364 -0.514968 0.354740 145.387268
77168 32 23 33
-0.794008 -0.578912 0.185506 152.304855
79472 32 23 34
-0.802742 -0.593739 -0.055488 153.935562
65696 32 24 28
-0.849798 -0.438423 -0.292623 131.485641
68000 32 24 29
-0.843682 -0.483089 -0.234149 123.541397
74912 32 24 32
-0.659776 -0.717987 0.221789 128.893326
79520 32 24 34
-0.614122 -0.789099 -0.013330 135.584930
81824 32 24 35
-0.618546 -0.773683 -0.137173 133.490021
74960 32 25 32
-0.631442 -0.768379 0.104276 107.749153
86480 32 25 37
-0.532682 -0.827301 -0.178389 104.077858
88784 32 25 38
-0.596369 -0.758604 -0.262419 98.429413
84224 32 26 36
-0.380661 -0.922010 -0.070677 82.969048
86528 32 26 37
-0.400682 -0.909728 -0.108850 80.604118
88832 32 26 38
-0.454905 -0.872316 -0.179239 76.805496
91136 32 26 39
-0.513748 -0.815726 -0.265809 70.992783
63584 32 28 27
-0.937521 0.276898 0.210672 119.686539
65888 32 28 28
-0.932579 0.330553 -0.145021 120.684334
68192 32 28 29
-0.864796 0.291561 -0.408803 111.910500
63632 32 29 27
-0.919452 0.273907 0.282106 128.655029
65936 32 29 28
-0.939513 0.300597 -0.164184 130.494873
68240 32 29 29
-0.835877 0.248264 -0.489565 120.372543
63680 32 30 27
-0.932732 0.105070 0.344924 134.631500
61424 32 31 26
-0.675842 -0.191338 0.711778 116.750145
63728 32 31 27
-0.876970 -0.258854 0.404868 133.165207
63776 32 32 27
-0.637959 -0.650464 0.412195 121.950127
63824 32 33 27
-0.393885 -0.835861 0.382350 101.716118
66128 32 33 28
-0.398689 -0.912872 0.087813 108.103302
68432 32 33 29
-0.421841 -0.865778 -0.269220 106.429947
77744 32 35 33
-0.289956 -0.460451 -0.838994 48.966572
75488 32 36 32
-0.347645 -0.864208 -0.363712 47.745617
77792 32 36 33
-0.278851 -0.710727 -0.645841 39.261044
58497 33 18 25
-0.534499 0.791785 0.295614 79.634018
60801 33 18 26
-0.586455 0.803041 0.105813 85.006653
74625 33 18 32
-0.785586 0.441894 0.433109 117.874634
76929 33 18 33
-0.857429 0.440962 0.265270 130.032227
81537 33 18 35
-0.905180 0.395255 -0.156275 133.730194
88449 33 18 38
-0.624052 0.462366 -0.629902 94.421272
76977 33 19 33
-0.948224 0.159806 0.274471 140.333618
79281 33 19 34
-0.990125 0.136661 0.031238 145.604019
81585 33 19 35
-0.973541 0.119760 -0.194615 142.714432
86193 33 19 37
-0.833844 0.187067 -0.519336 120.322205
88497 33 19 38
-0.697760 0.291549 -0.654317 104.784119
90801 33 19 39
-0.526890 0.396181 -0.751949 87.284798
88545 33 20 38
-0.788578 0.100732 -0.606628 109.482903
90849 33 20 39
-0.657542 0.226876 -0.718447 94.639854
93153 33 20 40
-0.518852 0.315995 -0.794317 77.540237
42513 33 21 18
-0.987040 -0.069980 0.144411 75.377693
44817 33 21 19
-0.996088 -0.073240 0.049441 77.871452
51729 33 21 22
-0.921418 0.010234 0.388438 89.841118
54033 33 21 23
-0.885492 0.054728 0.461419 102.933182
56337 33 21 24
-0.912432 0.094502 0.398168 117.775986
58641 33 21 25
-0.968658 0.135697 0.208056 128.694183
60945 33 21 26
-0.982802 0.176289 -0.054982 131.376343
63249 33 21 27
-0.942497 0.209665 -0.260269 125.885872
90897 33 21 39
-0.789978 0.036997 -0.612017 97.511063
93201 33 21 40
-0.683067 0.120159 -0.720403 82.536758
95505 33 21 41
-0.570801 0.181167 -0.800853 64.990105
44865 33 22 19
-0.910657 -0.410998 0.042246 70.972908
47169 33 22 20
-0.900019 -0.430018 0.071060 72.184044
56385 33 22 24
-0.893762 -0.205891 0.398496 115.329514
63297 33 22 27
-0.976460 -0.075347 -0.202111 128.104034
65601 33 22 28
-0.963503 -0.027462 -0.266285 120.030525
95553 33 22 41
-0.701869 -0.005095 -0.712288 67.006012
65649 33 23 28
-0.938482 -0.283934 -0.196554 114.806053
67953 33 23 29
-0.952695 -0.281460 -0.114681 109.568481
77169 33 23 33
-0.912129 -0.388026 0.132123 127.370819
79521 33 24 34
-0.806115 -0.591594 0.014010 113.533302
81825 33 24 35
-0.816362 -0.570469 -0.090101 112.338181
84177 33 25 36
-0.715798 -0.689992 -0.107445 90.225418
86481 33 25 37
-0.744850 -0.639012 -0.191998 85.892738
88785 33 25 38
-0.770785 -0.576532 -0.271112 79.266846
86529 33 26 37
-0.635348 -0.760475 -0.134201 66.066284
63585 33 28 27
-0.940150 0.276982 0.198491 89.603081
65889 33 28 28
-0.943645 0.320851 -0.081169 91.503021
68193 33 28 29
-0.901308 0.294721 -0.317463 85.254295
65937 33 29 28
-0.940530 0.328206 -0.087662 101.959106
68241 33 29 29
-0.872695 0.307566 -0.379217 94.538086
63729 33 31 27
-0.922633 -0.060165 0.380957 109.514458
63777 33 32 27
-0.799970 -0.412395 0.435864 103.200020
66129 33 33 28
-0.639135 -0.750137 0.169709 95.967270
68433 33 33 29
-0.683664 -0.707113 -0.180541 96.106956
70737 33 33 30
-0.685089 -0.484830 -0.543685 89.699280
73089 33 34 31
-0.619772 -0.591716 -0.515515 72.106453
75393 33 34 32
-0.569454 -0.321068 -0.756728 61.506248
77697 33 34 33
-0.468050 -0.140130 -0.872521 47.534393
73137 33 35 31
-0.535427 -0.816322 -0.216648 59.655506
75441 33 35 32
-0.553934 -0.648301 -0.522363 53.266212
77745 33 35 33
-0.484981 -0.451390 -0.749026 42.636486
63010 34 16 27
-0.538064 0.827654 0.159612 44.793964
65314 34 16 28
-0.575474 0.816476 0.046879 46.268658
67618 34 16 29
-0.607487 0.792692 0.050983 46.890907
63058 34 17 27
-0.744414 0.663042 0.078893 57.335289
67666 34 17 29
-0.813401 0.574010 0.094294 58.647064
69970 34 17 30
-0.804462 0.551480 0.220703 61.792130
63106 34 18 27
-0.871113 0.489970 -0.033037 68.602318
72322 34 18 31
-0.890589 0.311554 0.331340 79.476547
74626 34 18 32
-0.904331 0.322612 0.279475 89.201080
76930 34 18 33
-0.928720 0.334438 0.160098 97.038933
76978 34 19 33
-0.975691 0.126881 0.178685 105.391113
79282 34 19 34
-0.990799 0.131843 0.030588 109.313652
88498 34 19 38
-0.858718 0.275261 -0.432243 84.041946
90802 34 19 39
-0.750304 0.338861 -0.567642 71.202675
79330 34 20 34
-0.999420 -0.007031 0.033305 111.359985
81634 34 20 35
-0.995016 -0.005565 -0.099556 110.142609
90850 34 20 39
-0.832523 0.132086 -0.538014 77.001411
60946 34 21 26
-0.998328 0.057711 -0.003152 96.049446
65602 34 22 28
-0.987886 -0.071185 -0.137888 88.601288
67906 34 22 29
-0.997249 -0.043976 -0.059673 85.206474
70210 34 22 30
-0.994278 -0.045919 0.096453 85.694138
72514 34 22 31
-0.976119 -0.072744 0.204695 90.491096
65650 34 23 28
-0.960308 -0.265346 -0.086026 82.921921
67954 34 23 29
-0.967606 -0.249980 -0.035332 80.733597
70258 34 23 30
-0.964625 -0.250147 0.083216 81.376923
72562 34 23 31
-0.949587 -0.261719 0.172591 85.413658
74866 34 23 32
-0.943515 -0.278987 0.178732 91.233559
74914 34 24 32
-0.876431 -0.457383 0.150564 79.241295
63778 34 32 27
-0.873255 -0.237444 0.425495 80.184410
70738 34 33 30
-0.851606 -0.347404 -0.392528 75.799255
63011 35 16 27
-0.779931 0.607980 0.148555 34.758884
65315 35 16 28
-0.808815 0.587919 0.013041 35.817413
67619 35 16 29
-0.814566 0.579580 -0.023858 35.609150
63059 35 17 27
-0.906943 0.413317 0.081384 42.639008
90803 35 19 39
-0.851619 0.294324 -0.433727 51.672928
81635 35 20 35
-0.998070 0.058732 -0.020186 77.454994
90851 35 20 39
-0.896939 0.099434 -0.430828 56.266216
83987 35 21 36
-0.992480 -0.039989 -0.115689 76.075424
86387 35 23 37
-0.914765 -0.306136 -0.263601 62.807224
70643 35 31 30
-0.867850 0.290529 -0.403025 55.721184
66083 35 32 28
-0.978804 -0.092852 0.182541 63.907677
70691 35 32 30
-0.926244 0.068877 -0.370577 59.884148
68435 35 33 29
-0.935470 -0.353386 -0.003860 60.900524
70739 35 33 30
-0.927352 -0.257820 -0.271196 58.035828
73043 35 33 31
-0.858712 -0.133125 -0.494864 50.398129
84036 36 22 36
-0.988053 -0.136633 -0.071299 50.736660
86388 36 23 37
-0.914618 -0.319807 -0.247380 42.948528
84037 37 22 36
-0.994274 -0.104231 -0.023562 32.672112
86389 37 23 37
-0.922503 -0.311532 -0.227895 27.650948
