2.000000
8 8 8
-0.677471 0.312420 3.103521
-8.677471 -7.687580 -4.896479
16.608856 69.154246 9.632745
225 1 4 3
0.912942 -0.146750 0.380790 12.433064
210 2 2 3
0.588733 0.682946 0.432409 13.773520
290 2 4 4
0.988285 -0.138759 -0.063551 17.568375
362 2 5 5
0.732296 -0.439983 -0.519767 14.541651
275 3 2 4
0.314773 0.947787 -0.051161 16.711956
363 3 5 5
0.531816 -0.538156 -0.653881 17.682114
276 4 2 4
-0.160707 0.986490 0.031798 17.018766
284 4 3 4
-0.176714 0.978593 0.105494 20.532570
348 4 3 5
-0.026597 0.628155 -0.777633 19.099361
300 4 5 4
0.125975 -0.983980 0.126149 20.592028
308 4 6 4
0.134653 -0.989582 0.050958 17.101696
349 5 3 5
-0.507855 0.612006 -0.606244 17.940456
309 5 6 4
-0.317662 -0.945862 0.066610 16.730930
358 6 4 5
-0.840924 0.123891 -0.526781 16.550907
302 6 5 4
-0.915980 -0.382532 0.121039 17.008877
310 6 6 4
-0.665091 -0.744352 0.059948 14.580578
359 7 4 5
-0.925426 0.124615 -0.357853 12.483711
