2.000000
48 48 48
5.598407 7.624454 6.967957
-42.401592 -40.375546 -41.032043
106.865831 4116.595449 984.555810
42063 15 12 18
0.845931 0.397315 0.355727 59.356255
44367 15 12 19
0.902679 0.430253 0.007273 62.669746
46671 15 12 20
0.855792 0.394640 -0.334485 59.641251
42111 15 13 18
0.884496 0.199943 0.421532 64.499519
44415 15 13 19
0.965692 0.258661 0.023112 68.278473
42159 15 14 18
0.871586 0.029574 0.489350 66.319771
60927 15 21 26
0.864581 -0.007196 -0.502442 56.737740
63231 15 21 27
0.798737 0.065144 -0.598144 43.413586
42064 16 12 18
0.877772 0.331740 0.345638 74.663223
44368 16 12 19
0.931235 0.364304 0.009141 77.965584
48976 16 12 21
0.786412 0.288194 -0.546352 66.291931
42112 16 13 18
0.889349 0.125797 0.439584 78.474274
49024 16 13 21
0.771327 0.223061 -0.596069 70.875137
51328 16 13 22
0.714125 0.233796 -0.659822 59.147175
42160 16 14 18
0.818236 -0.028243 0.574188 79.096786
44464 16 14 19
0.978433 0.135482 0.155926 84.040359
49072 16 14 21
0.749031 0.287202 -0.597049 74.962944
51376 16 14 22
0.688567 0.305296 -0.657776 63.986847
42208 16 15 18
0.695869 -0.121573 0.707804 78.018150
44512 16 15 19
0.913394 0.113896 0.390818 85.411087
53728 16 15 23
0.616189 0.456546 -0.641776 58.932720
42256 16 16 18
0.579055 -0.221534 0.784614 75.399681
44560 16 16 19
0.793471 -0.010245 0.608522 86.122986
46864 16 16 20
0.942133 0.329005 0.064345 90.490913
53776 16 16 23
0.598059 0.561294 -0.572079 69.271568
56080 16 16 24
0.531039 0.560835 -0.635186 56.552998
44608 16 17 19
0.662705 -0.213570 0.717781 84.431931
46912 16 17 20
0.918441 0.080970 0.387181 93.311813
56128 16 17 24
0.543817 0.595897 -0.590905 69.512672
58432 16 17 25
0.461056 0.573939 -0.676773 54.859074
44656 16 18 19
0.548186 -0.386887 0.741492 78.568924
46960 16 18 20
0.780350 -0.215238 0.587134 92.031570
49264 16 18 21
0.964750 0.104247 0.241641 99.539604
56176 16 18 24
0.625745 0.554378 -0.548733 83.519333
58480 16 18 25
0.514987 0.543768 -0.662649 68.310768
49312 16 19 21
0.852430 -0.211371 0.478210 98.265923
51616 16 19 22
0.986535 0.070548 0.147551 104.902794
58528 16 19 25
0.627810 0.442112 -0.640618 81.125343
51664 16 20 22
0.902010 -0.244349 0.355910 102.704971
58576 16 20 25
0.775683 0.252213 -0.578537 90.444695
51377 17 14 22
0.729625 0.216066 -0.648816 76.329880
44513 17 15 19
0.781514 0.003923 0.623875 92.757881
53729 17 15 23
0.607732 0.421994 -0.672742 70.301041
44561 17 16 19
0.411793 -0.015574 0.911144 92.907898
46865 17 16 20
0.674508 0.660442 0.329931 98.255028
53777 17 16 23
0.485506 0.607533 -0.628639 80.033279
44609 17 17 19
0.247787 -0.222276 0.942971 91.532082
46913 17 17 20
0.486007 0.246520 0.838466 101.728371
49217 17 17 21
0.600079 0.799919 -0.005917 105.205879
53825 17 17 23
0.416204 0.715716 -0.560826 93.137436
56129 17 17 24
0.386877 0.652763 -0.651327 80.102509
58433 17 17 25
0.361107 0.591521 -0.720905 64.126602
44657 17 18 19
0.194891 -0.403609 0.893934 86.186127
46961 17 18 20
0.328927 -0.217067 0.919070 101.428589
49265 17 18 21
0.669130 0.362094 0.648962 110.740654
51569 17 18 22
0.611201 0.776777 -0.151826 112.677101
56177 17 18 24
0.384229 0.678674 -0.625915 95.603821
58481 17 18 25
0.345031 0.613593 -0.710251 79.070328
47009 17 19 20
0.258167 -0.428643 0.865803 95.458572
49313 17 19 21
0.474831 -0.225632 0.850662 110.813774
51617 17 19 22
0.837548 0.338997 0.428479 119.204353
53921 17 19 23
0.679774 0.656907 -0.326159 119.056656
56225 17 19 24
0.490929 0.626036 -0.605862 110.309044
58529 17 19 25
0.405041 0.574797 -0.711020 94.571709
49361 17 20 21
0.363237 -0.449077 0.816326 104.170380
51665 17 20 22
0.652033 -0.286612 0.701931 118.781212
53969 17 20 23
0.986619 0.143371 0.077640 124.692497
56273 17 20 24
0.745265 0.403939 -0.530484 120.543282
58577 17 20 25
0.558148 0.443811 -0.701072 107.475067
51713 17 21 22
0.503282 -0.514809 0.694031 110.599030
54017 17 21 23
0.820810 -0.416261 0.391149 122.028336
56321 17 21 24
0.963190 -0.098744 -0.250029 123.274872
54065 17 22 23
0.655736 -0.594886 0.464888 111.241936
56369 17 22 24
0.876858 -0.477251 0.057899 117.432861
58673 17 22 25
0.904865 -0.216074 -0.366786 113.836533
44274 18 10 19
0.682547 0.730786 0.009030 93.061501
46578 18 10 20
0.665858 0.712399 -0.221633 90.432030
48882 18 10 21
0.625949 0.656593 -0.420801 82.245834
44322 18 11 19
0.900606 0.433048 -0.037120 107.164284
46626 18 11 20
0.863399 0.411885 -0.291365 103.736404
48930 18 11 21
0.784496 0.389443 -0.482597 95.146461
35154 18 12 15
0.832176 0.228116 0.505417 86.115669
37458 18 12 16
0.911487 0.172109 0.373591 98.449898
35202 18 13 15
0.891446 -0.023263 0.452528 88.992050
44610 18 17 19
-0.053009 -0.280741 0.958319 92.480957
46914 18 17 20
-0.142298 0.156072 0.977442 102.741600
44658 18 18 19
-0.060485 -0.410182 0.909996 87.115341
46962 18 18 20
-0.162784 -0.207713 0.964550 102.154724
49314 18 19 21
-0.192240 -0.192624 0.962258 112.536980
51618 18 19 22
-0.269439 0.535138 0.800643 122.037567
49362 18 20 21
-0.097435 -0.417846 0.903278 106.861526
51666 18 20 22
-0.151131 -0.242714 0.958253 122.509552
53970 18 20 23
-0.071667 0.740415 0.668319 130.055923
56274 18 20 24
0.225136 0.752182 -0.619302 127.906921
51714 18 21 22
-0.026652 -0.496615 0.867562 115.920494
54018 18 21 23
0.079082 -0.491492 0.867284 129.178085
56322 18 21 24
0.882811 0.201501 -0.424314 132.679230
58626 18 21 25
0.488204 0.432541 -0.758001 126.250664
60930 18 21 26
0.464665 0.473869 -0.748020 112.364616
63234 18 21 27
0.488599 0.512964 -0.705790 94.875816
65538 18 21 28
0.521660 0.550679 -0.651631 77.203590
67842 18 21 29
0.547132 0.579552 -0.603958 61.187572
51762 18 22 22
0.072621 -0.581989 0.809948 103.338341
54066 18 22 23
0.170005 -0.652495 0.738477 120.592117
56370 18 22 24
0.569746 -0.723358 0.390056 129.371368
58674 18 22 25
0.849849 -0.162090 -0.501482 128.471817
60978 18 22 26
0.711664 0.188232 -0.676833 119.369072
65586 18 22 28
0.684917 0.378611 -0.622529 89.435722
67890 18 22 29
0.696215 0.417567 -0.583886 73.961441
54114 18 23 23
0.263808 -0.668715 0.695144 106.559578
56418 18 23 24
0.488700 -0.733032 0.473114 118.967468
58722 18 23 25
0.811214 -0.584599 -0.013265 123.032364
61026 18 23 26
0.883966 -0.218683 -0.413257 119.027260
63330 18 23 27
0.846590 0.012512 -0.532098 109.064865
56466 18 24 24
0.544234 -0.677797 0.494368 104.784142
58770 18 24 25
0.752493 -0.633119 0.181424 111.990707
61074 18 24 26
0.883687 -0.443198 -0.150574 112.128792
63378 18 24 27
0.905757 -0.241121 -0.348517 106.139786
58818 18 25 25
0.787240 -0.571759 0.230966 98.968147
61122 18 25 26
0.870959 -0.490897 -0.021214 101.272545
63426 18 25 27
0.905525 -0.368693 -0.209976 98.166481
54354 18 28 23
0.903980 0.125576 0.408718 70.941795
54402 18 29 23
0.922540 0.098617 0.373089 73.751633
56706 18 29 24
0.994659 0.093016 0.044742 78.823181
44275 19 10 19
0.445166 0.893879 -0.052991 107.658272
46579 19 10 20
0.397816 0.876602 -0.270761 103.808891
48883 19 10 21
0.363693 0.813117 -0.454498 95.034744
51187 19 10 22
0.347811 0.736652 -0.579975 81.998528
44323 19 11 19
0.793386 0.590303 -0.148593 124.027191
46627 19 11 20
0.713868 0.577024 -0.396783 119.315460
48931 19 11 21
0.614652 0.550116 -0.565309 110.452515
51235 19 11 22
0.538802 0.524570 -0.659180 97.547005
35155 19 12 15
0.735807 0.304545 0.604847 108.885208
37459 19 12 16
0.891828 0.219217 0.395712 121.975815
35203 19 13 15
0.851969 -0.028732 0.522804 112.591583
37507 19 13 16
0.943617 -0.220558 0.246863 121.841385
35251 19 14 15
0.882895 -0.299938 0.361294 108.347595
35299 19 15 15
0.862787 -0.465036 0.198345 99.100281
35347 19 16 15
0.819718 -0.566237 0.086242 87.089615
35395 19 17 15
0.766374 -0.641130 0.040286 73.336388
35443 19 18 15
0.715869 -0.696672 0.046683 58.516918
37747 19 18 16
0.631962 -0.768589 0.099476 59.538124
37795 19 19 16
0.612436 -0.769233 0.182217 45.807262
51667 19 20 22
-0.528668 -0.211389 0.822086 116.970085
51715 19 21 22
-0.384107 -0.406913 0.828785 111.138268
54019 19 21 23
-0.558999 -0.284603 0.778795 125.174126
56323 19 21 24
-0.868330 0.257592 0.423850 131.662415
58627 19 21 25
0.047185 0.718729 -0.693687 129.490463
65539 19 21 28
0.384006 0.668696 -0.636699 88.968109
67843 19 21 29
0.387125 0.698875 -0.601422 73.091919
51763 19 22 22
-0.244587 -0.494991 0.833763 100.885895
54067 19 22 23
-0.339355 -0.494321 0.800303 118.485229
56371 19 22 24
-0.408302 -0.515204 0.753561 129.758942
58675 19 22 25
0.380776 0.146564 -0.912978 132.906921
60979 19 22 26
0.480773 0.489549 -0.727461 128.203049
65587 19 22 28
0.519998 0.566796 -0.639018 104.144547
67891 19 22 29
0.521856 0.591326 -0.614817 89.462669
54115 19 23 23
-0.148071 -0.559372 0.815584 107.699257
56419 19 23 24
-0.102622 -0.644309 0.757849 122.185577
58723 19 23 25
0.293900 -0.788735 0.539926 129.936676
61027 19 23 26
0.896350 -0.160295 -0.413356 130.276276
63331 19 23 27
0.769568 0.212804 -0.602062 124.195999
56467 19 24 24
0.120347 -0.635116 0.762984 111.533234
58771 19 24 25
0.388706 -0.726431 0.566750 121.981300
61075 19 24 26
0.810729 -0.580028 0.079286 126.169456
63379 19 24 27
0.910389 -0.223897 -0.347938 123.971809
58819 19 25 25
0.539112 -0.642256 0.544853 111.963318
61123 19 25 26
0.767199 -0.607261 0.206494 117.864769
63427 19 25 27
0.888906 -0.437117 -0.137020 118.254967
63475 19 26 27
0.874820 -0.481263 -0.055458 109.254570
75043 19 27 32
0.775423 -0.246748 -0.581235 59.138428
77347 19 27 33
0.670949 -0.211274 -0.710768 46.570309
54355 19 28 23
0.785114 0.289807 0.547365 88.604759
56659 19 28 24
0.944779 0.251513 0.210080 95.271286
77395 19 28 33
0.717919 -0.225801 -0.658488 42.475605
54403 19 29 23
0.829021 0.239060 0.505544 94.035721
56707 19 29 24
0.959066 0.271890 0.079177 99.977898
59011 19 29 25
0.952769 0.155826 -0.260673 97.890739
54451 19 30 23
0.856474 0.093342 0.507681 97.812614
56755 19 30 24
0.984982 0.161110 0.062084 104.405891
59059 19 30 25
0.939622 0.147368 -0.308858 101.240250
56803 19 31 24
0.993583 -0.029959 0.109067 105.938477
59107 19 31 25
0.963625 0.034088 -0.265075 103.571205
56851 19 32 24
0.955778 -0.239838 0.170195 102.343132
59155 19 32 25
0.975206 -0.145109 -0.167082 102.107948
37364 20 10 16
0.196022 0.892262 0.406749 100.565437
39668 20 10 17
0.183691 0.954743 0.233932 110.675018
41972 20 10 18
0.120465 0.991602 0.047045 114.775444
44276 20 10 19
0.024091 0.989976 -0.139167 113.563522
46580 20 10 20
-0.052815 0.951911 -0.301788 107.970535
48884 20 10 21
-0.070820 0.897947 -0.434368 98.707909
51188 20 10 22
-0.038476 0.836171 -0.547118 86.115356
53492 20 10 23
0.009871 0.764746 -0.644257 70.549278
35108 20 11 15
0.279875 0.688513 0.669043 108.993881
37412 20 11 16
0.378015 0.782000 0.495560 125.634537
39716 20 11 17
0.446347 0.859604 0.248709 134.511719
42020 20 11 18
0.421626 0.905271 -0.052111 136.493652
44324 20 11 19
0.284003 0.897622 -0.337072 133.369385
46628 20 11 20
0.134013 0.844447 -0.518603 126.721077
48932 20 11 21
0.073776 0.786396 -0.613301 117.289986
51236 20 11 22
0.086743 0.725650 -0.682575 104.812378
53540 20 11 23
0.115612 0.655556 -0.746244 88.676872
55844 20 11 24
0.132302 0.585293 -0.799956 69.270164
35156 20 12 15
0.452788 0.435208 0.778188 124.936310
37460 20 12 16
0.719890 0.399400 0.567660 139.310654
39764 20 12 17
0.956913 0.240931 0.162077 145.038437
44372 20 12 19
0.824993 0.006815 -0.565101 140.086121
46676 20 12 20
0.644688 0.139168 -0.751671 133.826385
51284 20 12 22
0.366480 0.456042 -0.810998 115.778389
53588 20 12 23
0.302037 0.470730 -0.828968 101.415520
55892 20 12 24
0.256861 0.448297 -0.856185 82.361336
35204 20 13 15
0.660523 0.005634 0.750785 130.128860
37508 20 13 16
0.877098 -0.349696 0.329259 139.758545
46724 20 13 20
0.723493 -0.586758 -0.363693 130.501541
51332 20 13 22
0.716389 -0.001948 -0.697698 118.913628
53636 20 13 23
0.550449 0.215587 -0.806553 107.889297
55940 20 13 24
0.416292 0.295660 -0.859818 91.163414
58244 20 13 25
0.328473 0.319347 -0.888889 69.772522
35252 20 14 15
0.775192 -0.416712 0.474792 126.206123
37556 20 14 16
0.715347 -0.698712 0.009000 130.124893
53684 20 14 23
0.756285 0.015678 -0.654054 109.608482
55988 20 14 24
0.577973 0.178322 -0.796335 96.215500
58292 20 14 25
0.442168 0.250196 -0.861330 76.875412
35300 20 15 15
0.770127 -0.622763 0.138093 116.623756
37604 20 15 16
0.608756 -0.773453 -0.176594 115.649834
56036 20 15 24
0.702751 0.149387 -0.695575 99.337753
58340 20 15 25
0.541524 0.235581 -0.807002 82.717537
35348 20 16 15
0.726364 -0.683698 -0.070374 104.062828
37652 20 16 16
0.577702 -0.774863 -0.256608 100.313919
46868 20 16 20
0.512371 -0.608299 0.606175 105.835457
35396 20 17 15
0.692699 -0.709499 -0.129536 89.671257
46916 20 17 20
0.191862 -0.429033 0.882678 101.567047
46964 20 18 20
0.014281 -0.430957 0.902260 97.441612
54020 20 21 23
-0.548849 -0.288845 0.784432 116.500534
65588 20 22 28
0.284326 0.689048 -0.666612 112.744598
67892 20 22 29
0.242910 0.712323 -0.658476 98.542908
70196 20 22 30
0.211062 0.721350 -0.659626 83.335495
67940 20 23 29
0.361440 0.564135 -0.742370 111.726555
70244 20 23 30
0.320516 0.570661 -0.756052 97.629929
72548 20 23 31
0.287890 0.558489 -0.777952 81.981369
74852 20 23 32
0.259046 0.528933 -0.808162 65.127510
70292 20 24 30
0.473949 0.277435 -0.835704 105.550774
72596 20 24 31
0.412714 0.297758 -0.860818 90.605301
74900 20 24 32
0.350198 0.304875 -0.885671 73.855507
61124 20 25 26
0.353415 -0.678349 0.644159 125.446991
63428 20 25 27
0.757385 -0.646891 0.088880 129.298828
65732 20 25 28
0.805569 -0.319550 -0.498945 126.932999
70340 20 25 30
0.606043 -0.037549 -0.794545 107.383308
72644 20 25 31
0.528345 0.011573 -0.848951 93.298843
74948 20 25 32
0.440868 0.055529 -0.895853 77.291771
77252 20 25 33
0.355081 0.092177 -0.930280 59.738503
51956 20 26 22
0.357571 0.188011 0.914765 75.644180
54260 20 26 23
0.279910 0.134413 0.950570 89.102715
61172 20 26 26
0.498242 -0.647625 0.576486 118.027245
63476 20 26 27
0.735058 -0.652964 0.182561 122.520714
65780 20 26 28
0.836958 -0.479242 -0.264251 121.861153
68084 20 26 29
0.786854 -0.297923 -0.540466 115.650345
74996 20 26 32
0.528829 -0.112656 -0.841218 76.561287
52004 20 27 22
0.436090 0.324959 0.839183 80.217598
54308 20 27 23
0.452083 0.429552 0.781733 92.925621
63524 20 27 27
0.811784 -0.565144 0.147034 114.709702
65828 20 27 28
0.875922 -0.463196 -0.134947 114.742447
68132 20 27 29
0.866235 -0.326443 -0.378249 110.060394
75044 20 27 32
0.626147 -0.159808 -0.763152 73.705383
77348 20 27 33
0.506874 -0.138307 -0.850852 57.707588
54356 20 28 23
0.537514 0.530607 0.655389 99.805916
56660 20 28 24
0.680970 0.652002 0.333428 105.956047
65876 20 28 28
0.928178 -0.361346 -0.088963 107.370468
68180 20 28 29
0.928406 -0.273068 -0.251984 103.845245
77396 20 28 33
0.599840 -0.115065 -0.791803 55.084732
54404 20 29 23
0.603618 0.467380 0.645911 107.558495
56708 20 29 24
0.735049 0.668623 0.112456 113.112541
59012 20 29 25
0.799326 0.498463 -0.335577 111.483742
54452 20 30 23
0.659434 0.269645 0.701740 113.788612
56756 20 30 24
0.850205 0.514937 0.109504 120.465530
59060 20 30 25
0.791641 0.459503 -0.402693 117.799629
54500 20 31 23
0.675026 -0.011426 0.737705 116.185822
56804 20 31 24
0.955961 0.179125 0.232494 125.307747
59108 20 31 25
0.898984 0.284428 -0.333059 123.826233
54548 20 32 23
0.644802 -0.277169 0.712325 112.781082
56852 20 32 24
0.915963 -0.207164 0.343649 124.820351
59156 20 32 25
0.986257 -0.026583 -0.163066 126.213600
61460 20 32 26
0.931154 0.090558 -0.353203 119.974274
63764 20 32 27
0.941851 0.124554 -0.312094 111.176308
54596 20 33 23
0.599007 -0.464451 0.652285 102.635254
56900 20 33 24
0.804531 -0.452790 0.384331 117.092682
59204 20 33 25
0.947410 -0.319293 0.021584 122.085869
61508 20 33 26
0.969332 -0.142482 -0.200234 119.268257
63812 20 33 27
0.973259 -0.021868 -0.228669 112.756172
39669 21 10 17
-0.133894 0.977230 0.164602 111.161713
41973 21 10 18
-0.213930 0.975773 -0.045837 112.972702
44277 21 10 19
-0.309151 0.928873 -0.204014 109.032532
37413 21 11 16
-0.053024 0.866526 0.496308 129.756241
39717 21 11 17
-0.083955 0.980077 0.180002 138.192032
42021 21 11 18
-0.180884 0.968059 -0.173616 138.194397
44325 21 11 19
-0.306794 0.869914 -0.386171 132.284958
51237 21 11 22
-0.393516 0.742601 -0.541930 100.801201
53541 21 11 23
-0.308519 0.705302 -0.638252 86.018890
55845 21 11 24
-0.218221 0.644485 -0.732815 68.081734
35157 21 12 15
-0.017489 0.520191 0.853871 130.215424
37461 21 12 16
0.056181 0.644032 0.762933 145.945755
39765 21 12 17
0.216966 0.944128 0.248090 151.879074
42069 21 12 18
0.069906 0.635459 -0.768964 149.937469
44373 21 12 19
-0.184333 0.454579 -0.871424 143.297897
51285 21 12 22
-0.367873 0.634688 -0.679589 115.374596
53589 21 12 23
-0.257344 0.614573 -0.745704 101.773560
55893 21 12 24
-0.157646 0.559480 -0.813713 83.606468
35205 21 13 15
0.077862 0.102475 0.991684 137.153824
37509 21 13 16
0.327856 -0.565186 0.757017 147.949539
51333 21 13 22
-0.193374 0.404256 -0.893971 122.546188
53637 21 13 23
-0.103345 0.485366 -0.868182 111.963913
55941 21 13 24
-0.035090 0.465344 -0.884434 95.659248
58245 21 13 25
0.003475 0.432315 -0.901716 74.153328
35253 21 14 15
0.262764 -0.564143 0.782750 134.553635
37557 21 14 16
0.270442 -0.962387 0.025919 138.688110
53685 21 14 23
0.255360 0.298406 -0.919644 117.045212
55989 21 14 24
0.170364 0.375428 -0.911060 104.062691
58293 21 14 25
0.135188 0.378174 -0.915810 84.290436
35301 21 15 15
0.401467 -0.908438 0.116464 126.080711
37605 21 15 16
0.255727 -0.928650 -0.268725 123.989288
46821 21 15 20
0.425114 -0.876733 0.224985 118.643723
53733 21 15 23
0.733855 0.100019 -0.671903 118.817696
56037 21 15 24
0.433318 0.311841 -0.845571 109.759789
58341 21 15 25
0.288592 0.350459 -0.891007 92.882027
35349 21 16 15
0.448943 -0.856610 -0.254304 114.704727
37653 21 16 16
0.313484 -0.854950 -0.413266 108.776169
46869 21 16 20
0.409845 -0.723601 0.555364 110.257545
56085 21 16 24
0.666656 0.293289 -0.685238 114.020874
58389 21 16 25
0.429864 0.352026 -0.831441 100.597343
33093 21 17 14
0.611233 -0.776330 0.153965 103.376602
35397 21 17 15
0.506856 -0.806785 -0.303636 101.654999
46917 21 17 20
0.352580 -0.536936 0.766412 104.262634
49221 21 17 21
0.423090 -0.493868 0.759664 110.921936
58437 21 17 25
0.532076 0.379383 -0.756944 107.936295
33141 21 18 14
0.563967 -0.819323 0.103206 88.330063
35445 21 18 15
0.573598 -0.796315 -0.192009 87.185371
46965 21 18 20
0.331177 -0.501928 0.798994 99.349442
49269 21 18 21
0.225111 -0.512375 0.828732 106.942101
58485 21 18 25
0.592523 0.430929 -0.680600 114.961456
60789 21 18 26
0.399134 0.427387 -0.811192 99.614861
60837 21 19 26
0.405499 0.488352 -0.772712 109.883003
67893 21 22 29
-0.026171 0.705529 -0.708198 100.789528
70197 21 22 30
-0.080563 0.728618 -0.680166 84.656631
67941 21 23 29
-0.063311 0.602353 -0.795715 114.100060
70245 21 23 30
-0.103499 0.618088 -0.779266 99.521164
72549 21 23 31
-0.099237 0.612238 -0.784421 83.758080
74853 21 23 32
-0.069115 0.580274 -0.811483 67.013252
49557 21 24 21
0.465224 -0.167835 0.869137 66.241875
70293 21 24 30
-0.087466 0.396956 -0.913661 108.562500
72597 21 24 31
-0.068034 0.401913 -0.913147 93.597527
74901 21 24 32
-0.031907 0.384626 -0.922521 76.856728
77205 21 24 33
0.000512 0.355281 -0.934759 58.739529
49605 21 25 21
0.528457 0.070201 0.846053 65.695808
51909 21 25 22
0.303069 0.117624 0.945682 77.700027
72645 21 25 31
0.046481 0.163367 -0.985470 98.160736
74949 21 25 32
0.062519 0.167587 -0.983873 81.859741
77253 21 25 33
0.071919 0.168128 -0.983138 63.767372
49653 21 26 21
0.511213 0.205418 0.834544 68.027168
51957 21 26 22
0.397848 0.353611 0.846567 80.965256
63477 21 26 27
0.186026 -0.797506 0.573916 127.155350
65781 21 26 28
0.473763 -0.775124 -0.418008 128.318710
68085 21 26 29
0.354934 -0.147776 -0.923138 123.310181
49701 21 27 21
0.457202 0.233303 0.858217 72.192810
52005 21 27 22
0.403811 0.445534 0.799022 87.043045
65829 21 27 28
0.801191 -0.595002 0.063761 124.425522
68133 21 27 29
0.778607 -0.161508 -0.606372 121.844444
65877 21 28 28
0.931434 -0.290398 0.219315 120.908607
68181 21 28 29
0.965645 -0.073645 -0.249212 120.559380
70485 21 28 30
0.830638 0.066535 -0.552823 114.114365
59013 21 29 25
0.065100 0.953557 -0.294093 115.903084
65925 21 29 28
0.978377 -0.040568 0.202812 119.071709
68229 21 29 29
0.997513 0.016532 -0.068521 120.162598
70533 21 29 30
0.929343 0.096369 -0.356420 115.734947
59061 21 30 25
0.125071 0.912334 -0.389877 124.045387
54501 21 31 23
0.154554 0.092444 0.983650 124.157921
54549 21 32 23
0.183776 -0.248378 0.951070 122.562881
56853 21 32 24
0.453375 -0.053623 0.889705 135.724350
61461 21 32 26
0.811990 0.493589 -0.311516 136.627884
63765 21 32 27
0.902218 0.388220 -0.187849 132.588638
75285 21 32 32
0.750205 0.103815 -0.653004 100.340202
77589 21 32 33
0.581571 0.075900 -0.809947 77.216492
52293 21 33 22
0.152764 -0.420290 0.894438 90.151253
54597 21 33 23
0.232952 -0.461107 0.856221 114.432091
56901 21 33 24
0.464324 -0.477573 0.745874 131.515671
59205 21 33 25
0.902954 -0.285284 0.321382 139.598434
61509 21 33 26
0.993957 0.041891 -0.101466 140.423141
63813 21 33 27
0.978565 0.153261 -0.137559 137.936188
75333 21 33 32
0.738098 0.005622 -0.674670 102.233688
77637 21 33 33
0.565464 -0.019345 -0.824546 78.199097
54645 21 34 23
0.284875 -0.573051 0.768413 100.067894
56949 21 34 24
0.471423 -0.600319 0.646048 119.785583
59253 21 34 25
0.746434 -0.531220 0.400802 132.164642
61557 21 34 26
0.940490 -0.320592 0.112691 137.378250
63861 21 34 27
0.991106 -0.131371 -0.021235 138.053665
75381 21 34 32
0.707348 -0.144438 -0.691951 100.112747
77685 21 34 33
0.543447 -0.152082 -0.825552 75.601051
75429 21 35 32
0.654595 -0.322014 -0.683968 92.524323
75477 21 36 32
0.584875 -0.489992 -0.646397 79.152145
35158 22 12 15
-0.353442 0.506324 0.786584 124.890106
37462 22 12 16
-0.487641 0.594982 0.638908 141.549210
39766 22 12 17
-0.681874 0.718182 0.138785 148.153458
42070 22 12 18
-0.645811 0.606271 -0.464073 145.665298
53590 22 12 23
-0.572672 0.606954 -0.551048 91.213837
35206 22 13 15
-0.448334 0.168286 0.877882 133.204895
37510 22 13 16
-0.660523 -0.256412 0.705665 145.383224
39814 22 13 17
-0.650250 -0.759698 -0.005753 149.014053
42118 22 13 18
-0.495316 -0.676502 -0.544984 146.177811
44422 22 13 19
-0.550570 -0.351575 -0.757145 139.600281
46726 22 13 20
-0.686556 0.058602 -0.724711 131.668228
49030 22 13 21
-0.734719 0.357870 -0.576295 123.776283
53638 22 13 23
-0.563534 0.562095 -0.605375 105.014984
55942 22 13 24
-0.420838 0.552315 -0.719613 89.835022
35254 22 14 15
-0.562274 -0.356555 0.746135 132.296188
37558 22 14 16
-0.410787 -0.898556 0.154439 137.624634
39862 22 14 17
-0.194321 -0.974083 -0.115764 137.425873
42166 22 14 18
-0.105239 -0.974704 -0.197172 134.831253
44470 22 14 19
-0.141300 -0.952983 -0.268063 131.690689
46774 22 14 20
-0.402370 -0.817150 -0.412751 128.561081
53686 22 14 23
-0.501321 0.553268 -0.665261 114.691383
55990 22 14 24
-0.319575 0.542494 -0.776899 102.197067
35302 22 15 15
-0.503586 -0.854167 0.129615 125.756378
46822 22 15 20
0.023201 -0.974949 0.221215 121.022156
49126 22 15 21
-0.182086 -0.932551 0.311759 122.680054
53734 22 15 23
-0.287741 0.629820 -0.721479 120.711105
56038 22 15 24
-0.133457 0.555187 -0.820948 112.011551
58342 22 15 25
-0.074431 0.486200 -0.870672 95.305283
30742 22 16 13
-0.024573 -0.094303 0.995240 107.516693
33046 22 16 14
-0.275613 -0.775224 0.568388 117.069847
35350 22 16 15
-0.215763 -0.898025 -0.383403 116.667641
49174 22 16 21
0.260655 -0.663645 0.701166 118.371506
56086 22 16 24
0.154504 0.567316 -0.808876 119.326126
58390 22 16 25
0.068158 0.477380 -0.876050 105.950546
28486 22 17 12
0.117260 -0.311637 0.942938 85.728897
30790 22 17 13
0.091139 -0.610907 0.786439 102.205330
33094 22 17 14
0.041992 -0.989529 0.138094 108.818146
56134 22 17 24
0.538120 0.536050 -0.650444 124.136520
58438 22 17 25
0.196386 0.469772 -0.860667 114.832596
60742 22 17 26
0.100736 0.428693 -0.897816 95.679115
28534 22 18 12
0.130360 -0.610437 0.781264 75.213974
30838 22 18 13
0.142312 -0.823707 0.548866 89.549110
33142 22 18 14
0.183916 -0.973805 0.133711 95.728508
46966 22 18 20
0.517315 -0.468667 0.716056 103.441467
56182 22 18 24
0.955286 0.290616 0.054501 126.422447
58486 22 18 25
0.300037 0.480843 -0.823874 121.725182
60790 22 18 26
0.139489 0.442258 -0.885975 106.289215
30886 22 19 13
0.166201 -0.871865 0.460682 71.920570
33190 22 19 14
0.257254 -0.937109 0.235895 79.099289
47014 22 19 20
0.646373 -0.564998 0.512815 98.839867
49318 22 19 21
0.347946 -0.715843 0.605394 103.884033
51622 22 19 22
0.134269 -0.641116 0.755607 110.473198
58534 22 19 25
0.416372 0.565228 -0.712146 126.599716
60838 22 19 26
0.159625 0.483463 -0.860688 115.930725
63142 22 19 27
0.078886 0.480236 -0.873585 95.543510
33238 22 20 14
0.298314 -0.893242 0.336345 60.989925
49366 22 20 21
0.368612 -0.790989 0.488326 96.560486
51670 22 20 22
0.039472 -0.677545 0.734422 103.158203
58582 22 20 25
0.629842 0.746206 0.215582 129.576874
60886 22 20 26
0.180167 0.564759 -0.805349 124.382919
63190 22 20 27
0.074630 0.534409 -0.841925 108.456017
60934 22 21 26
0.252148 0.700253 -0.667882 131.134048
63238 22 21 27
0.071465 0.581803 -0.810184 120.458839
47206 22 23 20
0.886224 -0.321338 0.333690 71.467957
77158 22 23 33
-0.191247 0.553853 -0.810352 47.297970
44950 22 24 19
0.809693 -0.293393 0.508249 58.783581
47254 22 24 20
0.870310 -0.178525 0.459008 67.553551
74902 22 24 32
-0.228486 0.443528 -0.866647 73.928154
77206 22 24 33
-0.168534 0.409906 -0.896422 56.796303
77254 22 25 33
-0.096224 0.270875 -0.957793 63.263279
77302 22 26 33
0.033551 0.190817 -0.981052 67.475151
65830 22 27 28
-0.405822 -0.396515 0.823459 126.271858
68134 22 27 29
0.010338 0.580744 -0.814020 125.190964
65878 22 28 28
0.340069 0.179718 0.923068 126.308365
68182 22 28 29
0.691627 0.715460 -0.098838 128.862976
70486 22 28 30
0.518004 0.565191 -0.642052 124.552925
65926 22 29 28
0.545004 0.334660 0.768748 128.425018
68230 22 29 29
0.838071 0.498279 0.222157 133.758102
70534 22 29 30
0.768058 0.495293 -0.405922 132.000488
72838 22 29 31
0.599321 0.391954 -0.697987 121.243996
52150 22 30 22
-0.125827 0.002248 0.992050 105.794670
54454 22 30 23
-0.521938 0.385533 0.760884 118.534195
68278 22 30 29
0.875560 0.396901 0.275435 139.390625
70582 22 30 30
0.884991 0.387355 -0.258353 139.379990
72886 22 30 31
0.704788 0.324856 -0.630668 129.454300
52198 22 31 22
-0.232966 -0.158299 0.959515 104.093193
54502 22 31 23
-0.533990 0.060963 0.843290 121.094009
70630 22 31 30
0.932419 0.300600 -0.200587 145.930496
72934 22 31 31
0.759669 0.246463 -0.601796 136.472427
52246 22 32 22
-0.244897 -0.278949 0.928554 98.699753
54550 22 32 23
-0.424663 -0.174473 0.888381 119.920113
61462 22 32 26
-0.116846 0.983067 0.141162 141.211609
63766 22 32 27
0.440746 0.857243 0.266227 143.184387
66070 22 32 28
0.772330 0.540392 0.333891 147.191467
75286 22 32 32
0.550164 0.104016 -0.828553 120.915123
77590 22 32 33
0.387831 0.065510 -0.919399 92.586128
54598 22 33 23
-0.267064 -0.351659 0.897225 113.921356
61510 22 33 26
0.263774 0.805271 0.531001 148.766373
63814 22 33 27
0.703095 0.665089 0.251623 151.412430
66118 22 33 28
0.879973 0.422803 0.216528 154.145752
68422 22 33 29
0.969939 0.234545 0.064865 156.510132
70726 22 33 30
0.952072 0.101850 -0.288419 154.642914
75334 22 33 32
0.528295 -0.015116 -0.848927 122.391418
77638 22 33 33
0.370695 -0.030932 -0.928240 93.250359
54646 22 34 23
-0.103919 -0.475569 0.873519 102.777176
56950 22 34 24
-0.047353 -0.474125 0.879183 125.204971
59254 22 34 25
0.152441 -0.434138 0.887855 141.210495
61558 22 34 26
0.664115 -0.209115 0.717790 150.493622
63862 22 34 27
0.946393 0.062000 0.317012 155.187729
68470 22 34 29
0.997922 -0.027081 -0.058469 158.505936
70774 22 34 30
0.909971 -0.137685 -0.391148 154.511078
73078 22 34 31
0.695857 -0.185054 -0.693929 141.946518
75382 22 34 32
0.492599 -0.179923 -0.851454 119.462776
77686 22 34 33
0.357025 -0.161550 -0.920019 90.116074
56998 22 35 24
0.139108 -0.578830 0.803496 111.711159
59302 22 35 25
0.327563 -0.597496 0.731916 131.372040
61606 22 35 26
0.605800 -0.562823 0.562349 144.578735
68518 22 35 29
0.892430 -0.422385 -0.158619 154.539520
70822 22 35 30
0.769654 -0.455498 -0.447386 148.240173
73126 22 35 31
0.592608 -0.429574 -0.681382 133.732254
75430 22 35 32
0.443313 -0.372029 -0.815517 110.631790
59350 22 36 25
0.381153 -0.669070 0.638019 114.637367
66262 22 36 28
0.718114 -0.694691 0.041435 143.614502
68566 22 36 29
0.680639 -0.706514 -0.193825 141.761169
70870 22 36 30
0.585243 -0.689834 -0.426168 133.467484
73174 22 36 31
0.475930 -0.628842 -0.614857 117.725807
75478 22 36 32
0.385661 -0.547747 -0.742455 95.263359
61702 22 37 26
0.480633 -0.773149 0.413804 108.726891
64006 22 37 27
0.544476 -0.809398 0.220046 118.777054
66310 22 37 28
0.553583 -0.832720 0.011071 122.342720
68614 22 37 29
0.512780 -0.836531 -0.193059 119.475800
70918 22 37 30
0.447562 -0.809831 -0.379292 110.172012
73222 22 37 31
0.383211 -0.752363 -0.535816 94.747719
61750 22 38 26
0.420363 -0.834674 0.355830 82.274445
64054 22 38 27
0.451356 -0.874596 0.177085 91.166222
66358 22 38 28
0.446505 -0.894737 -0.008944 93.976212
68662 22 38 29
0.412746 -0.892193 -0.183390 90.670670
70966 22 38 30
0.367287 -0.866641 -0.337688 81.813042
37463 23 12 16
-0.628576 0.542798 0.557012 129.678329
39767 23 12 17
-0.770194 0.627077 0.116510 136.883087
42071 23 12 18
-0.715804 0.597458 -0.361480 134.241684
35207 23 13 15
-0.608019 0.194590 0.769706 121.732079
37511 23 13 16
-0.797704 -0.054360 0.600594 135.099182
39815 23 13 17
-0.945669 -0.299753 0.125926 140.459579
42119 23 13 18
-0.870793 -0.219727 -0.439817 138.485962
44423 23 13 19
-0.757026 0.077531 -0.648769 131.211136
46727 23 13 20
-0.723210 0.330474 -0.606427 121.290672
35255 23 14 15
-0.760185 -0.162035 0.629177 122.298401
42167 23 14 18
-0.434307 -0.885656 -0.164287 130.807236
44471 23 14 19
-0.566853 -0.723184 -0.394566 127.682991
46775 23 14 20
-0.809080 -0.161542 -0.565061 123.145531
53687 23 14 23
-0.618397 0.630212 -0.469487 104.411339
35303 23 15 15
-0.845465 -0.491513 0.208815 117.710884
30743 23 16 13
-0.592482 -0.003851 0.805575 102.336418
33047 23 16 14
-0.886139 -0.321055 0.334188 110.676514
35351 23 16 15
-0.736447 -0.638481 -0.223580 110.930809
58391 23 16 25
-0.234261 0.541359 -0.807497 103.741776
28487 23 17 12
-0.334285 -0.292021 0.896090 83.397270
30791 23 17 13
-0.544948 -0.491477 0.679324 98.408073
33095 23 17 14
-0.697198 -0.700034 0.154489 104.588448
58439 23 17 25
-0.200048 0.494200 -0.846019 114.503136
28535 23 18 12
-0.277353 -0.591481 0.757117 73.541191
30839 23 18 13
-0.374383 -0.749524 0.545941 87.264908
33143 23 18 14
-0.428210 -0.874472 0.227891 93.930862
58487 23 18 25
-0.261754 0.444251 -0.856811 121.826324
60791 23 18 26
-0.191525 0.427569 -0.883461 105.554497
28583 23 19 12
-0.208992 -0.731618 0.648889 58.423531
30887 23 19 13
-0.233570 -0.827992 0.509779 71.219437
33191 23 19 14
-0.205439 -0.902375 0.378834 79.750542
40103 23 19 17
0.772059 -0.258936 0.580411 92.982491
42407 23 19 18
0.850358 -0.054835 0.523339 97.942795
44711 23 19 19
0.896058 -0.153599 0.416519 102.195335
47015 23 19 20
0.807809 -0.502735 0.307737 104.947159
49319 23 19 21
0.476811 -0.781869 0.401662 107.427567
58535 23 19 25
-0.528597 0.438117 -0.727075 126.171082
60839 23 19 26
-0.248018 0.454867 -0.855326 115.057678
63143 23 19 27
-0.180116 0.461706 -0.868554 94.122795
33239 23 20 14
-0.047285 -0.868330 0.493728 63.616501
35543 23 20 15
0.140850 -0.832469 0.535870 72.536255
37847 23 20 16
0.436129 -0.664514 0.606805 81.035507
40151 23 20 17
0.695321 -0.420811 0.582621 89.235703
42455 23 20 18
0.853110 -0.283449 0.438018 96.024643
47063 23 20 20
0.837327 -0.546375 -0.018952 100.615982
49367 23 20 21
0.526818 -0.838096 0.141626 100.757576
51671 23 20 22
0.121450 -0.795284 0.593947 104.156487
58583 23 20 25
-0.903089 0.390019 0.179766 128.582260
60887 23 20 26
-0.324415 0.541918 -0.775294 123.423904
63191 23 20 27
-0.195233 0.515629 -0.834273 107.006126
58631 23 21 25
-0.449258 0.112592 0.886279 129.884674
60935 23 21 26
-0.395369 0.695883 -0.599524 130.599365
63239 23 21 27
-0.191925 0.564565 -0.802765 119.326469
65543 23 21 28
-0.158691 0.568887 -0.806960 99.774109
60983 23 22 26
-0.419718 0.903517 -0.086567 135.697403
63287 23 22 27
-0.161844 0.561188 -0.811711 129.361481
44903 23 23 19
0.886174 -0.333365 0.321813 82.657364
47207 23 23 20
0.972754 -0.218822 0.076593 86.259827
61031 23 23 26
0.129226 -0.106246 0.985907 137.383499
63335 23 23 27
-0.092932 0.372810 -0.923242 135.099731
44951 23 24 19
0.833426 -0.303146 0.462065 76.043503
47255 23 24 20
0.953688 -0.143152 0.264550 83.284241
61079 23 24 26
0.268547 -0.597495 0.755567 134.922882
63383 23 24 27
0.035429 -0.435409 -0.899535 135.549454
65687 23 24 28
-0.154386 0.128038 -0.979679 127.399117
77303 23 26 33
0.010699 0.315673 -0.948808 67.701126
68183 23 28 29
-0.199916 0.966619 0.160256 129.884384
70487 23 28 30
0.020225 0.880634 -0.473365 127.699051
52103 23 29 22
-0.213107 -0.148554 0.965669 103.744301
54407 23 29 23
-0.848952 0.241253 0.470188 110.051231
68231 23 29 29
0.053625 0.869138 0.491653 138.324768
70535 23 29 30
0.211557 0.923855 -0.318960 139.092484
72839 23 29 31
0.246378 0.629909 -0.736554 130.036362
52151 23 30 22
-0.464470 -0.261041 0.846242 100.714981
54455 23 30 23
-0.859271 -0.016976 0.511238 110.593674
56759 23 30 24
-0.933219 0.347465 0.091486 113.641129
68279 23 30 29
0.235082 0.732907 0.638423 147.147537
70583 23 30 30
0.441484 0.869160 -0.222830 149.947678
72887 23 30 31
0.354084 0.535468 -0.766746 141.320572
52199 23 31 22
-0.530686 -0.282657 0.799048 95.344368
54503 23 31 23
-0.790721 -0.090091 0.605512 109.697067
56807 23 31 24
-0.905916 0.248865 0.342611 117.455040
68327 23 31 29
0.351498 0.628192 0.694135 155.081940
70631 23 31 30
0.664912 0.721603 -0.192824 158.575577
72935 23 31 31
0.438176 0.384856 -0.812335 150.102264
54551 23 32 23
-0.692661 -0.147025 0.706119 107.248337
63767 23 32 27
-0.279009 0.726341 0.628159 143.325027
66071 23 32 28
0.037937 0.619160 0.784348 152.679367
70679 23 32 30
0.821703 0.502283 -0.269289 164.342987
72983 23 32 31
0.473522 0.200669 -0.857618 155.533936
61511 23 33 26
-0.597523 0.551422 0.582152 144.985886
63815 23 33 27
-0.347215 0.693834 0.630901 152.408585
66119 23 33 28
-0.006448 0.642237 0.766479 159.803482
56951 23 34 24
-0.455405 -0.227913 0.860617 118.565308
59255 23 34 25
-0.501972 -0.070974 0.861967 137.270721
61559 23 34 26
-0.501430 0.180455 0.846170 150.071716
56999 23 35 24
-0.239047 -0.403737 0.883093 110.048111
59303 23 35 25
-0.219633 -0.395219 0.891943 132.416321
61607 23 35 26
-0.175593 -0.404904 0.897341 148.473404
70823 23 35 30
0.324435 -0.724090 -0.608635 159.109283
73127 23 35 31
0.283078 -0.542908 -0.790644 145.187698
75431 23 35 32
0.250970 -0.412172 -0.875859 121.621376
57047 23 36 24
-0.075103 -0.540326 0.838098 95.973129
59351 23 36 25
-0.019109 -0.605234 0.795818 119.906380
61655 23 36 26
0.057776 -0.718799 0.692813 138.072693
66263 23 36 28
0.193513 -0.976939 0.090233 153.490219
68567 23 36 29
0.199259 -0.946409 -0.254178 151.920883
70871 23 36 30
0.202569 -0.842106 -0.499824 143.842590
73175 23 36 31
0.211636 -0.714065 -0.667324 128.150299
75479 23 36 32
0.220033 -0.590768 -0.776259 105.188240
61703 23 37 26
0.140650 -0.838789 0.525976 118.406990
64007 23 37 27
0.185325 -0.940519 0.284742 129.568848
66311 23 37 28
0.192738 -0.981248 0.002013 133.223724
68615 23 37 29
0.177650 -0.954125 -0.241011 129.876663
70919 23 37 30
0.170340 -0.889305 -0.424406 119.990959
73223 23 37 31
0.179363 -0.805268 -0.565131 104.006416
75527 23 37 32
0.197738 -0.712132 -0.673623 83.254303
61751 23 38 26
0.167202 -0.893268 0.417272 91.894035
64055 23 38 27
0.197435 -0.958741 0.204535 101.834747
66359 23 38 28
0.203007 -0.978919 -0.022493 104.669350
68663 23 38 29
0.191480 -0.956547 -0.219894 100.663979
70967 23 38 30
0.180780 -0.909569 -0.374170 90.811775
73271 23 38 31
0.181999 -0.849676 -0.494902 76.479492
37464 24 12 16
-0.626265 0.555419 0.547085 115.260925
39768 24 12 17
-0.740161 0.662365 0.115904 122.682518
42072 24 12 18
-0.674551 0.653386 -0.343610 119.956512
39816 24 13 17
-0.972359 0.008409 0.233338 128.970154
42120 24 13 18
-0.897882 0.163058 -0.408925 127.778450
44424 24 13 19
-0.683537 0.370140 -0.629105 120.029472
46728 24 13 20
-0.605215 0.517418 -0.604974 108.523827
44472 24 14 19
-0.711188 -0.230719 -0.664064 121.889336
46776 24 14 20
-0.615407 0.433361 -0.658386 115.946449
46824 24 15 20
0.099839 0.629223 -0.770786 118.320862
28440 24 16 12
-0.594209 0.084982 0.799809 74.646179
30744 24 16 13
-0.775315 -0.002831 0.631568 89.777344
33048 24 16 14
-0.907809 -0.196249 0.370634 98.437988
53784 24 16 23
-0.258600 0.869836 -0.420132 120.233604
56088 24 16 24
-0.344386 0.685127 -0.641872 112.194870
58392 24 16 25
-0.336059 0.559148 -0.757904 96.441246
28488 24 17 12
-0.617787 -0.258271 0.742722 72.705917
30792 24 17 13
-0.766131 -0.355826 0.535193 86.260651
40104 24 19 17
0.206513 -0.056144 0.976832 96.877243
42408 24 19 18
0.580659 0.116785 0.805728 103.972832
44712 24 19 19
0.869756 -0.046928 0.491245 108.685127
35544 24 20 15
-0.258520 -0.638793 0.724645 71.361717
37848 24 20 16
-0.052968 -0.483373 0.873810 83.620110
40152 24 20 17
0.241787 -0.276868 0.929991 95.223747
42456 24 20 18
0.616006 -0.126085 0.777585 104.007751
44760 24 20 19
0.960585 -0.182548 0.209647 107.983376
47064 24 20 20
0.823041 -0.469777 -0.319237 107.269958
60888 24 20 26
-0.630697 0.455708 -0.628133 115.062325
40200 24 21 17
0.331614 -0.410391 0.849477 90.312233
42504 24 21 18
0.655183 -0.313705 0.687258 101.587723
44808 24 21 19
0.962667 -0.244321 0.116532 106.277565
47112 24 21 20
0.848452 -0.262718 -0.459465 104.372574
60936 24 21 26
-0.719821 0.572343 -0.392786 123.500854
63240 24 21 27
-0.423617 0.583881 -0.692554 112.459358
58680 24 22 25
-0.553280 0.193719 0.810157 126.113091
60984 24 22 26
-0.765982 0.639355 -0.067056 131.063400
63288 24 22 27
-0.412260 0.612046 -0.674864 124.644867
44904 24 23 19
0.897222 -0.271998 0.347865 99.540863
47208 24 23 20
0.989918 -0.072105 -0.121918 101.431541
58728 24 23 25
-0.260866 0.044133 0.964366 127.717697
61032 24 23 26
-0.762050 0.430148 0.483997 135.657410
63336 24 23 27
-0.393791 0.501024 -0.770651 132.770950
65640 24 23 28
-0.176014 0.483234 -0.857615 120.706314
44952 24 24 19
0.814398 -0.308954 0.491227 93.894318
47256 24 24 20
0.985040 -0.105669 0.136124 100.098473
61080 24 24 26
-0.232378 -0.481130 0.845289 135.622971
63384 24 24 27
-0.296565 -0.132994 -0.945707 135.011017
65688 24 24 28
-0.105103 0.183208 -0.977440 125.991989
61128 24 25 26
0.118490 -0.800323 0.587745 131.079254
63432 24 25 27
-0.040508 -0.861635 -0.505910 131.839203
61176 24 26 26
0.211190 -0.851282 0.480331 123.965195
63480 24 26 27
0.021743 -0.996401 -0.081930 125.861008
49704 24 27 21
0.559471 -0.266358 0.784886 101.139557
52008 24 27 22
0.810537 -0.043326 0.584083 107.179443
61224 24 27 26
0.227866 -0.810992 0.538859 116.928574
49752 24 28 21
0.088951 -0.472049 0.877073 96.022720
52056 24 28 22
-0.147474 -0.597126 0.788474 105.088364
54360 24 28 23
-0.619189 -0.769657 0.155671 107.597702
77400 24 28 33
0.057161 0.327645 -0.943070 83.308571
79704 24 28 34
0.045439 0.218934 -0.974681 60.422852
49800 24 29 21
-0.223098 -0.530241 0.817968 87.341095
52104 24 29 22
-0.516989 -0.571325 0.637425 99.312263
54408 24 29 23
-0.821933 -0.501903 0.269295 104.283943
77448 24 29 33
0.043328 0.280432 -0.958896 91.008705
79752 24 29 34
0.051608 0.164144 -0.985085 65.117226
52152 24 30 22
-0.620701 -0.487217 0.614288 90.902504
68280 24 30 29
-0.351903 0.695987 0.625912 145.793411
70584 24 30 30
-0.345788 0.936480 -0.058612 150.126083
72888 24 30 31
-0.127734 0.652004 -0.747379 143.389313
68328 24 31 29
-0.351850 0.577617 0.736586 154.463394
70632 24 31 30
-0.409901 0.912130 0.000484 159.824814
72936 24 31 31
-0.105663 0.506488 -0.855748 153.147430
70680 24 32 30
-0.566335 0.824146 -0.006940 166.071854
72984 24 32 31
-0.051030 0.281357 -0.958245 159.260269
75288 24 32 32
0.048601 0.133494 -0.989857 138.412094
70728 24 33 30
-0.921539 0.194941 -0.335803 168.605011
73032 24 33 31
0.007612 -0.025104 -0.999656 161.194138
75336 24 33 32
0.094724 -0.016512 -0.995367 140.105530
57000 24 35 24
-0.429679 -0.244206 0.869333 99.843109
59304 24 35 25
-0.474593 -0.199450 0.857310 123.593910
57048 24 36 24
-0.299613 -0.415664 0.858752 89.828949
59352 24 36 25
-0.318796 -0.463052 0.827014 114.803055
61656 24 36 26
-0.367623 -0.562221 0.740784 134.240936
73176 24 36 31
0.054942 -0.774849 -0.629754 131.576950
59400 24 37 25
-0.184552 -0.655234 0.732536 98.340927
61704 24 37 26
-0.179099 -0.785250 0.592711 117.594139
64008 24 37 27
-0.171441 -0.924944 0.339244 129.500641
66312 24 37 28
-0.143883 -0.989416 0.018802 133.559662
68616 24 37 29
-0.085619 -0.967854 -0.236493 130.765289
70920 24 37 30
-0.003044 -0.912565 -0.408920 122.092651
61752 24 38 26
-0.055742 -0.877063 0.477130 93.424538
64056 24 38 27
-0.016929 -0.967812 0.251104 104.357384
66360 24 38 28
0.021619 -0.999727 -0.008883 107.805023
37465 25 12 16
-0.546774 0.618424 0.564438 102.094704
39769 25 12 17
-0.630452 0.767085 0.118788 109.448257
42073 25 12 18
-0.553450 0.757114 -0.347090 106.689835
44377 25 12 19
-0.463923 0.700914 -0.541751 95.720245
37513 25 13 16
-0.593022 0.276961 0.756054 110.938545
39817 25 13 17
-0.808520 0.457547 0.370061 118.972900
42121 25 13 18
-0.654196 0.640894 -0.401599 118.457184
44425 25 13 19
-0.431143 0.657617 -0.617783 110.483040
46729 25 13 20
-0.373097 0.697894 -0.611345 97.913467
44473 25 14 19
-0.039546 0.717580 -0.695353 118.952049
46777 25 14 20
-0.113452 0.793624 -0.597737 111.643822
30697 25 15 13
-0.648887 0.223493 0.727322 72.621361
46825 25 15 20
0.612324 0.742229 -0.272314 121.227982
49129 25 15 21
0.214401 0.904122 -0.369590 117.151070
51433 25 15 22
-0.049742 0.911487 -0.408310 110.595650
28441 25 16 12
-0.687776 0.028836 0.725350 60.214550
30745 25 16 13
-0.763132 -0.052424 0.644113 74.517090
33049 25 16 14
-0.766301 -0.212842 0.606202 85.472977
49177 25 16 21
0.804232 0.592112 -0.051126 127.261971
51481 25 16 22
0.387315 0.858147 -0.337002 124.969627
53785 25 16 23
-0.037947 0.828402 -0.558847 118.415665
56089 25 16 24
-0.250629 0.681554 -0.687509 106.053535
58393 25 16 25
-0.321675 0.560141 -0.763392 87.526497
53833 25 17 23
0.283931 0.502992 -0.816322 127.373383
56137 25 17 24
-0.249364 0.445072 -0.860075 117.458839
58441 25 17 25
-0.354153 0.394998 -0.847675 100.196907
56185 25 18 24
-0.392887 -0.112611 -0.912666 120.198158
58489 25 18 25
-0.477198 0.187223 -0.858621 106.729584
37849 25 20 16
-0.294664 -0.296668 0.908384 80.392334
40153 25 20 17
-0.123324 -0.142757 0.982045 95.444633
42457 25 20 18
0.159105 -0.025315 0.986937 107.082474
44761 25 20 19
0.833089 -0.145692 0.533607 112.847885
44809 25 21 19
0.931243 0.159845 0.327471 113.016907
47113 25 21 20
0.756245 0.008582 -0.654232 111.023163
44857 25 22 19
0.936314 0.079196 0.342117 114.015602
47161 25 22 20
0.818275 0.214276 -0.533396 112.392738
60985 25 22 26
-0.794608 0.605610 -0.042841 120.710274
42601 25 23 18
0.516004 -0.273457 0.811764 101.668564
44905 25 23 19
0.879892 -0.131092 0.456733 113.648735
47209 25 23 20
0.942608 0.140135 -0.303073 114.668831
61033 25 23 26
-0.833071 0.505000 0.225761 128.579315
63337 25 23 27
-0.618401 0.617879 -0.485598 126.497383
65641 25 23 28
-0.290561 0.635897 -0.714990 116.764549
67945 25 23 29
-0.056045 0.688102 -0.723446 103.408913
44953 25 24 19
0.753387 -0.320642 0.574106 109.755585
47257 25 24 20
0.996154 -0.086839 0.011651 115.123009
61081 25 24 26
-0.860603 0.053963 0.506410 131.737000
63385 25 24 27
-0.776736 0.215404 -0.591847 131.426361
72601 25 24 31
0.237386 0.593289 -0.769192 88.083450
61129 25 25 26
-0.588536 -0.599626 0.542286 129.669006
63433 25 25 27
-0.617147 -0.632412 -0.468171 130.132568
49657 25 26 21
0.741275 -0.583099 0.332426 111.118469
51961 25 26 22
0.808938 -0.246896 -0.533536 111.093582
61177 25 26 26
-0.296111 -0.851353 0.433032 124.087639
63481 25 26 27
-0.355651 -0.916183 -0.184721 125.100868
49705 25 27 21
0.000162 -0.785427 0.618955 104.728920
52009 25 27 22
-0.419427 -0.887430 0.191179 108.302948
61225 25 27 26
-0.140983 -0.873132 0.466652 117.658798
63529 25 27 27
-0.306751 -0.930676 0.199363 119.740601
49753 25 28 21
-0.314376 -0.730310 0.606477 94.076958
52057 25 28 22
-0.579105 -0.745097 0.330859 101.106438
77401 25 28 33
-0.029991 0.286363 -0.957652 83.572906
49801 25 29 21
-0.445255 -0.674360 0.589056 80.334969
52105 25 29 22
-0.625552 -0.664755 0.408394 90.324829
77449 25 29 33
-0.087723 0.260924 -0.961365 90.331841
70585 25 30 30
-0.665517 0.746098 0.020612 143.093475
72889 25 30 31
-0.459974 0.623717 -0.631982 138.079224
77497 25 30 33
-0.109539 0.220246 -0.969274 96.859795
70633 25 31 30
-0.767587 0.635188 0.085712 152.614899
72937 25 31 31
-0.512533 0.524282 -0.680028 147.793625
70681 25 32 30
-0.870714 0.469043 0.147834 159.474213
72985 25 32 31
-0.512873 0.374220 -0.772607 154.939117
75289 25 32 32
-0.169395 0.208025 -0.963344 136.805313
70729 25 33 30
-0.975081 0.142990 0.169619 162.750580
73033 25 33 31
-0.449802 0.087574 -0.888825 158.321945
75337 25 33 32
-0.081366 0.061738 -0.994770 140.361832
73081 25 34 31
-0.278251 -0.386941 -0.879120 156.594696
73129 25 35 31
-0.085677 -0.722377 -0.686171 148.220932
73177 25 36 31
0.034253 -0.837406 -0.545508 132.494400
61705 25 37 26
-0.315285 -0.690538 0.650962 110.693871
64009 25 37 27
-0.323891 -0.847180 0.421165 123.629082
61753 25 38 26
-0.167595 -0.813702 0.556598 89.888229
64057 25 38 27
-0.112998 -0.931578 0.345533 102.349197
37466 26 12 16
-0.430227 0.698072 0.572363 91.708817
39770 26 12 17
-0.459824 0.878485 0.129715 99.124779
42074 26 12 18
-0.373951 0.869343 -0.323116 96.693588
44378 26 12 19
-0.290089 0.798753 -0.527107 86.063911
37514 26 13 16
-0.350602 0.498582 0.792776 103.322327
39818 26 13 17
-0.355728 0.841711 0.406178 112.736641
42122 26 13 18
-0.212605 0.938963 -0.270456 113.171425
44426 26 13 19
-0.122607 0.845714 -0.519360 105.415665
37562 26 14 16
-0.053176 0.193335 0.979691 108.887192
33002 26 15 14
-0.408091 0.051201 0.911504 77.149803
46826 26 15 20
0.607321 0.748154 -0.267257 130.543808
49130 26 15 21
0.346322 0.847354 -0.402557 122.996056
30746 26 16 13
-0.628739 -0.116055 0.768908 60.813953
33050 26 16 14
-0.461131 -0.238710 0.854620 75.560753
49178 26 16 21
0.745666 0.609050 -0.270258 139.143051
51482 26 16 22
0.396678 0.762402 -0.511263 131.547134
53786 26 16 23
0.043633 0.746159 -0.664337 118.786400
53834 26 17 23
0.220310 0.361938 -0.905795 130.342377
56138 26 17 24
-0.174321 0.360580 -0.916294 113.729492
58442 26 17 25
-0.314622 0.340423 -0.886073 91.652557
53882 26 18 23
0.273854 -0.504086 -0.819086 129.586288
56186 26 18 24
-0.225133 -0.129876 -0.965633 116.288483
58490 26 18 25
-0.396675 0.102605 -0.912207 97.289673
37850 26 20 16
-0.277001 -0.237461 0.931066 74.756805
44858 26 22 19
0.722533 0.482789 0.494835 121.533180
47162 26 22 20
0.711250 0.465674 -0.526565 120.579773
42602 26 23 18
0.386225 -0.121250 0.914401 111.053215
44906 26 23 19
0.798325 0.072834 0.597807 124.619339
47210 26 23 20
0.845888 0.322871 -0.424533 125.493080
49514 26 23 21
0.568401 0.344518 -0.747146 116.814651
61034 26 23 26
-0.822238 0.543295 0.169574 117.520477
63338 26 23 27
-0.705224 0.663389 -0.250146 116.755814
70250 26 23 30
-0.027575 0.810356 -0.585288 90.186546
72554 26 23 31
0.029483 0.754670 -0.655442 76.528992
44954 26 24 19
0.640595 -0.372040 0.671733 122.153107
47258 26 24 20
0.968562 -0.184734 -0.166616 126.685257
49562 26 24 21
0.609716 0.144914 -0.779260 120.515907
61082 26 24 26
-0.925504 0.197684 0.323055 122.678864
63386 26 24 27
-0.929997 0.319336 -0.182015 123.568634
70298 26 24 30
0.049436 0.732264 -0.679224 104.275185
72602 26 24 31
0.100748 0.653316 -0.750352 91.861290
61130 26 25 26
-0.909353 -0.220433 0.352827 122.471756
63434 26 25 27
-0.968781 -0.234209 -0.081303 123.981926
70346 26 25 30
0.195695 0.571232 -0.797118 112.283913
72650 26 25 31
0.195637 0.497233 -0.845273 102.161430
74954 26 25 32
0.108959 0.415852 -0.902882 85.644714
47354 26 26 20
0.086441 -0.872719 0.480509 109.618057
49658 26 26 21
-0.187533 -0.977697 -0.094547 112.829773
51962 26 26 22
-0.582701 -0.636269 -0.505589 109.708984
61178 26 26 26
-0.829127 -0.447795 0.334706 118.636505
63482 26 26 27
-0.860342 -0.509212 0.022695 120.425301
75002 26 26 32
0.117434 0.295022 -0.948246 92.916313
47402 26 27 20
-0.187893 -0.821618 0.538183 93.274391
49706 26 27 21
-0.456401 -0.858119 0.235223 100.916458
52010 26 27 22
-0.706928 -0.706601 -0.031110 102.189476
61226 26 27 26
-0.774284 -0.495901 0.393149 113.779243
63530 26 27 27
-0.843118 -0.504718 0.185504 116.186844
49754 26 28 21
-0.537577 -0.765483 0.353621 85.409698
52058 26 28 22
-0.703903 -0.684061 0.191263 90.760468
61274 26 28 26
-0.706994 -0.380541 0.596110 109.892838
63578 26 28 27
-0.844537 -0.208133 0.493394 113.658005
49802 26 29 21
-0.570777 -0.703197 0.423943 68.499168
52106 26 29 22
-0.684737 -0.645424 0.338472 77.090530
77450 26 29 33
-0.171543 0.205210 -0.963567 86.976494
77498 26 30 33
-0.213498 0.207428 -0.954669 92.308174
79802 26 30 34
-0.149733 0.132125 -0.979859 65.808418
70634 26 31 30
-0.864018 0.494538 0.094361 140.638779
72938 26 31 31
-0.709982 0.481324 -0.514056 137.295670
70682 26 32 30
-0.906410 0.393150 0.154447 147.609070
72986 26 32 31
-0.749369 0.416019 -0.515145 144.952469
75290 26 32 32
-0.374897 0.292317 -0.879774 130.116043
70730 26 33 30
-0.950705 0.215832 0.222659 152.178268
73034 26 33 31
-0.782045 0.258313 -0.567168 150.276581
75338 26 33 32
-0.309529 0.192250 -0.931253 135.968414
70778 26 34 30
-0.956141 -0.161241 0.244532 152.858246
73082 26 34 31
-0.724079 -0.191495 -0.662601 151.190430
75386 26 34 32
-0.181554 -0.050711 -0.982073 137.835327
77690 26 34 33
-0.009800 0.013129 -0.999866 112.529877
73130 26 35 31
-0.323087 -0.751445 -0.575278 145.730621
75434 26 35 32
0.014931 -0.418350 -0.908163 133.208008
77738 26 35 33
0.118135 -0.215879 -0.969247 109.767487
75482 26 36 32
0.191025 -0.670300 -0.717083 121.027809
77786 26 36 33
0.245727 -0.453500 -0.856712 100.056808
80090 26 36 34
0.247421 -0.304889 -0.919688 73.512512
37467 27 12 16
-0.360145 0.746049 0.560095 83.419998
39771 27 12 17
-0.339557 0.927033 0.159094 91.378105
42075 27 12 18
-0.241461 0.937319 -0.251258 89.978607
37515 27 13 16
-0.242868 0.627749 0.739558 98.133316
35355 27 16 15
0.009395 -0.257203 0.966312 90.186188
42267 27 16 18
0.792268 -0.018004 0.609907 149.008026
44571 27 16 19
0.934396 0.222496 0.278208 158.658615
46875 27 16 20
0.861853 0.488819 -0.135152 160.120972
44619 27 17 19
0.833523 -0.332546 0.441194 156.983887
46923 27 17 20
0.970413 -0.218621 0.102485 163.016861
49227 27 17 21
0.913519 -0.017183 -0.406433 160.753601
51531 27 17 22
0.479006 0.204698 -0.853611 150.346054
53835 27 17 23
0.026119 0.291221 -0.956299 132.628662
56139 27 17 24
-0.209784 0.299717 -0.930677 109.215103
58443 27 17 25
-0.314481 0.297193 -0.901542 82.867294
44667 27 18 19
0.618931 -0.613952 0.489886 145.324539
46971 27 18 20
0.720724 -0.663486 0.200854 153.311081
49275 27 18 21
0.699940 -0.689231 -0.187201 153.706085
51579 27 18 22
0.460358 -0.609093 -0.645815 146.484604
53883 27 18 23
0.051671 -0.354855 -0.933492 132.156860
56187 27 18 24
-0.232719 -0.101486 -0.967234 111.898438
58491 27 18 25
-0.359602 0.070121 -0.930467 88.008133
53931 27 19 23
0.060989 -0.701987 -0.709574 121.529434
56235 27 19 24
-0.251858 -0.398876 -0.881740 106.261009
58539 27 19 25
-0.432332 -0.053536 -0.900124 87.923180
44859 27 22 19
0.546042 0.612614 0.571439 128.007431
44907 27 23 19
0.666512 0.195349 0.719444 133.240875
67947 27 23 29
-0.433251 0.813637 -0.387671 95.612450
70251 27 23 30
-0.302513 0.817352 -0.490327 86.860954
72555 27 23 31
-0.224311 0.757908 -0.612584 74.414856
44955 27 24 19
0.452531 -0.511745 0.730297 130.777023
70299 27 24 30
-0.407311 0.751923 -0.518372 101.651497
72603 27 24 31
-0.255040 0.674404 -0.692916 90.485336
74907 27 24 32
-0.188009 0.563054 -0.804750 73.374893
45003 27 25 19
0.149309 -0.779416 0.608455 118.232079
47307 27 25 20
0.085460 -0.995081 0.050112 125.237785
70347 27 25 30
-0.569186 0.632064 -0.525853 110.669212
72651 27 25 31
-0.270207 0.543291 -0.794873 101.824181
74955 27 25 32
-0.175131 0.424776 -0.888197 85.088165
47355 27 26 20
-0.217741 -0.950298 0.222537 107.899788
49659 27 26 21
-0.424955 -0.878295 -0.219116 107.950233
61179 27 26 26
-0.930678 -0.250674 0.266462 106.659920
63483 27 26 27
-0.954373 -0.239204 0.178753 109.944733
70395 27 26 30
-0.808565 0.399525 -0.431976 114.715874
72699 27 26 31
-0.265843 0.360620 -0.894025 108.288734
75003 27 26 32
-0.154802 0.277359 -0.948213 92.735992
47403 27 27 20
-0.370447 -0.875493 0.310294 86.317024
49707 27 27 21
-0.563663 -0.824845 0.043765 90.556114
61227 27 27 26
-0.927230 -0.203614 0.314302 102.965759
63531 27 27 27
-0.951183 -0.182360 0.248990 106.905952
70443 27 27 30
-0.984287 0.128319 -0.121300 115.897484
72747 27 27 31
-0.296745 0.198853 -0.934024 111.298553
75051 27 27 32
-0.159708 0.169753 -0.972459 97.119949
61275 27 28 26
-0.904187 -0.099303 0.415433 100.666847
63579 27 28 27
-0.944272 -0.031288 0.327675 105.486229
61323 27 29 26
-0.834559 0.014525 0.550727 100.081589
63627 27 29 27
-0.906670 0.129593 0.401441 106.104286
61371 27 30 26
-0.734274 0.105998 0.670527 100.958054
63675 27 30 27
-0.857505 0.236468 0.456912 108.407852
61419 27 31 26
-0.645797 0.164682 0.745537 102.999321
63723 27 31 27
-0.820282 0.286383 0.495099 111.874031
79851 27 31 34
-0.227699 0.149466 -0.962192 64.486084
61467 27 32 26
-0.590903 0.185480 0.785131 105.867577
63771 27 32 27
-0.799971 0.293097 0.523585 115.968391
61515 27 33 26
-0.567380 0.152451 0.809221 108.891396
63819 27 33 27
-0.796297 0.248712 0.551411 119.987541
70731 27 33 30
-0.951631 0.240557 0.191129 137.214874
73035 27 33 31
-0.909560 0.310221 -0.276521 137.029709
75339 27 33 32
-0.574557 0.292234 -0.764516 126.150337
61563 27 34 26
-0.560024 0.043331 0.827343 110.824028
63867 27 34 27
-0.801396 0.119650 0.586045 122.830086
73083 27 34 31
-0.958719 0.108264 -0.262938 140.745697
75387 27 34 32
-0.533919 0.143860 -0.833208 131.046448
77691 27 34 33
-0.233969 0.140045 -0.962105 109.298988
61611 27 35 26
-0.539887 -0.143951 0.829337 109.914078
63915 27 35 27
-0.774724 -0.122490 0.620322 122.935478
73131 27 35 31
-0.863076 -0.409855 -0.295158 139.415634
75435 27 35 32
-0.355226 -0.224161 -0.907506 130.784332
77739 27 35 33
-0.091454 -0.069876 -0.993355 110.538879
61659 27 36 26
-0.479791 -0.359307 0.800437 104.456589
63963 27 36 27
-0.657388 -0.417075 0.627606 118.648048
75483 27 36 32
0.008530 -0.622355 -0.782689 123.674522
77787 27 36 33
0.121223 -0.344380 -0.930971 105.380470
80091 27 36 34
0.143155 -0.193663 -0.970568 79.472939
64011 27 37 27
-0.471766 -0.636364 0.610310 109.027763
66315 27 37 28
-0.538296 -0.754333 0.375790 117.451408
66363 27 38 28
-0.257634 -0.882827 0.392734 104.403793
68667 27 38 29
-0.090879 -0.991298 0.095228 108.244286
66411 27 39 28
-0.044643 -0.904141 0.424895 88.231628
68715 27 39 29
0.151010 -0.981807 0.115117 93.157967
66459 27 40 28
0.090393 -0.887854 0.451160 70.611465
68763 27 40 29
0.273729 -0.948287 0.160698 76.638771
71067 27 40 30
0.456847 -0.873138 -0.170064 76.429024
68811 27 41 29
0.310697 -0.929853 0.197082 59.476719
71115 27 41 30
0.458979 -0.880474 -0.118760 60.154110
71163 27 42 30
0.417993 -0.906004 -0.066626 43.961632
39772 28 12 17
-0.355105 0.912259 0.204167 83.967903
35308 28 15 15
-0.180236 0.105496 0.977950 90.177032
37612 28 15 16
-0.066078 0.203371 0.976869 116.047981
39916 28 15 17
0.088939 0.425915 0.900381 138.622208
42220 28 15 18
0.269094 0.776991 0.569099 154.109604
35356 28 16 15
-0.126374 -0.193134 0.973000 88.954041
37660 28 16 16
0.012244 -0.178774 0.983814 116.246483
39964 28 16 17
0.182758 -0.115879 0.976305 142.010101
42268 28 16 18
0.430570 0.059901 0.900567 162.348007
44572 28 16 19
0.735094 0.491228 0.467260 173.718521
46876 28 16 20
0.541052 0.761721 -0.356432 173.936203
40012 28 17 17
0.154471 -0.469956 0.869068 133.362350
42316 28 17 18
0.315789 -0.504819 0.803390 156.337906
44620 28 17 19
0.546781 -0.556772 0.625328 171.859344
46924 28 17 20
0.842519 -0.537033 -0.041918 177.102631
49228 28 17 21
0.383121 -0.054191 -0.922107 171.003738
51532 28 17 22
-0.029875 0.169485 -0.985080 154.482193
53836 28 17 23
-0.216915 0.233051 -0.947964 130.087509
56140 28 17 24
-0.313835 0.254154 -0.914830 101.452553
44668 28 18 19
0.305402 -0.782054 0.543251 156.902710
46972 28 18 20
0.368665 -0.915239 0.162553 165.034485
49276 28 18 21
0.248234 -0.860324 -0.445222 162.817184
51580 28 18 22
-0.027040 -0.528711 -0.848371 150.549561
53884 28 18 23
-0.228435 -0.238482 -0.943898 130.088669
56188 28 18 24
-0.337896 -0.052406 -0.939723 104.538574
58492 28 18 25
-0.392575 0.081199 -0.916129 77.762672
51628 28 19 22
0.028581 -0.769219 -0.638346 136.588593
53932 28 19 23
-0.167352 -0.520386 -0.837372 120.568161
56236 28 19 24
-0.321487 -0.249307 -0.913505 100.276291
58540 28 19 25
-0.412301 0.012077 -0.910968 78.637482
44908 28 23 19
0.422303 0.169671 0.890434 139.348587
65644 28 23 28
-0.739444 0.622426 -0.256533 90.240677
67948 28 23 29
-0.657618 0.683652 -0.316479 84.903534
70252 28 23 30
-0.569517 0.707691 -0.418119 77.125626
44956 28 24 19
0.122976 -0.714214 0.689039 135.165695
47260 28 24 20
0.129240 -0.921589 -0.366020 138.302795
70300 28 24 30
-0.727374 0.588222 -0.353442 91.062195
72604 28 24 31
-0.575754 0.593298 -0.562588 81.071968
45004 28 25 19
-0.087135 -0.883696 0.459879 118.859695
47308 28 25 20
-0.203304 -0.977385 -0.058181 123.818947
70348 28 25 30
-0.871221 0.436000 -0.225560 100.529198
72652 28 25 31
-0.657260 0.483336 -0.578270 92.908127
74956 28 25 32
-0.470744 0.420863 -0.775419 77.260666
47356 28 26 20
-0.339386 -0.938289 0.066568 100.902046
49660 28 26 21
-0.447315 -0.861857 -0.238980 98.466248
70396 28 26 30
-0.962056 0.267356 -0.054480 105.911240
72700 28 26 31
-0.717823 0.348403 -0.602781 100.700356
75004 28 26 32
-0.464040 0.296065 -0.834872 85.822685
70444 28 27 30
-0.989164 0.101876 0.105720 108.244141
72748 28 27 31
-0.754845 0.189607 -0.627900 104.823593
75052 28 27 32
-0.443094 0.176113 -0.879006 91.009247
61276 28 28 26
-0.937939 -0.017582 0.346355 84.432297
63580 28 28 27
-0.948092 0.017452 0.317516 90.760551
72796 28 28 31
-0.788752 0.049569 -0.612710 106.301468
61324 28 29 26
-0.910106 0.064160 0.409377 84.974373
63628 28 29 27
-0.943316 0.096005 0.317706 91.867706
61372 28 30 26
-0.876913 0.111664 0.467498 86.788208
63676 28 30 27
-0.942018 0.145279 0.302484 94.142372
61420 28 31 26
-0.843533 0.141763 0.518030 89.384087
63724 28 31 27
-0.940386 0.180207 0.288445 97.249001
61468 28 32 26
-0.812035 0.153584 0.563038 92.483467
63772 28 32 27
-0.936566 0.199838 0.287939 100.999603
61516 28 33 26
-0.783766 0.126077 0.608124 95.533615
63820 28 33 27
-0.933455 0.183616 0.308135 104.901009
61564 28 34 26
-0.754703 0.035476 0.655107 97.404045
63868 28 34 27
-0.929869 0.102634 0.353285 107.880951
73084 28 34 31
-0.975187 0.211710 -0.064730 123.629013
75388 28 34 32
-0.792540 0.262773 -0.550301 117.057655
77692 28 34 33
-0.495005 0.247390 -0.832927 99.268959
61612 28 35 26
-0.709845 -0.119586 0.694132 96.555664
63916 28 35 27
-0.904989 -0.060331 0.421136 108.428688
73132 28 35 31
-0.999135 0.038519 -0.015661 126.351189
75436 28 35 32
-0.781865 0.102882 -0.614900 121.098351
77740 28 35 33
-0.407973 0.132418 -0.903340 104.472153
61660 28 36 26
-0.635613 -0.299652 0.711481 91.654930
63964 28 36 27
-0.824150 -0.274843 0.495215 105.124313
73180 28 36 31
-0.934610 -0.355620 0.006213 124.549500
75484 28 36 32
-0.593284 -0.298430 -0.747632 120.150604
77788 28 36 33
-0.191957 -0.107827 -0.975462 105.036774
64012 28 37 27
-0.687748 -0.465706 0.556885 97.313446
66316 28 37 28
-0.809053 -0.445871 0.382926 106.516182
68620 28 37 29
-0.834037 -0.460230 0.304254 112.032898
75532 28 37 32
-0.030357 -0.718759 -0.694596 113.626915
77836 28 37 33
0.144159 -0.380960 -0.913284 99.989204
64060 28 38 27
-0.536051 -0.589538 0.604231 85.493034
66364 28 38 28
-0.623094 -0.624368 0.471082 96.670265
68668 28 38 29
-0.616703 -0.706792 0.346588 103.391083
66412 28 39 28
-0.433125 -0.725185 0.535266 83.755188
68716 28 39 29
-0.368270 -0.849469 0.377862 91.795525
71020 28 39 30
-0.061628 -0.990781 0.120640 95.412941
66460 28 40 28
-0.279244 -0.777840 0.563017 68.838158
68764 28 40 29
-0.179878 -0.905503 0.384329 77.745247
71068 28 40 30
0.098625 -0.991313 0.087014 81.586777
68812 28 41 29
-0.068179 -0.927331 0.367979 61.851429
71116 28 41 30
0.151084 -0.984985 0.083541 65.832710
73420 28 41 31
0.400880 -0.896644 -0.187951 64.777367
71164 28 42 30
0.159895 -0.983006 0.090181 49.053905
73468 28 42 31
0.362004 -0.920288 -0.148401 48.455544
39677 29 10 17
-0.421017 0.905512 0.052842 37.722656
39725 29 11 17
-0.469919 0.872271 0.135351 54.495495
44429 29 13 19
-0.244969 0.946034 -0.212156 100.041756
44477 29 14 19
-0.249292 0.961902 -0.112245 131.787476
46781 29 14 20
-0.171362 0.912973 -0.370291 122.891624
35309 29 15 15
-0.391419 0.139734 0.909541 82.015221
37613 29 15 16
-0.396302 0.238669 0.886556 109.336945
39917 29 15 17
-0.405936 0.427336 0.807836 134.229721
42221 29 15 18
-0.399207 0.728795 0.556319 152.247299
44525 29 15 19
-0.321774 0.945594 0.048102 159.597733
46829 29 15 20
-0.229756 0.898401 -0.374283 154.395187
35357 29 16 15
-0.342096 -0.133811 0.930089 82.109245
37661 29 16 16
-0.332117 -0.109522 0.936858 111.335823
39965 29 16 17
-0.342722 -0.046640 0.938278 139.640518
42269 29 16 18
-0.410447 0.116185 0.904452 162.389236
44573 29 16 19
-0.611783 0.586464 0.530830 175.074677
46877 29 16 20
-0.475792 0.755085 -0.451075 174.701019
37709 29 17 16
-0.255254 -0.382151 0.888148 102.923851
40013 29 17 17
-0.245544 -0.418981 0.874164 131.940460
42317 29 17 18
-0.273631 -0.482082 0.832300 156.995560
44621 29 17 19
-0.426861 -0.610387 0.667246 173.434723
46925 29 17 20
-0.779787 -0.576506 -0.244075 177.688934
49229 29 17 21
-0.548609 -0.062709 -0.833724 168.575287
51533 29 17 22
-0.451613 0.109665 -0.885448 147.829620
53837 29 17 23
-0.433997 0.178030 -0.883149 119.536514
40061 29 18 17
-0.177682 -0.551009 0.815364 115.443069
42365 29 18 18
-0.186806 -0.651785 0.735037 140.157974
44669 29 18 19
-0.246423 -0.805282 0.539256 157.904724
46973 29 18 20
-0.383716 -0.921082 0.066110 165.149811
49277 29 18 21
-0.480139 -0.692829 -0.538010 160.281433
51581 29 18 22
-0.479390 -0.358553 -0.801015 144.181473
53885 29 18 23
-0.472368 -0.143360 -0.869665 119.998474
56189 29 18 24
-0.471196 -0.001835 -0.882027 92.232834
49325 29 19 21
-0.386083 -0.832619 -0.397097 144.385254
51629 29 19 22
-0.421659 -0.560207 -0.713002 132.290421
53933 29 19 23
-0.446848 -0.310916 -0.838843 113.092529
67901 29 22 29
-0.620176 0.677751 -0.395014 56.949783
42605 29 23 18
-0.051541 -0.023819 0.998387 125.738785
44909 29 23 19
-0.282555 -0.027835 0.958847 140.489609
47213 29 23 20
-0.580637 -0.150847 -0.800066 143.026993
58733 29 23 25
-0.770143 0.054537 -0.635536 91.613800
61037 29 23 26
-0.876233 0.244215 -0.415422 86.578819
63341 29 23 27
-0.870970 0.350456 -0.344372 81.523521
65645 29 23 28
-0.842765 0.435965 -0.315725 75.974022
67949 29 23 29
-0.796592 0.510959 -0.323052 69.715553
42653 29 24 18
-0.120502 -0.550137 0.826334 118.925217
44957 29 24 19
-0.313678 -0.801245 0.509522 133.575806
47261 29 24 20
-0.401728 -0.887199 -0.226920 136.126740
49565 29 24 21
-0.285349 -0.696654 -0.658217 127.958916
58781 29 24 25
-0.788138 -0.556433 -0.263099 88.306465
61085 29 24 26
-0.936244 -0.309772 -0.165794 85.670151
63389 29 24 27
-0.986113 -0.085465 -0.142398 83.356834
42701 29 25 18
-0.165943 -0.781975 0.600815 100.053673
45005 29 25 19
-0.300821 -0.901165 0.312103 113.707031
47309 29 25 20
-0.380330 -0.921005 -0.084254 116.862000
49613 29 25 21
-0.379306 -0.840444 -0.387015 110.293472
72701 29 26 31
-0.863234 0.329174 -0.382716 84.759377
70445 29 27 30
-0.981236 0.149146 0.122197 92.889778
72749 29 27 31
-0.902774 0.219048 -0.370157 90.620651
70493 29 28 30
-0.980515 0.025228 0.194817 94.538788
72797 29 28 31
-0.931746 0.076010 -0.355067 93.414253
70541 29 29 30
-0.973376 -0.083848 0.213328 93.952728
72845 29 29 31
-0.949031 -0.055370 -0.310280 93.522995
75149 29 29 32
-0.686390 0.017789 -0.727016 83.359955
72893 29 30 31
-0.966583 -0.096096 -0.237662 92.077873
75197 29 30 32
-0.745061 -0.018481 -0.666741 83.225899
75245 29 31 32
-0.819602 0.028855 -0.572206 83.195007
77549 29 31 33
-0.602754 0.070615 -0.794796 67.476273
75293 29 32 32
-0.871512 0.134193 -0.471655 84.960350
75341 29 33 32
-0.890616 0.234689 -0.389517 89.530197
61565 29 34 26
-0.881801 0.048270 0.469146 77.933228
63869 29 34 27
-0.972032 0.095597 0.214513 86.287750
75389 29 34 32
-0.896990 0.287735 -0.335586 96.394211
61613 29 35 26
-0.850890 -0.075244 0.519927 77.692696
63917 29 35 27
-0.962181 -0.012442 0.272126 87.441612
75437 29 35 32
-0.908862 0.276800 -0.312012 103.515968
61661 29 36 26
-0.792666 -0.226125 0.566170 73.920135
63965 29 36 27
-0.921494 -0.163310 0.352389 85.332993
75485 29 36 32
-0.928244 0.171498 -0.330078 108.327812
77789 29 36 33
-0.563505 0.207668 -0.799585 97.135330
64013 29 37 27
-0.841511 -0.314203 0.439472 79.438087
66317 29 37 28
-0.918084 -0.231138 0.322020 88.364449
75533 29 37 32
-0.886151 -0.171110 -0.430648 108.967979
77837 29 37 33
-0.301317 -0.028342 -0.953103 99.127777
66365 29 38 28
-0.821905 -0.375362 0.428457 81.349960
75581 29 38 32
-0.268495 -0.837848 -0.475312 104.846176
77885 29 38 33
0.155622 -0.360157 -0.919820 96.179947
77933 29 39 33
0.466629 -0.546505 -0.695406 88.641968
71117 29 41 30
-0.218313 -0.900264 0.376648 65.158600
73421 29 41 31
0.147411 -0.978038 0.147350 69.594833
71165 29 42 30
-0.102484 -0.941250 0.321785 49.450424
73469 29 42 31
0.192017 -0.973862 0.121338 53.268810
39678 30 10 17
-0.559803 0.823217 0.094519 29.959303
39726 30 11 17
-0.604112 0.777213 0.176034 43.630493
42030 30 11 18
-0.528975 0.844593 -0.082758 44.506351
44382 30 12 19
-0.445080 0.869693 -0.213397 61.281673
44430 30 13 19
-0.482358 0.866347 -0.129511 87.884659
46734 30 13 20
-0.382539 0.859632 -0.338670 79.695625
44478 30 14 19
-0.564941 0.824177 -0.039678 117.552658
46782 30 14 20
-0.463090 0.830013 -0.310847 110.832481
37614 30 15 16
-0.621421 0.228666 0.749365 92.481827
39918 30 15 17
-0.680384 0.350274 0.643728 116.621185
42222 30 15 18
-0.735277 0.520105 0.434579 135.173111
44526 30 15 19
-0.728547 0.680324 0.079867 143.794449
46830 30 15 20
-0.623641 0.723438 -0.296157 139.880890
49134 30 15 21
-0.505764 0.674842 -0.537393 123.992981
37662 30 16 16
-0.582719 -0.042471 0.811563 95.727463
39966 30 16 17
-0.661767 0.013837 0.749582 123.068909
42270 30 16 18
-0.789272 0.113512 0.603461 145.725967
44574 30 16 19
-0.928637 0.271587 0.252732 158.700058
46878 30 16 20
-0.879134 0.396706 -0.264099 158.441635
49182 30 16 21
-0.694662 0.411889 -0.589739 144.549393
37710 30 17 16
-0.497639 -0.276704 0.822065 89.961243
40014 30 17 17
-0.566037 -0.292059 0.770911 117.857941
42318 30 17 18
-0.689637 -0.310200 0.654352 142.199966
44622 30 17 19
-0.877185 -0.305058 0.370791 157.942978
46926 30 17 20
-0.968182 -0.203547 -0.145578 161.174026
49230 30 17 21
-0.829074 -0.045193 -0.557309 150.748215
51534 30 17 22
-0.681153 0.064282 -0.729314 128.964447
42366 30 18 18
-0.558027 -0.507956 0.656190 128.430328
44670 30 18 19
-0.707563 -0.580596 0.402819 144.772430
46974 30 18 20
-0.827166 -0.561462 -0.023599 150.274185
49278 30 18 21
-0.805064 -0.402424 -0.435806 143.508820
51582 30 18 22
-0.714716 -0.220025 -0.663905 125.933830
53886 30 18 23
-0.640485 -0.076680 -0.764133 101.466888
49422 30 21 21
-0.804967 0.267731 -0.529478 122.902344
51726 30 21 22
-0.659232 0.207729 -0.722676 112.452469
44862 30 22 19
-0.709687 0.461546 0.532278 130.357315
47166 30 22 20
-0.887813 0.442634 -0.125951 133.387833
49470 30 22 21
-0.741258 0.287546 -0.606510 127.799431
51774 30 22 22
-0.601930 0.195966 -0.774130 116.579895
58686 30 22 25
-0.666042 0.400908 -0.629016 79.692360
42606 30 23 18
-0.474302 -0.112956 0.873086 120.762886
44910 30 23 19
-0.849736 -0.178636 0.496023 133.104202
47214 30 23 20
-0.951719 -0.235073 -0.197412 135.257843
49518 30 23 21
-0.745022 -0.251311 -0.617888 128.445465
51822 30 23 22
-0.600164 -0.265592 -0.754496 116.351509
54126 30 23 23
-0.586890 -0.266867 -0.764423 103.237442
56430 30 23 24
-0.688257 -0.212905 -0.693523 91.842964
58734 30 23 25
-0.811127 -0.087676 -0.578261 82.599304
61038 30 23 26
-0.872868 0.049679 -0.485421 74.564667
63342 30 23 27
-0.890240 0.164387 -0.424793 66.900352
65646 30 23 28
-0.886638 0.266868 -0.377697 59.437492
40350 30 24 17
-0.224948 -0.487283 0.843774 92.671120
42654 30 24 18
-0.441743 -0.611992 0.655995 112.151596
44958 30 24 19
-0.636660 -0.712214 0.295659 123.716049
47262 30 24 20
-0.680562 -0.719542 -0.138182 125.394112
49566 30 24 21
-0.600659 -0.672915 -0.431734 118.331421
51870 30 24 22
-0.526135 -0.649226 -0.549261 106.384697
56478 30 24 24
-0.620590 -0.638870 -0.454657 84.219490
58782 30 24 25
-0.760599 -0.542343 -0.356866 77.057259
61086 30 24 26
-0.877129 -0.377466 -0.296925 71.426628
63390 30 24 27
-0.949592 -0.184916 -0.253144 66.462349
40398 30 25 17
-0.223075 -0.725083 0.651531 75.474007
42702 30 25 18
-0.372341 -0.807618 0.457291 91.960663
45006 30 25 19
-0.488204 -0.851028 0.193410 102.004845
47310 30 25 20
-0.532152 -0.842427 -0.084440 103.604996
49614 30 25 21
-0.515009 -0.805985 -0.291812 97.558594
72750 30 27 31
-0.941914 0.237338 -0.237632 70.312042
70494 30 28 30
-0.981744 0.068642 0.177390 74.533127
72798 30 28 31
-0.970561 0.113184 -0.212606 74.378540
70542 30 29 30
-0.976767 -0.059867 0.205772 74.621880
72846 30 29 31
-0.983472 -0.033596 -0.177918 75.227844
75150 30 29 32
-0.828748 0.020086 -0.559261 67.088013
70590 30 30 30
-0.969153 -0.143859 0.200118 72.272415
72894 30 30 31
-0.982177 -0.134438 -0.131354 73.346565
75198 30 30 32
-0.857208 -0.069032 -0.510323 66.455956
70638 30 31 30
-0.975488 -0.134279 0.174336 69.019478
72942 30 31 31
-0.987864 -0.130318 -0.084511 70.357033
75246 30 31 32
-0.897584 -0.072420 -0.434854 64.760284
77550 30 31 33
-0.729870 -0.006341 -0.683556 52.371845
75294 30 32 32
-0.935670 0.023510 -0.352093 64.079285
75342 30 33 32
-0.947551 0.165256 -0.273563 66.312462
61614 30 35 26
-0.921931 -0.039757 0.385308 55.358532
63918 30 35 27
-0.980903 0.012432 0.194097 62.472233
61662 30 36 26
-0.885298 -0.165091 0.434732 52.896023
63966 30 36 27
-0.959593 -0.099334 0.263276 61.410015
75486 30 36 32
-0.932785 0.350311 -0.084819 89.310143
75534 30 37 32
-0.960551 0.278045 -0.005706 95.920845
77838 30 37 33
-0.698680 0.354280 -0.621556 90.394165
75582 30 38 32
-0.990774 0.006849 0.135352 98.446609
77886 30 38 33
-0.519764 0.124088 -0.845250 94.356987
80190 30 38 34
-0.121919 0.130194 -0.983964 79.401207
75630 30 39 32
-0.618778 -0.708055 0.340253 95.900848
77934 30 39 33
0.043155 -0.431418 -0.901119 93.076820
77982 30 40 33
0.448606 -0.715258 -0.535872 86.445381
46831 31 15 20
-0.818423 0.536603 -0.205528 112.752670
49135 31 15 21
-0.715260 0.535468 -0.449085 99.822983
44575 31 16 19
-0.967235 0.185781 0.173036 127.818733
46879 31 16 20
-0.954235 0.248175 -0.166870 127.973534
49183 31 16 21
-0.846927 0.280303 -0.451824 115.970985
51487 31 16 22
-0.726244 0.290009 -0.623269 94.842361
44623 31 17 19
-0.961894 -0.146314 0.230980 128.391861
46927 31 17 20
-0.988702 -0.099634 -0.111991 130.582962
49231 31 17 21
-0.910149 -0.029783 -0.413210 120.675926
51535 31 17 22
-0.798019 0.038062 -0.601429 101.103020
44671 31 18 19
-0.901785 -0.343535 0.262237 119.452339
46975 31 18 20
-0.945972 -0.317956 -0.063566 122.766373
49279 31 18 21
-0.904618 -0.237650 -0.353821 115.319847
51583 31 18 22
-0.823926 -0.135826 -0.550180 98.899277
47167 31 22 20
-0.977136 0.189653 -0.096104 116.139877
49471 31 22 21
-0.930132 0.152780 -0.333935 110.841064
51775 31 22 22
-0.869186 0.139983 -0.474258 100.896507
40303 31 23 17
-0.552191 -0.138722 0.822095 91.445404
42607 31 23 18
-0.813749 -0.174330 0.554457 107.003799
44911 31 23 19
-0.960743 -0.192200 0.200081 115.521393
47215 31 23 20
-0.972724 -0.201423 -0.115055 116.337509
49519 31 23 21
-0.917734 -0.210632 -0.336747 110.469910
51823 31 23 22
-0.860059 -0.215816 -0.462301 100.312164
54127 31 23 23
-0.837283 -0.204739 -0.506990 88.704094
56431 31 23 24
-0.851417 -0.164503 -0.498024 77.669212
58735 31 23 25
-0.876439 -0.096158 -0.471813 67.792976
61039 31 23 26
-0.891875 -0.016085 -0.451995 58.731728
38047 31 24 16
-0.317040 -0.439674 0.840341 64.884018
40351 31 24 17
-0.516553 -0.527995 0.674088 83.256264
47263 31 24 20
-0.815384 -0.569545 -0.103771 105.417953
49567 31 24 21
-0.779717 -0.558269 -0.283509 99.543526
51871 31 24 22
-0.738460 -0.554848 -0.383171 89.859955
54175 31 24 23
-0.727898 -0.550986 -0.408141 79.297218
56479 31 24 24
-0.759061 -0.524883 -0.385129 69.828041
58783 31 24 25
-0.815413 -0.457957 -0.354087 61.857803
38095 31 25 16
-0.292593 -0.674093 0.678224 51.708241
40399 31 25 17
-0.436640 -0.741843 0.508935 66.433601
49615 31 25 21
-0.646135 -0.729859 -0.223195 79.304886
75583 31 38 32
-0.910399 0.299109 0.285845 84.420464
77887 31 38 33
-0.825598 0.445153 -0.346737 84.398544
80191 31 38 34
-0.474620 0.391937 -0.788113 73.367447
75631 31 39 32
-0.857023 0.034806 0.514102 87.531723
77935 31 39 33
-0.863408 0.211324 -0.458115 89.154045
80239 31 39 34
-0.282178 0.190021 -0.940355 78.963509
75679 31 40 32
-0.558020 -0.436265 0.705894 85.209969
77983 31 40 33
-0.454674 -0.722379 -0.521000 88.154442
80287 31 40 34
0.032048 -0.171776 -0.984615 79.320320
78031 31 41 33
0.220627 -0.962580 -0.157362 81.137878
80335 31 41 34
0.303005 -0.522727 -0.796834 73.982338
49184 32 16 21
-0.912019 0.205806 -0.354775 82.303879
44624 32 17 19
-0.985416 -0.057471 0.160164 92.600998
46928 32 17 20
-0.994273 -0.045018 -0.096928 93.775597
49232 32 17 21
-0.943194 -0.015411 -0.331885 85.684227
44672 32 18 19
-0.969956 -0.180503 0.163109 88.084946
46976 32 18 20
-0.979864 -0.180299 -0.085785 89.325974
42416 32 19 18
-0.909408 -0.077921 0.408540 75.416069
40208 32 21 17
-0.732134 0.299304 0.611880 70.514046
40256 32 22 17
-0.786979 0.155071 0.597174 75.831696
42560 32 22 18
-0.939664 0.134334 0.314621 86.180992
49472 32 22 21
-0.966656 0.092701 -0.238709 84.890038
38000 32 23 16
-0.608931 -0.135523 0.781560 61.151455
40304 32 23 17
-0.813876 -0.174217 0.554305 75.792168
47216 32 23 20
-0.978615 -0.175192 -0.107801 89.164940
49520 32 23 21
-0.958136 -0.170585 -0.229946 83.997620
51824 32 23 22
-0.934825 -0.164626 -0.314643 75.971039
38048 32 24 16
-0.582544 -0.449364 0.677285 54.870747
40352 32 24 17
-0.737666 -0.497350 0.456610 67.710915
49568 32 24 21
-0.867961 -0.451198 -0.207518 74.414307
38096 32 25 16
-0.509596 -0.665279 0.545633 43.020596
40400 32 25 17
-0.621589 -0.697848 0.355857 52.970497
77936 32 39 33
-0.911278 0.406347 -0.066745 77.226830
80240 32 39 34
-0.647636 0.402243 -0.647123 70.476051
77984 32 40 33
-0.995180 0.096709 0.016274 81.269951
80288 32 40 34
-0.573561 0.145184 -0.806194 75.377213
78032 32 41 33
-0.754185 -0.641054 0.142322 79.071167
80336 32 41 34
-0.350507 -0.358403 -0.865270 74.287125
78080 32 42 33
-0.217128 -0.964772 0.148559 70.403412
80384 32 42 34
-0.069761 -0.762403 -0.643331 66.769112
75824 32 43 32
-0.092118 -0.833006 0.545541 50.804043
78128 32 43 33
-0.003399 -0.993240 0.116025 56.617352
80432 32 43 34
0.064678 -0.902697 -0.425389 54.021347
42465 33 20 18
-0.964165 0.169012 0.204501 54.951969
40209 33 21 17
-0.885693 0.238866 0.398110 53.386810
42513 33 21 18
-0.967771 0.195105 0.159226 59.292908
40257 33 22 17
-0.926016 0.080813 0.368733 56.974136
42561 33 22 18
-0.988981 0.058931 0.135806 62.557838
78033 33 41 33
-0.976173 -0.110426 0.186797 68.515953
80337 33 41 34
-0.835812 -0.063215 -0.545364 65.711525
78081 33 42 33
-0.778123 -0.589320 0.217316 63.604317
80385 33 42 34
-0.672750 -0.534761 -0.511310 61.439281
82689 33 42 35
-0.421545 -0.346358 -0.838055 50.301472
78129 33 43 33
-0.485941 -0.855650 0.178111 52.848522
80433 33 43 34
-0.427281 -0.819316 -0.382299 51.238747
82737 33 43 35
-0.302726 -0.621716 -0.722375 42.096088
78177 33 44 33
-0.296541 -0.945939 0.131390 38.794510
80338 34 41 34
-0.946048 0.065163 -0.317406 50.667442
80386 34 42 34
-0.905098 -0.281731 -0.318474 48.942226
82690 34 42 35
-0.712907 -0.219919 -0.665882 40.449398
78130 34 43 33
-0.780452 -0.601819 0.169436 42.694695
80434 34 43 34
-0.752478 -0.596025 -0.280236 41.814896
