2.000000
64 64 64
5.696089 7.673460 6.716202
-58.303909 -56.326542 -57.283798
74.418824 2732.785414 624.776685
107799 23 20 26
0.677497 0.617403 0.399764 50.959808
111895 23 20 27
0.711952 0.702219 -0.003643 53.668343
115991 23 20 28
0.652759 0.630527 -0.419930 50.938816
120087 23 20 29
0.576980 0.509655 -0.638236 43.888905
107863 23 21 26
0.756563 0.429761 0.492868 57.685883
111959 23 21 27
0.837625 0.546130 -0.011212 60.693111
116055 23 21 28
0.717311 0.478018 -0.506916 57.576641
120151 23 21 29
0.601314 0.381113 -0.702264 49.760109
107927 23 22 26
0.799956 0.189887 0.569221 61.411034
112023 23 22 27
0.943532 0.329317 0.036024 65.103935
107991 23 23 26
0.790419 -0.038147 0.611377 62.302780
112087 23 23 27
0.983312 0.100687 0.151522 67.284492
108055 23 24 26
0.745001 -0.230685 0.625906 60.329609
112151 23 24 27
0.949385 -0.122982 0.289037 67.106567
112215 23 25 27
0.859122 -0.322611 0.397280 63.863342
136855 23 26 33
0.658306 0.475106 -0.583873 39.685276
136919 23 27 33
0.772442 0.395913 -0.496575 46.520889
141015 23 27 34
0.636386 0.467566 -0.613510 37.859795
136983 23 28 33
0.899248 0.234596 -0.369212 51.858879
141079 23 28 34
0.777098 0.339342 -0.530062 44.287376
141143 23 29 34
0.900836 0.129492 -0.414398 48.337009
145239 23 29 35
0.796224 0.208048 -0.568105 39.808086
145303 23 30 35
0.885747 -0.015413 -0.463912 41.459534
107800 24 20 26
0.678868 0.642640 0.355178 59.195507
111896 24 20 27
0.649740 0.756288 -0.076587 60.927246
115992 24 20 28
0.562214 0.651294 -0.509638 57.784824
120088 24 20 29
0.524979 0.503472 -0.686231 50.776588
107864 24 21 26
0.688592 0.515546 0.509954 65.135971
111960 24 21 27
0.651538 0.748487 -0.123554 67.031944
120152 24 21 29
0.443193 0.423883 -0.789875 56.098019
124248 24 21 30
0.504297 0.358794 -0.785463 46.639065
107928 24 22 26
0.629301 0.296913 0.718209 68.490005
112024 24 22 27
0.662926 0.747885 -0.034595 71.220177
124312 24 22 30
0.460759 0.380870 -0.801648 51.130325
128408 24 22 31
0.541809 0.361072 -0.758993 41.277901
107992 24 23 26
0.527045 0.011990 0.849753 69.690742
112088 24 23 27
0.754761 0.544603 0.365710 74.129494
108056 24 24 26
0.451215 -0.251929 0.856117 68.464027
112152 24 24 27
0.701535 -0.017026 0.712431 75.316978
116248 24 24 28
0.776817 0.504394 -0.377017 76.263588
132632 24 24 32
0.505272 0.489279 -0.710849 42.879646
108120 24 25 26
0.402041 -0.450043 0.797386 64.019905
112216 24 25 27
0.551216 -0.395000 0.734939 73.430634
116312 24 25 28
0.979553 -0.045203 0.196040 77.744820
120408 24 25 29
0.797006 0.373730 -0.474455 76.046165
132696 24 25 32
0.503015 0.535058 -0.678741 50.457470
136792 24 25 33
0.444467 0.528612 -0.723200 39.933571
112280 24 26 27
0.450475 -0.565595 0.690778 67.356094
116376 24 26 28
0.735640 -0.461059 0.496244 75.200485
120472 24 26 29
0.997826 -0.054539 -0.037002 77.664986
132760 24 26 32
0.566716 0.536511 -0.625291 58.957802
136856 24 26 33
0.465861 0.561216 -0.684112 48.377625
140952 24 26 34
0.378577 0.565657 -0.732606 37.210419
120536 24 27 29
0.838544 -0.424435 0.341613 74.713737
136920 24 27 33
0.563946 0.544472 -0.620898 57.635086
141016 24 27 34
0.447325 0.575623 -0.684514 46.486858
145240 24 29 35
0.669268 0.383498 -0.636404 52.877838
145304 24 30 35
0.829227 0.132739 -0.542921 57.896515
149400 24 30 36
0.750385 0.195577 -0.631405 46.325531
112153 25 24 27
-0.640600 0.126052 0.757458 75.586609
112217 25 25 27
-0.317460 -0.339795 0.885301 74.701157
116313 25 25 28
-0.688230 0.312089 0.654935 79.458054
120409 25 25 29
-0.139499 0.858003 -0.494339 79.206673
112281 25 26 27
-0.100294 -0.566620 0.817853 69.898239
116377 25 26 28
-0.172062 -0.463913 0.869011 78.395721
120473 25 26 29
0.015003 0.653539 0.756744 82.253822
116441 25 27 28
0.021647 -0.625318 0.780070 72.468559
120537 25 27 29
0.183784 -0.553851 0.812079 80.774826
124633 25 27 30
0.930150 0.316192 0.186666 84.063576
128729 25 27 31
0.530997 0.665402 -0.524674 82.070702
120601 25 28 29
0.205165 -0.632231 0.747122 74.230057
124697 25 28 30
0.516205 -0.497395 0.697231 82.500771
128793 25 28 31
0.976282 0.206711 0.064369 85.646301
124761 25 29 30
0.388482 -0.593480 0.704885 75.864983
128857 25 29 31
0.720107 -0.409474 0.560159 84.170700
132953 25 29 32
0.992468 0.122470 -0.002989 87.097870
128921 25 30 31
0.548988 -0.557097 0.623102 77.356430
133017 25 30 32
0.836147 -0.388970 0.386730 85.122643
137113 25 30 33
0.993474 -0.032551 -0.109314 86.993927
141209 25 30 34
0.842642 0.239820 -0.482121 82.549805
145305 25 30 35
0.699372 0.343458 -0.626829 72.845123
149401 25 30 36
0.635360 0.379727 -0.672403 60.091415
133081 25 31 32
0.685093 -0.551518 0.475894 77.394341
137177 25 31 33
0.890026 -0.422440 0.171457 83.258385
141273 25 31 34
0.954627 -0.194536 -0.225485 82.757172
95706 26 23 23
0.926327 -0.244810 0.286331 69.345032
116314 26 25 28
-0.901708 0.151644 0.404879 74.265404
116378 26 26 28
-0.701544 -0.233266 0.673367 73.818817
120474 26 26 29
-0.880434 0.207098 0.426551 78.763535
100058 26 27 24
0.546558 -0.819606 0.171816 39.165318
116442 26 27 28
-0.425006 -0.487628 0.762620 69.386406
120538 26 27 29
-0.607963 -0.290735 0.738820 78.169556
124634 26 27 30
-0.817683 0.303597 0.489105 83.039589
128730 26 27 31
-0.254700 0.902453 -0.347428 83.241776
100122 26 28 24
0.516669 -0.835194 0.188426 28.674898
120602 26 28 29
-0.312115 -0.510407 0.801292 73.207863
124698 26 28 30
-0.440467 -0.324341 0.837133 82.484238
128794 26 28 31
-0.561352 0.578416 0.591877 87.267464
124762 26 29 30
-0.161392 -0.513962 0.842494 77.473793
128858 26 29 31
-0.167287 -0.334147 0.927556 87.076103
132954 26 29 32
0.148055 0.851516 0.502992 91.574402
137050 26 29 33
0.267649 0.821165 -0.504036 90.003105
128922 26 30 31
0.035780 -0.526741 0.849272 82.057152
133018 26 30 32
0.236890 -0.400445 0.885171 91.403702
137114 26 30 33
0.881889 0.469259 0.045467 94.900574
141210 26 30 34
0.521338 0.613948 -0.592684 91.796295
149402 26 30 36
0.434904 0.583655 -0.685715 70.760185
153498 26 30 37
0.470893 0.577893 -0.666558 57.574070
133082 26 31 32
0.288492 -0.579351 0.762315 85.732368
137178 26 31 33
0.662135 -0.516455 0.543002 93.562439
141274 26 31 34
0.965252 -0.047626 -0.256945 94.900200
145370 26 31 35
0.749475 0.248141 -0.613770 89.618965
137242 26 32 33
0.567927 -0.631458 0.527939 86.392784
141338 26 32 34
0.841155 -0.526889 0.121843 91.180626
145434 26 32 35
0.909237 -0.242908 -0.338060 89.450958
141402 26 33 34
0.765818 -0.605189 0.217415 82.290321
145498 26 33 35
0.872479 -0.476133 -0.109896 83.188255
111771 27 18 27
0.470163 0.852446 -0.228655 70.901581
115867 27 18 28
0.406149 0.841027 -0.357375 66.329224
119963 27 18 29
0.377827 0.816646 -0.436275 60.503986
124059 27 18 30
0.377759 0.780727 -0.497758 53.544662
91355 27 19 22
0.491244 0.550072 0.675352 60.158970
95451 27 19 23
0.619018 0.597758 0.509414 74.905647
107739 27 19 26
0.794065 0.561320 -0.233194 85.922562
111835 27 19 27
0.729205 0.521854 -0.442639 81.232590
115931 27 19 28
0.657983 0.521595 -0.543136 75.461868
120027 27 19 29
0.621076 0.566356 -0.541761 69.620003
124123 27 19 30
0.590127 0.601961 -0.537953 63.420811
128219 27 19 31
0.540709 0.600403 -0.589194 55.711029
91419 27 20 22
0.588386 0.372825 0.717498 71.608009
95515 27 20 23
0.774419 0.365396 0.516489 86.349007
91483 27 21 22
0.680577 0.181311 0.709888 78.232483
95579 27 21 23
0.890538 0.077893 0.448190 91.062065
95643 27 22 23
0.935554 -0.176970 0.305648 90.064156
95707 27 23 23
0.924988 -0.354249 0.137495 85.433044
95771 27 24 23
0.877813 -0.478991 0.003563 78.648003
91739 27 25 22
0.840990 -0.446488 0.305588 67.790359
95835 27 25 23
0.809948 -0.583821 -0.056003 70.092369
95899 27 26 23
0.739481 -0.671532 -0.047042 59.717758
100059 27 27 24
0.603010 -0.790628 -0.106231 46.840908
132955 27 29 32
-0.696332 0.380932 0.608286 89.203491
133019 27 30 32
-0.481878 -0.177525 0.858067 89.606834
137115 27 30 33
-0.616700 0.608495 0.499415 94.954201
153499 27 30 37
0.237829 0.734950 -0.635048 64.461990
157595 27 30 38
0.313710 0.734138 -0.602185 53.019577
133083 27 31 32
-0.233933 -0.422674 0.875569 85.884438
137179 27 31 33
-0.276212 -0.319948 0.906278 95.175995
141275 27 31 34
-0.047443 0.995572 0.081152 98.630898
145371 27 31 35
0.252341 0.675716 -0.692627 95.608032
149467 27 31 36
0.317050 0.621956 -0.715996 87.439140
153563 27 31 37
0.389450 0.607853 -0.691985 76.557564
157659 27 31 38
0.463988 0.599281 -0.652363 65.094551
137243 27 32 33
0.024970 -0.560742 0.827614 90.583542
141339 27 32 34
0.350649 -0.650804 0.673423 97.533722
145435 27 32 35
0.878429 -0.083016 -0.470607 98.304703
149531 27 32 36
0.657155 0.247955 -0.711805 93.135429
137307 27 33 33
0.249359 -0.597462 0.762141 83.047157
141403 27 33 34
0.456835 -0.689127 0.562499 91.527176
145499 27 33 35
0.796798 -0.600932 0.063200 95.061340
149595 27 33 36
0.865706 -0.270351 -0.421264 92.783539
145563 27 34 35
0.758944 -0.631380 0.159258 87.489807
149659 27 34 36
0.855248 -0.487526 -0.175694 87.247185
166043 27 34 40
0.787037 -0.082981 -0.611299 56.454460
145627 27 35 35
0.798037 -0.590453 0.120427 77.983551
149723 27 35 36
0.839138 -0.537713 -0.081927 78.281830
166107 27 35 40
0.802390 -0.284638 -0.524549 53.471012
170203 27 35 41
0.710736 -0.218340 -0.668717 44.557716
174299 27 35 42
0.576144 -0.139025 -0.805438 34.351536
125211 27 36 30
0.694034 0.301785 0.653638 55.305290
129307 27 36 31
0.809769 0.389633 0.438703 63.919376
170267 27 36 41
0.721052 -0.373939 -0.583313 40.280972
174363 27 36 42
0.593730 -0.302213 -0.745756 31.463694
125275 27 37 30
0.712012 0.195600 0.674373 59.802429
129371 27 37 31
0.863584 0.304582 0.401812 69.275925
133467 27 37 32
0.947518 0.319603 -0.008016 72.213722
137563 27 37 33
0.943725 0.141840 -0.298772 69.951195
129435 27 38 31
0.902859 0.082025 0.422039 72.499863
133531 27 38 32
0.990051 0.129015 -0.056168 75.520134
137627 27 38 33
0.903672 0.075857 -0.421453 71.655685
133595 27 39 32
0.985249 -0.170137 -0.018362 75.229050
137691 27 39 33
0.902844 -0.117398 -0.413631 71.422729
141787 27 39 34
0.822315 -0.111602 -0.557981 62.827492
133659 27 40 32
0.897842 -0.437521 0.049547 69.865669
137755 27 40 33
0.885025 -0.348006 -0.309230 67.363441
141851 27 40 34
0.834499 -0.238828 -0.496561 59.750320
137819 27 41 33
0.838816 -0.518833 -0.164925 59.107361
141915 27 41 34
0.856375 -0.376655 -0.353203 53.994507
103580 28 18 25
0.288338 0.956221 0.050032 82.233925
107676 28 18 26
0.214713 0.958485 -0.187628 80.768723
111772 28 18 27
0.092347 0.931096 -0.352891 75.691452
115868 28 18 28
-0.022181 0.907445 -0.419585 69.295334
119964 28 18 29
-0.070202 0.899928 -0.430351 62.873894
124060 28 18 30
-0.044538 0.885330 -0.462825 56.255589
128156 28 18 31
0.009050 0.840166 -0.542254 48.427372
91356 28 19 22
0.265506 0.605986 0.749859 69.892860
95452 28 19 23
0.381004 0.707682 0.594998 87.349831
99548 28 19 24
0.509138 0.801324 0.314100 97.880104
103644 28 19 25
0.568634 0.817475 -0.091595 100.153244
107740 28 19 26
0.489218 0.736748 -0.466764 95.761795
111836 28 19 27
0.324769 0.663255 -0.674254 87.998222
115932 28 19 28
0.159357 0.689065 -0.706961 80.053871
120028 28 19 29
0.064577 0.790543 -0.608993 73.508560
124124 28 19 30
0.071986 0.835518 -0.544727 67.752014
128220 28 19 31
0.111560 0.791770 -0.600545 60.781013
95516 28 20 23
0.565158 0.476045 0.673779 100.812737
99612 28 20 24
0.858806 0.445675 0.252638 109.278351
103708 28 20 25
0.899643 0.233040 -0.369236 108.482635
124188 28 20 30
0.439839 0.673777 -0.593773 74.389526
128284 28 20 31
0.339361 0.698881 -0.629602 69.704185
132380 28 20 32
0.270781 0.622823 -0.734009 61.346199
95580 28 21 23
0.768380 0.091872 0.633365 106.091713
99676 28 21 24
0.972152 -0.233444 -0.020625 110.745651
128348 28 21 31
0.747031 0.457213 -0.482598 74.659424
132444 28 21 32
0.483999 0.495061 -0.721567 68.796059
95644 28 22 23
0.874675 -0.309966 0.372646 104.494377
99740 28 22 24
0.752272 -0.591860 -0.289464 104.602783
132508 28 22 32
0.731780 0.323148 -0.600061 73.343254
95708 28 23 23
0.845926 -0.533105 0.014461 98.811798
132572 28 23 32
0.903038 0.166790 -0.395859 75.686348
136668 28 23 33
0.629994 0.247841 -0.735990 68.460594
95772 28 24 23
0.763339 -0.603123 -0.231422 91.166023
91740 28 25 22
0.807560 -0.537191 0.243460 82.650414
95836 28 25 23
0.704183 -0.644220 -0.298507 82.181488
95900 28 26 23
0.675813 -0.698379 -0.235676 71.615906
157596 28 30 38
0.054872 0.832442 -0.551389 56.335857
141276 28 31 34
-0.807192 0.462095 0.367299 96.117950
153564 28 31 37
-0.011769 0.771365 -0.636284 79.588898
157660 28 31 38
0.104019 0.779006 -0.618328 69.939377
161756 28 31 39
0.209829 0.755718 -0.620373 60.237595
141340 28 32 34
-0.513550 -0.246843 0.821787 96.413681
145436 28 32 35
-0.786374 0.607206 -0.113654 99.050980
149532 28 32 36
-0.111257 0.681282 -0.723517 96.034409
157724 28 32 38
0.233123 0.621025 -0.748319 80.041870
161820 28 32 39
0.332534 0.578331 -0.744953 70.270386
165916 28 32 40
0.368864 0.518284 -0.771570 59.584133
141404 28 33 34
-0.143416 -0.502347 0.852689 93.103760
145500 28 33 35
-0.028538 -0.669095 0.742629 98.619965
149596 28 33 36
0.506721 0.038286 -0.861260 98.611115
161884 28 33 39
0.486317 0.263028 -0.833254 75.800659
165980 28 33 40
0.460919 0.247105 -0.852346 65.047585
125084 28 34 30
0.539352 0.312831 0.781816 54.364826
145564 28 34 35
0.390778 -0.710041 0.585776 94.356522
149660 28 34 36
0.772614 -0.629333 -0.083716 96.502670
153756 28 34 37
0.750234 -0.270687 -0.603223 93.363319
166044 28 34 40
0.535655 -0.043540 -0.843314 66.356781
125148 28 35 30
0.576743 0.444071 0.685689 59.185123
129244 28 35 31
0.581794 0.565399 0.584671 66.646149
145628 28 35 35
0.598570 -0.670866 0.437781 87.762917
149724 28 35 36
0.769287 -0.635687 0.064023 90.649635
153820 28 35 37
0.816300 -0.482334 -0.317818 88.932648
170204 28 35 41
0.472155 -0.203998 -0.857587 53.028038
125212 28 36 30
0.585832 0.421841 0.691991 65.568306
129308 28 36 31
0.645382 0.629288 0.432988 73.349823
170268 28 36 41
0.531545 -0.342128 -0.774860 49.156029
174364 28 36 42
0.389703 -0.274518 -0.879074 37.852356
125276 28 37 30
0.589029 0.280551 0.757850 71.314339
129372 28 37 31
0.727543 0.523821 0.443049 80.288689
133468 28 37 32
0.762108 0.634358 -0.129545 82.059952
170332 28 37 41
0.599900 -0.401385 -0.692105 43.836643
174428 28 37 42
0.448485 -0.356409 -0.819655 33.672451
133532 28 38 32
0.903521 0.370561 -0.215255 86.795738
137628 28 38 33
0.725282 0.241120 -0.644847 82.205620
133596 28 39 32
0.979370 -0.164356 -0.117563 87.809578
137692 28 39 33
0.768536 -0.043797 -0.638306 83.353127
141788 28 39 34
0.724567 -0.056359 -0.686896 74.910805
133660 28 40 32
0.816214 -0.574856 0.057753 83.440201
137756 28 40 33
0.808507 -0.383940 -0.445989 80.717743
141852 28 40 34
0.772215 -0.200066 -0.603041 73.198425
133724 28 41 32
0.676014 -0.716693 0.171337 73.655777
137820 28 41 33
0.785468 -0.592844 -0.177696 73.582733
141916 28 41 34
0.845424 -0.363002 -0.391775 68.908318
146012 28 41 35
0.894927 -0.160096 -0.416502 62.231323
103581 29 18 25
-0.033280 0.999208 -0.021825 85.071251
107677 29 18 26
-0.123049 0.953004 -0.276843 81.473686
99549 29 19 24
0.099001 0.939090 0.329103 104.088364
103645 29 19 25
0.084729 0.979748 -0.181426 105.674889
107741 29 19 26
-0.018864 0.821583 -0.569777 99.172997
124125 29 19 30
-0.491239 0.770886 -0.405487 64.647675
128221 29 19 31
-0.409069 0.778577 -0.475900 58.334759
95517 29 20 23
0.142539 0.575916 0.804986 107.789688
99613 29 20 24
0.383860 0.815512 0.433118 117.289886
103709 29 20 25
0.445459 0.548038 -0.707969 116.163315
107805 29 20 26
0.210426 0.207615 -0.955310 107.177032
124189 29 20 30
-0.567909 0.708326 -0.419229 73.222168
128285 29 20 31
-0.447259 0.749417 -0.488194 68.786606
132381 29 20 32
-0.297683 0.694786 -0.654720 61.073738
95581 29 21 23
0.296096 0.155247 0.942457 113.853134
99677 29 21 24
0.808006 -0.588990 0.014735 119.265182
103773 29 21 25
0.420960 -0.564498 -0.710024 114.884766
128349 29 21 31
-0.479293 0.756768 -0.444500 75.701218
132445 29 21 32
-0.260802 0.666886 -0.698030 70.259682
136541 29 21 33
-0.138148 0.561166 -0.816093 59.283813
95645 29 22 23
0.498472 -0.564045 0.658315 112.315742
99741 29 22 24
0.361118 -0.849093 -0.385532 112.341949
128413 29 22 31
-0.425139 0.905008 0.014732 79.272919
132509 29 22 32
-0.135481 0.667668 -0.732028 76.713333
136605 29 22 33
-0.042962 0.510495 -0.858807 67.630287
95709 29 23 23
0.490804 -0.862307 -0.124653 106.427010
116189 29 23 28
0.349336 -0.929015 -0.122047 71.913155
132573 29 23 32
0.257704 0.692643 -0.673672 80.690590
136669 29 23 33
0.120314 0.449547 -0.885117 73.997803
140765 29 23 34
0.090649 0.372860 -0.923449 60.143108
91677 29 24 22
0.693773 -0.502962 0.515469 99.419640
95773 29 24 23
0.426673 -0.752082 -0.502317 98.848183
116253 29 24 28
0.299573 -0.910151 0.286148 66.035904
120349 29 24 29
0.225835 -0.593921 0.772176 69.006096
132637 29 24 32
0.899493 0.425026 -0.101321 82.759872
136733 29 24 33
0.351127 0.363881 -0.862729 78.451355
140829 29 24 34
0.208825 0.306454 -0.928697 66.068558
91741 29 25 22
0.652737 -0.733426 0.189791 93.132652
95837 29 25 23
0.450781 -0.705156 -0.547314 90.497520
116317 29 25 28
0.239692 -0.658139 0.713723 62.299236
120413 29 25 29
0.089980 -0.368181 0.925390 66.339592
132701 29 25 32
0.909622 0.093036 0.404885 83.567978
136797 29 25 33
0.583822 0.268456 -0.766213 81.332718
140893 29 25 34
0.325579 0.250540 -0.911717 70.622391
87709 29 26 21
0.486640 -0.650958 0.582611 76.732056
91805 29 26 22
0.557825 -0.819016 0.134331 83.060555
95901 29 26 23
0.524873 -0.748582 -0.405134 80.994385
116381 29 26 28
0.366811 -0.340842 0.865607 60.448673
120477 29 26 29
0.023423 -0.245636 0.969079 64.725464
132765 29 26 32
0.748133 -0.016520 0.663343 83.688606
136861 29 26 33
0.744399 0.219404 -0.630660 83.213463
140957 29 26 34
0.410219 0.234021 -0.881450 74.280930
87773 29 27 21
0.415500 -0.766642 0.489509 63.063080
91869 29 27 22
0.492533 -0.850506 0.184527 69.584496
95965 29 27 23
0.573677 -0.800994 -0.171182 69.697464
141021 29 27 34
0.439023 0.281110 -0.853368 77.777107
91933 29 28 22
0.448824 -0.858631 0.247608 54.061264
96029 29 28 23
0.569118 -0.821451 0.036370 56.561401
157661 29 31 38
-0.209064 0.821556 -0.530414 68.905746
161757 29 31 39
-0.106609 0.830312 -0.547007 60.903816
165853 29 31 40
-0.007313 0.776749 -0.629768 52.127071
169949 29 31 41
0.056560 0.679774 -0.731237 41.837688
116765 29 32 28
0.800788 -0.203705 0.563243 44.204388
120861 29 32 29
0.743947 -0.104731 0.659980 49.998089
157725 29 32 38
-0.262984 0.730694 -0.630020 79.621193
161821 29 32 39
-0.123814 0.705676 -0.697632 71.560600
165917 29 32 40
-0.003172 0.614120 -0.789206 62.140835
170013 29 32 41
0.061338 0.501292 -0.863101 50.679409
120925 29 33 29
0.721504 0.132956 0.679526 50.195232
161885 29 33 39
-0.078841 0.449126 -0.889983 78.172531
165981 29 33 40
0.023248 0.341389 -0.939634 68.153336
170077 29 33 41
0.065810 0.263596 -0.962386 56.083340
125085 29 34 30
0.592962 0.500165 0.631056 60.194939
149661 29 34 36
-0.839758 -0.338360 0.424641 98.040710
153757 29 34 37
-0.164874 0.264982 -0.950053 96.192566
125149 29 35 30
0.561558 0.571238 0.598614 66.336502
149725 29 35 36
0.431757 -0.734677 0.523293 95.952950
153821 29 35 37
0.650991 -0.437403 -0.620395 95.725342
157917 29 35 38
0.443776 -0.142745 -0.884696 90.243202
149789 29 36 36
0.660000 -0.660382 0.358183 91.222534
153885 29 36 37
0.806932 -0.557663 -0.194610 92.022888
157981 29 36 38
0.711374 -0.359223 -0.604074 87.538315
153949 29 37 37
0.838279 -0.539132 -0.081395 85.646828
158045 29 37 38
0.814978 -0.428311 -0.390334 82.150177
170333 29 37 41
0.419829 -0.281971 -0.862691 51.168304
174429 29 37 42
0.275644 -0.264540 -0.924142 38.419006
170397 29 38 41
0.524173 -0.280887 -0.803956 46.895412
174493 29 38 42
0.361729 -0.275976 -0.890500 34.664841
129501 29 39 31
0.311760 -0.378554 0.871494 90.790558
170461 29 39 41
0.590254 -0.224624 -0.775335 42.993450
174557 29 39 42
0.419354 -0.234776 -0.876939 31.189556
125469 29 40 30
0.160875 -0.499057 0.851505 72.986893
129565 29 40 31
0.196030 -0.685570 0.701118 85.192375
170525 29 40 41
0.608561 -0.132732 -0.782327 40.293133
125533 29 41 30
0.143553 -0.636682 0.757647 62.053413
129629 29 41 31
0.197160 -0.769967 0.606860 74.608627
141917 29 41 34
0.831651 -0.326125 -0.449444 79.585083
146013 29 41 35
0.915095 -0.031089 -0.402039 74.984093
170589 29 41 41
0.577253 -0.067065 -0.813807 38.891857
125597 29 42 30
0.162627 -0.710792 0.684344 48.795822
129693 29 42 31
0.242685 -0.784721 0.570365 60.823814
146077 29 42 35
0.982274 -0.123774 -0.140775 74.095901
166557 29 42 40
0.701613 -0.038474 -0.711518 50.023415
162525 29 43 39
0.806522 -0.157265 -0.569903 58.972080
166621 29 43 40
0.621218 -0.208107 -0.755500 48.218666
158493 29 44 38
0.835507 -0.410653 -0.365092 62.112022
162589 29 44 39
0.688034 -0.439044 -0.577796 54.041077
166685 29 44 40
0.523824 -0.434582 -0.732630 42.975460
99550 30 19 24
-0.272481 0.914814 0.298111 101.977654
103646 30 19 25
-0.317836 0.927357 -0.197456 103.123421
95518 30 20 23
-0.276744 0.567807 0.775247 106.200737
99614 30 20 24
-0.462888 0.782383 0.416666 116.370644
103710 30 20 25
-0.474278 0.648491 -0.595416 115.569969
107806 30 20 26
-0.329270 0.361036 -0.872488 106.023872
128286 30 20 31
-0.722532 0.602999 -0.338140 59.935905
95582 30 21 23
-0.391644 0.188828 0.900533 112.933197
99678 30 21 24
-0.833297 -0.503618 0.228004 119.260918
103774 30 21 25
-0.301743 -0.558797 -0.772462 115.815987
107870 30 21 26
-0.161402 -0.407535 -0.898813 105.666801
111966 30 21 27
-0.194144 -0.260428 -0.945772 93.206284
132446 30 21 32
-0.665872 0.577907 -0.471845 63.096363
136542 30 21 33
-0.511842 0.554083 -0.656513 53.220940
95646 30 22 23
-0.552954 -0.482971 0.678955 111.966660
99742 30 22 24
-0.307552 -0.897815 -0.315183 112.710083
107934 30 22 26
-0.018808 -0.759252 -0.650525 96.499359
112030 30 22 27
-0.005458 -0.706627 -0.707565 86.780319
116126 30 22 28
-0.153750 -0.641793 -0.751307 79.431892
132510 30 22 32
-0.700194 0.566996 -0.433870 71.422020
136606 30 22 33
-0.503789 0.534854 -0.678327 62.842556
95710 30 23 23
-0.465721 -0.866889 -0.177783 106.647247
116190 30 23 28
0.108295 -0.949609 -0.294136 73.601288
120286 30 23 29
-0.270650 -0.912349 0.307192 73.181984
132574 30 23 32
-0.732243 0.590113 -0.339980 77.752266
136670 30 23 33
-0.470714 0.527156 -0.707485 71.177986
140766 30 23 34
-0.306611 0.447251 -0.840212 57.963379
91678 30 24 22
-0.375153 -0.689052 0.620054 101.625870
95774 30 24 23
-0.251417 -0.732475 -0.632668 99.903740
116254 30 24 28
0.336073 -0.928670 0.156932 67.817848
120350 30 24 29
0.136186 -0.656232 0.742168 69.983292
132638 30 24 32
-0.756763 0.649526 -0.073654 82.098183
136734 30 24 33
-0.402555 0.523816 -0.750711 77.872864
140830 30 24 34
-0.231728 0.408802 -0.882713 65.757301
79454 30 25 19
0.115985 -0.136748 0.983792 56.110226
83550 30 25 20
0.090782 -0.235440 0.967640 75.860359
87646 30 25 21
0.029487 -0.486948 0.872933 90.627289
91742 30 25 22
-0.109751 -0.986686 0.120020 96.455742
95838 30 25 23
-0.086571 -0.696130 -0.712677 92.916031
120414 30 25 29
0.311700 -0.374923 0.873084 67.457497
132702 30 25 32
-0.537827 0.520687 0.663044 84.585693
136798 30 25 33
-0.282449 0.517178 -0.807929 82.737350
140894 30 25 34
-0.133738 0.363253 -0.922042 72.199142
79518 30 26 19
0.094896 -0.409629 0.907303 50.371906
83614 30 26 20
0.077018 -0.541966 0.836864 68.192886
87710 30 26 21
0.051652 -0.757882 0.650344 81.697372
91806 30 26 22
0.042099 -0.989164 0.140650 87.496101
95902 30 26 23
0.111713 -0.832695 -0.542346 85.302162
120478 30 26 29
0.495223 -0.177808 0.850376 66.117851
132766 30 26 32
-0.055480 0.040685 0.997631 85.456787
136862 30 26 33
-0.081844 0.511114 -0.855607 85.852829
140958 30 26 34
-0.025765 0.323197 -0.945981 77.258888
87774 30 27 21
0.069137 -0.834651 0.546423 67.985695
91870 30 27 22
0.125587 -0.956603 0.262944 74.980354
95966 30 27 23
0.299118 -0.944508 -0.135769 75.976997
120542 30 27 29
0.741035 -0.154841 0.653369 65.426552
136926 30 27 33
0.308401 0.564030 -0.766002 87.563866
141022 30 27 34
0.070829 0.310643 -0.947884 81.243874
87838 30 28 21
0.089739 -0.854251 0.512057 51.906910
91934 30 28 22
0.173964 -0.918574 0.354907 59.925213
96030 30 28 23
0.359556 -0.915973 0.178079 64.165222
136990 30 28 33
0.684986 0.249000 0.684685 88.285942
141086 30 28 34
0.138216 0.343006 -0.929109 84.569672
141150 30 29 34
0.169455 0.429028 -0.887254 87.416428
116702 30 31 28
0.937110 -0.295132 0.186340 56.741779
120798 30 31 29
0.960740 -0.218436 0.171067 58.151661
169950 30 31 41
-0.097581 0.693321 -0.713992 41.358719
116766 30 32 28
0.895967 -0.207885 0.392462 53.859936
120862 30 32 29
0.951573 -0.007370 0.307334 57.223129
165918 30 32 40
-0.205975 0.638284 -0.741733 60.500290
170014 30 32 41
-0.132127 0.508664 -0.850766 49.976109
174110 30 32 42
-0.091575 0.406610 -0.909001 37.476589
120926 30 33 29
0.865867 0.200493 0.458341 58.196739
170078 30 33 41
-0.154592 0.275500 -0.948789 55.267658
174174 30 33 42
-0.107535 0.218315 -0.969935 41.918945
170142 30 34 41
-0.132650 0.090200 -0.987050 57.576366
149726 30 35 36
-0.527695 -0.073311 0.846264 95.806015
153822 30 35 37
-0.544592 0.496070 -0.676265 96.043701
149790 30 36 36
0.229757 -0.462136 0.856529 94.496346
153886 30 36 37
0.835967 -0.420547 -0.352562 96.510666
157982 30 36 38
0.349851 0.055676 -0.935150 92.764153
153950 30 37 37
0.850732 -0.517336 0.092831 94.242317
158046 30 37 38
0.757697 -0.249567 -0.603002 91.815598
125342 30 38 30
-0.044895 -0.153350 0.987152 84.026215
129438 30 38 31
-0.650736 0.134265 0.747339 91.144386
154014 30 38 37
0.872062 -0.474812 0.118581 89.761429
158110 30 38 38
0.873497 -0.345698 -0.342775 88.372673
125406 30 39 30
-0.207727 -0.401059 0.892189 80.076202
129502 30 39 31
-0.585051 -0.480872 0.653053 89.478661
125470 30 40 30
-0.246108 -0.534223 0.808726 72.179008
129566 30 40 31
-0.435515 -0.637030 0.636019 83.526657
125534 30 41 30
-0.214004 -0.615979 0.758138 61.336391
129630 30 41 31
-0.279065 -0.701494 0.655766 73.931503
141918 30 41 34
0.822215 -0.158766 -0.546586 84.313774
146014 30 41 35
0.927950 0.283372 -0.242095 82.882423
150110 30 41 36
0.974881 0.209967 -0.074301 81.864754
125598 30 42 30
-0.139320 -0.664640 0.734060 49.021500
129694 30 42 31
-0.116696 -0.718103 0.686083 62.033108
141982 30 42 34
0.824338 -0.402585 0.397986 83.092545
146078 30 42 35
0.991573 0.118457 0.052457 84.284180
166558 30 42 40
0.531936 -0.128596 -0.836963 60.013870
158430 30 43 38
0.807825 -0.194373 -0.556451 78.947990
162526 30 43 39
0.589997 -0.268340 -0.761510 69.852592
166622 30 43 40
0.409935 -0.285411 -0.866310 56.656456
154398 30 44 37
0.787451 -0.538699 -0.299540 79.937485
158494 30 44 38
0.608290 -0.554322 -0.568076 73.821449
162590 30 44 39
0.430561 -0.529967 -0.730584 63.488514
166686 30 44 40
0.305253 -0.483454 -0.820422 49.951118
150366 30 45 36
0.655705 -0.754812 0.017576 71.742020
154462 30 45 37
0.576724 -0.773403 -0.263131 69.583771
158558 30 45 38
0.448465 -0.750045 -0.486118 62.829224
154526 30 46 37
0.467201 -0.854128 -0.228450 54.112526
99615 31 20 24
-0.728529 0.602576 0.325802 107.899307
103711 31 20 25
-0.750048 0.548021 -0.370271 107.627571
107807 31 20 26
-0.571949 0.421450 -0.703742 98.416145
99679 31 21 24
-0.968109 -0.127301 0.215775 111.704567
103775 31 21 25
-0.786819 -0.307565 -0.535088 109.620735
107871 31 21 26
-0.545598 -0.203543 -0.812953 100.579086
111967 31 21 27
-0.485787 -0.016387 -0.873924 88.250397
95647 31 22 23
-0.844613 -0.235666 0.480718 104.559578
107935 31 22 26
-0.324883 -0.692045 -0.644612 93.905449
112031 31 22 27
-0.318637 -0.535900 -0.781845 84.781937
116127 31 22 28
-0.485222 -0.214903 -0.847571 76.627441
91615 31 23 22
-0.791427 0.047484 0.609416 97.152939
95711 31 23 23
-0.854069 -0.517123 -0.056125 100.268639
116191 31 23 28
-0.130935 -0.786194 -0.603950 73.487396
83487 31 24 20
-0.314719 0.127219 0.940621 74.501968
87583 31 24 21
-0.580128 0.027310 0.814068 89.293854
91679 31 24 22
-0.924929 -0.281245 0.255751 96.118919
95775 31 24 23
-0.715017 -0.532991 -0.452406 94.636314
79455 31 25 19
-0.214230 -0.160987 0.963426 55.147640
83551 31 25 20
-0.350792 -0.250705 0.902271 73.433365
87647 31 25 21
-0.590921 -0.417137 0.690514 86.646942
91743 31 25 22
-0.802527 -0.591430 0.078490 91.736473
79519 31 26 19
-0.222598 -0.430489 0.874716 49.086578
83615 31 26 20
-0.324514 -0.539270 0.777096 65.704483
87711 31 26 21
-0.466848 -0.674115 0.572383 78.179955
91807 31 26 22
-0.605354 -0.775832 0.177854 83.909576
140959 31 26 34
-0.409125 0.384571 -0.827480 73.692749
104159 31 27 25
0.893688 0.144547 -0.424768 74.227715
108255 31 27 26
0.860952 0.453838 -0.229766 72.704575
136927 31 27 33
-0.824047 0.412017 -0.388831 85.640129
141023 31 27 34
-0.385993 0.371134 -0.844553 79.083435
91935 31 28 22
-0.222989 -0.855194 0.467887 59.569790
96031 31 28 23
-0.116754 -0.899118 0.421847 66.067535
100127 31 28 24
0.216887 -0.877461 0.427811 70.399689
104223 31 28 25
0.806629 -0.487376 0.334386 73.182594
108319 31 28 26
0.998875 0.006590 0.046960 74.437080
112415 31 28 27
0.961497 0.174935 -0.211945 73.740082
116511 31 28 28
0.916394 0.139317 -0.375251 71.345741
120607 31 28 29
0.967504 -0.101572 -0.231558 69.150864
136991 31 28 33
-0.924907 0.307470 0.223629 87.216751
141087 31 28 34
-0.361451 0.401105 -0.841706 83.462914
145183 31 28 35
-0.188842 0.385186 -0.903311 71.252777
100191 31 29 24
0.249300 -0.808267 0.533436 61.248154
104287 31 29 25
0.559480 -0.661516 0.499379 67.825523
108383 31 29 26
0.852890 -0.427710 0.299405 72.319504
137055 31 29 33
-0.463916 0.086893 0.881607 87.907639
141151 31 29 34
-0.308641 0.487773 -0.816590 87.075493
145247 31 29 35
-0.128762 0.433192 -0.892057 77.657341
137119 31 30 33
-0.023515 -0.057808 0.998051 87.918472
141215 31 30 34
-0.124246 0.664355 -0.737017 89.795044
145311 31 30 35
-0.056163 0.473112 -0.879210 83.443665
112607 31 31 27
0.811356 -0.457428 0.363952 64.683479
116703 31 31 28
0.961099 -0.276085 0.008061 66.983986
137183 31 31 33
0.230200 -0.138118 0.963292 87.218811
141279 31 31 34
0.812269 0.532661 0.237678 91.256210
145375 31 31 35
0.033446 0.483676 -0.874608 87.921661
112671 31 32 27
0.733547 -0.394433 0.553472 58.723206
116767 31 32 28
0.936987 -0.193818 0.290672 64.392532
141343 31 32 34
0.668819 -0.185713 0.719855 91.277191
170143 31 34 41
-0.135451 0.127368 -0.982563 55.560490
174239 31 34 42
-0.141706 0.091841 -0.985639 41.997993
174303 31 35 42
-0.098816 0.037958 -0.994382 42.850693
178399 31 35 43
-0.107752 0.023648 -0.993897 29.146095
125215 31 36 30
0.479705 0.374221 0.793626 83.885277
129311 31 36 31
0.504691 0.851435 -0.142639 85.870064
153887 31 36 37
-0.470813 0.867817 -0.158838 96.470154
157983 31 36 38
-0.118365 0.555992 -0.822717 93.322891
174367 31 36 42
-0.011831 0.015745 -0.999806 43.229645
178463 31 36 43
-0.038946 -0.020316 -0.999035 29.158392
125279 31 37 30
-0.159334 -0.193323 0.968111 84.415573
129375 31 37 31
-0.973728 0.220899 0.055301 87.925186
153951 31 37 37
0.678095 0.060953 0.732442 97.785851
158047 31 37 38
0.422305 0.340948 -0.839889 96.363037
174431 31 37 42
0.100818 -0.013656 -0.994811 43.264126
125343 31 38 30
-0.444529 -0.435718 0.782652 80.965057
129439 31 38 31
-0.867443 -0.407185 0.285907 86.685463
154015 31 38 37
0.781349 -0.337452 0.524995 96.763000
158111 31 38 38
0.880277 -0.106001 -0.462468 96.939400
162207 31 38 39
0.557688 0.032473 -0.829415 90.045998
125407 31 39 30
-0.515744 -0.499108 0.696347 74.053108
129503 31 39 31
-0.775398 -0.487532 0.401335 82.231140
154079 31 39 37
0.839063 -0.339075 0.425442 94.115585
158175 31 39 38
0.941576 -0.260044 -0.214037 95.168900
162271 31 39 39
0.719872 -0.119424 -0.683756 89.339951
141919 31 41 34
-0.586978 0.387849 0.710655 83.995377
133791 31 42 32
-0.396917 -0.494526 0.773240 69.220467
137887 31 42 33
-0.349628 -0.350306 0.868934 78.582275
141983 31 42 34
-0.101271 0.065877 0.992675 84.899300
133855 31 43 32
-0.144189 -0.503744 0.851734 61.756355
137951 31 43 33
-0.022146 -0.427956 0.903528 74.393852
142047 31 43 34
0.200485 -0.291239 0.935407 84.022835
162527 31 43 39
0.391967 -0.415910 -0.820598 76.902260
133919 31 44 32
0.029633 -0.532587 0.845856 53.034195
138015 31 44 33
0.146396 -0.525729 0.837960 67.505806
142111 31 44 34
0.304851 -0.550824 0.776955 79.416115
150303 31 44 36
0.632595 -0.774476 0.003157 89.476189
154399 31 44 37
0.464814 -0.733764 -0.495518 87.111214
158495 31 44 38
0.312810 -0.655858 -0.687023 80.138626
162591 31 44 39
0.240513 -0.588101 -0.772199 68.888435
138079 31 45 33
0.218123 -0.632417 0.743284 57.310013
142175 31 45 34
0.322534 -0.715306 0.619927 69.737640
146271 31 45 35
0.417154 -0.832813 0.363875 77.835815
150367 31 45 36
0.428935 -0.902641 -0.035406 80.280495
154463 31 45 37
0.341202 -0.856742 -0.386749 77.014877
158559 31 45 38
0.250352 -0.773234 -0.582608 68.859856
142239 31 46 34
0.316512 -0.807542 0.497691 55.553532
146335 31 46 35
0.374335 -0.889284 0.262771 63.003956
150431 31 46 36
0.384814 -0.922276 -0.036401 65.166260
154527 31 46 37
0.342246 -0.886944 -0.310159 61.810249
103648 32 19 25
-0.579588 0.793858 -0.184031 81.932510
99616 32 20 24
-0.788051 0.541672 0.292517 95.163254
103712 32 20 25
-0.802862 0.529062 -0.274785 95.341972
107808 32 20 26
-0.642190 0.468842 -0.606448 86.975960
103776 32 21 25
-0.925482 -0.078010 -0.370673 99.103455
107872 32 21 26
-0.699853 0.021900 -0.713951 91.523987
111968 32 21 27
-0.567579 0.204292 -0.797570 80.076958
107936 32 22 26
-0.522604 -0.526092 -0.670904 88.466743
112032 32 22 27
-0.460311 -0.204470 -0.863890 80.442726
116128 32 22 28
-0.464795 0.245708 -0.850643 72.127251
91616 32 23 22
-0.859985 0.051621 0.507702 86.246796
116192 32 23 28
0.094417 -0.012114 -0.995459 73.105667
120288 32 23 29
-0.180848 0.744535 -0.642621 69.581596
83488 32 24 20
-0.589633 0.076815 0.804010 65.580109
87584 32 24 21
-0.785892 -0.014530 0.618193 78.584175
91680 32 24 22
-0.943877 -0.205488 0.258594 85.289955
95776 32 24 23
-0.869167 -0.459185 -0.183569 85.755959
79456 32 25 19
-0.483083 -0.183120 0.856212 48.079338
83552 32 25 20
-0.627075 -0.251126 0.737369 63.859421
87648 32 25 21
-0.790019 -0.339021 0.510818 75.539383
104160 32 27 25
-0.448161 0.482240 0.752726 75.169403
108256 32 27 26
0.534385 0.826223 0.178293 76.551949
112352 32 27 27
0.767272 0.624683 -0.145134 76.504883
96032 32 28 23
-0.517977 -0.645047 0.561795 61.466553
100128 32 28 24
-0.446936 -0.556752 0.700196 68.946526
104224 32 28 25
-0.182259 -0.316382 0.930959 75.111336
108320 32 28 26
0.603578 0.324448 0.728304 78.985352
112416 32 28 27
0.836673 0.475098 -0.272508 79.521095
116512 32 28 28
0.749995 0.241868 -0.615636 76.908524
120608 32 28 29
0.786694 -0.103961 -0.608527 73.355217
141088 32 28 34
-0.605522 0.443663 -0.660686 77.683647
100192 32 29 24
-0.186014 -0.655127 0.732262 61.553879
104288 32 29 25
0.029411 -0.578591 0.815088 71.167358
108384 32 29 26
0.459321 -0.462540 0.758341 78.074165
112480 32 29 27
0.988020 -0.133929 -0.076679 80.346352
116576 32 29 28
0.736847 0.033624 -0.675222 77.751328
120672 32 29 29
0.644170 -0.057624 -0.762709 72.910194
137056 32 29 33
-0.838535 0.346376 0.420575 84.262543
141152 32 29 34
-0.610695 0.568640 -0.551090 83.128471
145248 32 29 35
-0.298512 0.547554 -0.781713 74.445877
116640 32 30 28
0.870669 -0.124362 -0.475888 77.371933
137120 32 30 33
-0.464208 0.325188 0.823871 86.429031
141216 32 30 34
-0.526521 0.759412 -0.382190 88.092407
145312 32 30 35
-0.171981 0.610251 -0.773315 82.175903
112608 32 31 27
0.753071 -0.446374 0.483357 74.119431
116704 32 31 28
0.979481 -0.165740 -0.114660 76.148758
137184 32 31 33
-0.014749 0.207569 0.978109 88.224258
141280 32 31 34
-0.117496 0.993061 0.004951 91.828629
145376 32 31 35
0.029739 0.608689 -0.792851 88.325638
112672 32 32 27
0.679691 -0.370853 0.632842 68.944496
116768 32 32 28
0.959892 -0.126238 0.250343 74.747986
137248 32 32 33
0.341787 0.068323 0.937291 89.202759
141344 32 32 34
0.751394 0.342435 0.564044 93.725327
145440 32 32 35
0.336843 0.474221 -0.813419 92.119392
141408 32 33 34
0.831302 -0.154225 0.533996 93.800537
145504 32 33 35
0.704766 0.164450 -0.690117 93.634003
121120 32 36 29
0.058816 -0.382789 0.921961 77.926506
125216 32 36 30
-0.157531 -0.440924 0.883612 85.206894
129312 32 36 31
-0.659524 -0.700622 -0.272318 86.784187
170272 32 36 41
0.058833 0.178983 -0.982091 58.767189
174368 32 36 42
0.012045 0.101496 -0.994763 43.163452
121184 32 37 29
-0.247122 -0.516969 0.819557 71.607056
125280 32 37 30
-0.524244 -0.591432 0.612679 81.151207
129376 32 37 31
-0.761812 -0.627463 0.161036 84.535713
158048 32 37 38
-0.027559 0.787821 -0.615288 97.266998
170336 32 37 41
0.129761 0.183073 -0.974498 61.871414
174432 32 37 42
0.091446 0.093950 -0.991368 44.791550
125344 32 38 30
-0.597545 -0.583409 0.550066 73.531036
129440 32 38 31
-0.756808 -0.586390 0.288773 79.219749
154016 32 38 37
0.332765 0.149457 0.931091 99.733864
158112 32 38 38
0.549615 0.658121 -0.514588 100.965271
162208 32 38 39
0.324428 0.341873 -0.881969 95.229240
125408 32 39 30
-0.620015 -0.551893 0.557669 63.839146
129504 32 39 31
-0.739478 -0.535224 0.408297 71.914200
154080 32 39 37
0.547012 -0.168805 0.819929 99.439102
158176 32 39 38
0.993599 -0.027958 -0.109452 102.142685
162272 32 39 39
0.573157 0.075628 -0.815948 97.524063
158240 32 40 38
0.954251 -0.298982 0.003826 100.957375
162336 32 40 39
0.688205 -0.161292 -0.707360 96.930595
133856 32 43 32
-0.280308 -0.311563 0.907941 57.964073
137952 32 43 33
-0.209345 -0.215134 0.953883 72.473701
133920 32 44 32
-0.138182 -0.395290 0.908103 51.839184
138016 32 44 33
-0.067948 -0.389233 0.918630 67.872955
142112 32 44 34
0.018911 -0.424368 0.905292 81.174202
138080 32 45 33
0.029991 -0.561008 0.827267 59.433319
142176 32 45 34
0.119136 -0.670843 0.731967 73.208115
146272 32 45 35
0.233211 -0.852766 0.467336 82.080002
150368 32 45 36
0.304002 -0.950984 -0.056668 84.634163
154464 32 45 37
0.276471 -0.843277 -0.460921 81.127953
142240 32 46 34
0.182695 -0.788210 0.587662 60.189980
146336 32 46 35
0.285337 -0.897486 0.336307 68.805977
150432 32 46 36
0.360279 -0.932269 -0.032764 71.457886
99553 33 19 24
-0.585043 0.776400 0.234367 68.956711
103649 33 19 25
-0.586834 0.788525 -0.183993 69.433121
99617 33 20 24
-0.773426 0.560253 0.296528 81.669548
103713 33 20 25
-0.776747 0.586764 -0.228850 82.262169
107809 33 20 26
-0.614752 0.552071 -0.563292 75.036171
99681 33 21 24
-0.921733 0.198271 0.333312 87.519142
103777 33 21 25
-0.937709 0.208475 -0.277920 88.026421
107873 33 21 26
-0.674392 0.314727 -0.667939 82.025002
111969 33 21 27
-0.478484 0.455774 -0.750549 71.898621
107937 33 22 26
-0.537249 -0.074304 -0.840144 83.598618
112033 33 22 27
-0.261093 0.383852 -0.885713 76.871712
116129 33 22 28
-0.172227 0.649420 -0.740670 68.809341
87521 33 23 21
-0.697716 0.201153 0.687554 63.783222
116193 33 23 28
0.470599 0.663634 -0.581487 74.966988
120289 33 23 29
0.222348 0.840312 -0.494406 70.213600
83489 33 24 20
-0.698056 0.010110 0.715972 53.023327
87585 33 24 21
-0.800931 -0.075489 0.593978 65.008301
91681 33 24 22
-0.869786 -0.232786 0.435067 73.035767
116257 33 24 28
0.940706 0.320791 -0.110300 78.857231
120353 33 24 29
0.754494 0.616171 -0.225993 77.379242
124449 33 24 30
0.419354 0.834696 -0.356966 74.690880
128545 33 24 31
0.021169 0.869198 -0.494010 70.217819
108257 33 27 26
0.131064 0.318619 0.938778 77.723106
100129 33 28 24
-0.579759 -0.341144 0.739932 62.512714
104225 33 28 25
-0.483869 -0.159290 0.860522 71.919525
108321 33 28 26
-0.298496 0.137086 0.944514 78.895599
112417 33 28 27
0.561499 0.766417 0.311968 81.785164
100193 33 29 24
-0.399200 -0.433083 0.808133 56.828880
104289 33 29 25
-0.301791 -0.323593 0.896777 69.127716
108385 33 29 26
-0.153287 -0.169438 0.973547 78.723480
112481 33 29 27
0.656052 0.414049 0.630999 83.007301
116577 33 29 28
0.540401 0.241271 -0.806073 81.341644
141153 33 29 34
-0.632210 0.660758 -0.404610 76.470543
116641 33 30 28
0.770898 0.231891 -0.593248 82.695724
137121 33 30 33
-0.606925 0.585918 0.536974 82.361076
141217 33 30 34
-0.560510 0.810793 -0.168649 83.873428
116705 33 31 28
0.977604 0.119318 -0.173363 83.877350
120801 33 31 29
0.728177 0.348490 -0.590180 80.116028
137185 33 31 33
-0.325529 0.540359 0.775914 86.833702
141281 33 31 34
-0.430347 0.897708 0.094458 90.299004
145377 33 31 35
-0.109030 0.825213 -0.554199 88.013924
116769 33 32 28
0.971683 -0.021383 0.235320 84.269096
137249 33 32 33
-0.067680 0.393218 0.916951 90.310692
141345 33 32 34
-0.192974 0.857987 0.476047 94.516624
145441 33 32 35
0.097567 0.739158 -0.666428 93.448822
137313 33 33 33
0.153190 0.178045 0.972025 92.178474
141409 33 33 34
0.332828 0.267069 0.904378 96.211922
145505 33 33 35
0.405813 0.355501 -0.841983 95.790291
141473 33 34 34
0.578549 -0.387977 0.717465 95.906311
145569 33 34 35
0.646428 -0.213692 -0.732439 95.981674
121057 33 35 29
0.043875 -0.642008 0.765442 83.251907
125153 33 35 30
-0.442386 -0.812478 0.379703 86.505196
121121 33 36 29
-0.323856 -0.680596 0.657196 76.136650
125217 33 36 30
-0.604572 -0.700528 0.379149 82.085167
129313 33 36 31
-0.719285 -0.659350 0.218830 84.256531
121185 33 37 29
-0.453765 -0.662348 0.596148 65.589706
125281 33 37 30
-0.624235 -0.663854 0.411859 73.828247
129377 33 37 31
-0.687648 -0.655132 0.312958 78.369507
170337 33 37 41
0.131893 0.238101 -0.962243 64.192703
174433 33 37 42
0.091449 0.157566 -0.983265 46.389099
158113 33 38 38
-0.129396 0.973297 -0.189602 101.626701
162209 33 38 39
0.103400 0.567581 -0.816799 97.398277
154081 33 39 37
0.070169 0.098231 0.992687 101.376671
158177 33 39 38
0.302743 0.884492 0.354993 104.821953
162273 33 39 39
0.271878 0.363480 -0.891047 101.753281
166369 33 39 40
0.234601 0.186505 -0.954033 90.162697
158241 33 40 38
0.783771 -0.263367 0.562442 105.393433
162337 33 40 39
0.497068 -0.057306 -0.865817 103.038948
166433 33 40 40
0.323731 -0.018878 -0.945961 91.575096
162401 33 41 39
0.559390 -0.396919 -0.727694 100.910492
166497 33 41 40
0.385433 -0.215840 -0.897137 89.499306
138081 33 45 33
-0.028288 -0.473800 0.880178 59.262089
142177 33 45 34
0.069458 -0.568824 0.819521 74.532372
146273 33 45 35
0.238542 -0.755580 0.610079 84.698753
142241 33 46 34
0.138570 -0.710003 0.690431 63.105461
146337 33 46 35
0.297575 -0.832335 0.467619 73.577797
99618 34 20 24
-0.703010 0.627584 0.334538 69.803200
103714 34 20 25
-0.682896 0.709047 -0.175799 71.059883
99682 34 21 24
-0.774441 0.443235 0.451425 77.148506
103778 34 21 25
-0.771315 0.621588 -0.136751 79.124199
87586 34 24 21
-0.720640 -0.134248 0.680188 52.079910
91682 34 24 22
-0.679879 -0.264321 0.684031 62.433052
128610 34 25 31
0.288852 0.563431 -0.774022 80.965736
132706 34 25 32
-0.071606 0.530752 -0.844497 70.746254
132770 34 26 32
-0.096057 0.149962 -0.984014 75.206322
136866 34 26 33
-0.308724 0.291114 -0.905507 63.493767
112546 34 30 27
0.456588 0.373800 0.807342 86.091354
112610 34 31 27
0.600704 0.032259 0.798820 87.589264
161762 34 31 39
0.243368 0.802274 -0.545095 69.237122
165858 34 31 40
0.134272 0.672488 -0.727826 57.943485
141346 34 32 34
-0.616843 0.678566 0.398814 92.419769
161826 34 32 39
0.377116 0.631745 -0.677261 79.925842
165922 34 32 40
0.197246 0.479848 -0.854892 68.320045
141410 34 33 34
-0.833634 0.216563 0.508089 94.685066
145506 34 33 35
-0.871194 0.364836 -0.328504 95.234467
161890 34 33 39
0.536696 0.307899 -0.785593 85.369835
165986 34 33 40
0.274771 0.232882 -0.932881 74.100128
116898 34 34 28
0.192032 -0.706984 0.680660 84.445457
120994 34 34 29
0.018290 -0.993135 0.115532 88.695946
141474 34 34 34
-0.862959 -0.134694 0.486990 94.771324
145570 34 34 35
-0.957392 -0.142674 -0.251088 95.426659
149666 34 34 36
-0.494917 -0.095856 -0.863637 94.021973
161954 34 34 39
0.601641 0.051073 -0.797132 86.922394
116962 34 35 28
-0.135548 -0.753426 0.643410 73.911667
121058 34 35 29
-0.415982 -0.847736 0.329094 80.983078
125154 34 35 30
-0.701962 -0.712181 0.006898 82.547691
137442 34 35 33
-0.679172 -0.272616 0.681473 89.744644
141538 34 35 34
-0.787311 -0.301117 0.538024 93.678436
145634 34 35 35
-0.956977 -0.270886 -0.103997 94.732124
121122 34 36 29
-0.520505 -0.761074 0.387092 69.484459
141602 34 36 34
-0.597605 -0.401326 0.694122 91.947723
145698 34 36 35
-0.910532 -0.323053 0.258008 93.904381
141666 34 37 34
-0.313112 -0.430333 0.846625 89.750237
145762 34 37 35
-0.543781 -0.339535 0.767475 93.042976
170402 34 38 41
0.076751 0.221205 -0.972203 70.898109
174498 34 38 42
0.064179 0.148349 -0.986850 51.094536
178594 34 38 43
0.040297 0.100199 -0.994151 32.524296
170466 34 39 41
0.064234 0.146482 -0.987126 74.667831
174562 34 39 42
0.073247 0.082007 -0.993936 53.529732
158242 34 40 38
-0.719910 0.155556 0.676411 105.245438
162338 34 40 39
-0.271007 0.184585 -0.944713 104.361572
166434 34 40 40
0.034213 0.073290 -0.996724 94.663216
158306 34 41 38
-0.407575 -0.513765 0.754936 104.713203
162402 34 41 39
0.021699 -0.397683 -0.917266 103.777916
166498 34 41 40
0.138403 -0.146886 -0.979423 94.121658
162466 34 42 39
0.307187 -0.635969 -0.707940 100.199951
166562 34 42 40
0.279264 -0.332422 -0.900837 90.410049
162530 34 43 39
0.452586 -0.648648 -0.611900 94.090645
166626 34 43 40
0.410850 -0.446941 -0.794636 83.896202
99619 35 20 24
-0.614149 0.680697 0.399340 60.181507
103715 35 20 25
-0.561530 0.824438 -0.070612 62.564499
99683 35 21 24
-0.597140 0.603728 0.528145 68.893837
103779 35 21 25
-0.517361 0.852976 0.069060 72.699554
91683 35 24 22
-0.502702 -0.242543 0.829737 54.029106
95779 35 24 23
-0.304105 -0.306707 0.901915 66.682549
124515 35 25 30
0.269842 0.475325 -0.837407 92.928902
128611 35 25 31
-0.047298 0.486837 -0.872211 82.569130
132707 35 25 32
-0.195601 0.455712 -0.868370 68.839264
124579 35 26 30
0.349034 -0.466003 -0.813029 93.321671
128675 35 26 31
-0.032721 -0.123381 -0.991820 85.193634
132771 35 26 32
-0.226326 0.107845 -0.968063 73.446449
136867 35 26 33
-0.297836 0.248259 -0.921771 59.013145
132835 35 27 32
-0.237983 -0.195523 -0.951386 72.813972
136931 35 27 33
-0.342380 0.175723 -0.922983 61.910759
112547 35 30 27
0.315323 0.563784 0.763360 89.037643
112611 35 31 27
0.469772 0.224954 0.853645 93.202553
157667 35 31 38
-0.114436 0.922602 -0.368389 77.699593
161763 35 31 39
-0.132917 0.798955 -0.586518 70.338524
165859 35 31 40
-0.145596 0.651576 -0.744480 57.939529
161827 35 32 39
-0.164272 0.676213 -0.718158 81.540863
165923 35 32 40
-0.141329 0.494804 -0.857435 68.936165
116835 35 33 28
0.255298 -0.865683 0.430601 95.100494
120931 35 33 29
0.122282 -0.769512 -0.626816 94.536667
161891 35 33 39
-0.121761 0.446383 -0.886519 87.860809
165987 35 33 40
-0.081562 0.298146 -0.951029 75.857620
116899 35 34 28
-0.153303 -0.899509 0.409122 84.505943
120995 35 34 29
-0.382506 -0.914330 -0.133007 86.490402
141475 35 34 34
-0.948703 -0.137526 0.284692 87.690933
145571 35 34 35
-0.984998 -0.121687 0.122353 89.595467
161955 35 34 39
0.056156 0.158855 -0.985704 90.285812
166051 35 34 40
0.026984 0.132945 -0.990756 79.171989
116963 35 35 28
-0.335027 -0.854233 0.397545 69.548347
121059 35 35 29
-0.536942 -0.838780 0.090233 73.935425
137443 35 35 33
-0.880958 -0.179833 0.437691 81.560326
141539 35 35 34
-0.942702 -0.102188 0.317602 86.351685
145635 35 35 35
-0.987312 -0.063801 0.145410 88.710434
162019 35 35 39
0.236979 0.047805 -0.970338 90.835587
166115 35 35 40
0.123520 0.074829 -0.989517 80.560577
141603 35 36 34
-0.909791 -0.073222 0.408558 85.380318
145699 35 36 35
-0.979950 -0.002172 0.199233 88.428299
149795 35 36 36
-0.975141 0.046143 0.216730 89.839577
141667 35 37 34
-0.833380 -0.076588 0.547369 84.588821
145763 35 37 35
-0.955739 0.016962 0.293727 88.524368
149859 35 37 36
-0.961252 0.099262 0.257182 90.376083
141731 35 38 34
-0.703431 -0.093908 0.704533 83.712173
145827 35 38 35
-0.905361 0.003003 0.424631 88.612373
174499 35 38 42
-0.047915 0.127811 -0.990641 51.329681
141795 35 39 34
-0.537918 -0.086777 0.838519 82.790733
145891 35 39 35
-0.820808 0.004212 0.571189 88.611328
170467 35 39 41
-0.140781 0.123528 -0.982304 74.011566
174563 35 39 42
-0.081685 0.080561 -0.993397 53.511478
178659 35 39 43
-0.062314 0.050394 -0.996784 33.790371
141859 35 40 34
-0.377968 -0.034683 0.925169 82.161476
145955 35 40 35
-0.703125 0.071773 0.707435 88.814407
162339 35 40 39
-0.901901 0.157579 -0.402173 99.978096
166435 35 40 40
-0.403522 0.105104 -0.908913 92.202026
141923 35 41 34
-0.258388 0.033665 0.965454 82.173309
146019 35 41 35
-0.561005 0.195376 0.804426 89.641640
162403 35 41 39
-0.903505 -0.027956 -0.427664 100.540245
166499 35 41 40
-0.361855 -0.013657 -0.932135 92.848740
162467 35 42 39
-0.723840 -0.325351 -0.608442 99.496918
166563 35 42 40
-0.168532 -0.161994 -0.972294 91.764458
162531 35 43 39
-0.069798 -0.633888 -0.770269 96.728882
166627 35 43 40
0.154483 -0.318163 -0.935365 88.746925
162595 35 44 39
0.437454 -0.602369 -0.667671 92.293808
166691 35 44 40
0.441869 -0.406840 -0.799521 83.767418
150435 35 46 36
0.109742 -0.862195 0.494547 88.471275
150499 35 47 36
0.169967 -0.861297 0.478831 78.170464
154595 35 47 37
0.432677 -0.901531 0.005634 81.533142
158691 35 47 38
0.610657 -0.682356 -0.401855 78.747902
154659 35 48 37
0.393781 -0.910779 0.124171 69.653168
158755 35 48 38
0.573993 -0.771839 -0.273491 68.389519
154723 35 49 37
0.354825 -0.914362 0.195040 55.328472
158819 35 49 38
0.517951 -0.842382 -0.148725 55.685432
103652 36 19 25
-0.461629 0.886865 -0.019210 45.004547
99620 36 20 24
-0.588095 0.659879 0.467658 51.856956
103716 36 20 25
-0.532247 0.843225 0.075397 55.654530
95716 36 23 23
-0.457854 0.132249 0.879136 62.044258
99812 36 23 24
-0.391787 0.270840 0.879289 76.001678
103908 36 23 25
-0.276599 0.572901 0.771542 87.125534
95780 36 24 23
-0.387620 -0.203413 0.899096 61.468018
99876 36 24 24
-0.280898 -0.169428 0.944664 76.776237
103972 36 24 25
-0.151428 -0.051738 0.987113 90.377007
108068 36 24 26
0.013906 0.298422 0.954333 100.198914
112164 36 24 27
0.125097 0.976236 0.176955 104.408432
99940 36 25 24
-0.210125 -0.481735 0.850752 70.829971
104036 36 25 25
-0.097557 -0.499325 0.860905 85.824005
108132 36 25 26
0.007935 -0.541808 0.840465 97.973633
112228 36 25 27
0.085441 -0.691018 0.717770 105.120796
116324 36 25 28
-0.269865 -0.439440 -0.856776 106.130417
120420 36 25 29
-0.360820 0.248153 -0.899015 101.272148
124516 36 25 30
-0.409984 0.355300 -0.840045 91.679436
128612 36 25 31
-0.428134 0.388939 -0.815737 78.561028
132708 36 25 32
-0.418731 0.396910 -0.816778 63.087372
108196 36 26 26
-0.061631 -0.689778 0.721393 88.801933
112292 36 26 27
-0.047341 -0.841811 0.537692 97.725906
116388 36 26 28
-0.161177 -0.984914 0.062984 101.087532
120484 36 26 29
-0.384517 -0.728036 -0.567547 98.974152
124580 36 26 30
-0.491570 -0.303462 -0.816253 92.211876
128676 36 26 31
-0.501255 -0.030295 -0.864769 81.626015
132772 36 26 32
-0.469564 0.138705 -0.871935 68.064133
136868 36 26 33
-0.424086 0.264952 -0.865998 52.950317
124644 36 27 30
-0.382111 -0.640537 -0.666111 86.947472
128740 36 27 31
-0.452585 -0.329151 -0.828750 79.119576
132836 36 27 32
-0.462395 -0.009363 -0.886625 68.806206
136932 36 27 33
-0.421564 0.270950 -0.865372 56.929771
108452 36 30 26
0.022182 0.321124 0.946777 78.849144
112548 36 30 27
0.105265 0.639716 0.761369 91.323387
153508 36 30 37
-0.343530 0.890073 -0.299595 64.881310
157604 36 30 38
-0.374622 0.840647 -0.391114 59.089333
112612 36 31 27
0.188630 0.297367 0.935944 97.000084
116708 36 31 28
0.539869 0.833194 0.119706 102.292488
153572 36 31 37
-0.612092 0.751879 -0.244991 76.733215
157668 36 31 38
-0.568422 0.730998 -0.377544 72.469650
116772 36 32 28
0.190622 -0.917920 0.347973 102.776451
120868 36 32 29
0.142049 -0.414554 -0.898870 99.957886
161828 36 32 39
-0.624711 0.539248 -0.564754 75.224930
116836 36 33 28
-0.234222 -0.951298 0.200429 94.873070
120932 36 33 29
-0.301904 -0.852053 -0.427621 93.193291
161892 36 33 39
-0.713871 0.407557 -0.569461 82.428802
165988 36 33 40
-0.468943 0.349662 -0.811067 70.793243
116900 36 34 28
-0.359718 -0.912581 0.194419 79.945427
120996 36 34 29
-0.472438 -0.864140 -0.173389 79.993637
161956 36 34 39
-0.745891 0.301072 -0.594140 86.694687
166052 36 34 40
-0.404832 0.247231 -0.880334 76.078384
116964 36 35 28
-0.437374 -0.873014 0.215754 61.544827
121060 36 35 29
-0.562776 -0.826405 -0.018383 63.501080
162020 36 35 39
-0.722369 0.217858 -0.656293 89.035477
166116 36 35 40
-0.302693 0.169794 -0.937842 79.365120
162084 36 36 39
-0.709118 0.122438 -0.694378 90.205925
166180 36 36 40
-0.238507 0.115896 -0.964201 81.405807
141668 36 37 34
-0.919899 0.038791 0.390231 72.295563
145764 36 37 35
-0.963224 0.069454 0.259568 77.302361
162148 36 37 39
-0.814921 0.007431 -0.579524 90.579475
166244 36 37 40
-0.292421 0.071268 -0.953630 82.656662
141732 36 38 34
-0.886260 0.049396 0.460546 73.044312
145828 36 38 35
-0.962809 0.071061 0.260669 78.341774
141796 36 39 34
-0.844004 0.053592 0.533652 73.827774
145892 36 39 35
-0.962308 0.077607 0.260654 79.338875
170468 36 39 41
-0.378212 0.032625 -0.925144 69.044861
137764 36 40 33
-0.574807 -0.000042 0.818289 63.083412
141860 36 40 34
-0.788997 0.071555 0.610216 74.717278
145956 36 40 35
-0.955056 0.116151 0.272721 80.558731
170532 36 40 41
-0.452802 0.034036 -0.890961 69.630432
141924 36 41 34
-0.720389 0.092368 0.687392 75.885071
146020 36 41 35
-0.934433 0.175783 0.309736 82.355400
141988 36 42 34
-0.647749 0.070553 0.758580 77.114197
146084 36 42 35
-0.902673 0.197779 0.382184 84.642319
150180 36 42 36
-0.965594 0.234073 0.113308 87.196426
162468 36 42 39
-0.983545 0.098122 -0.151697 91.332481
166564 36 42 40
-0.711584 0.096789 -0.695902 85.749626
142052 36 43 34
-0.579762 -0.033597 0.814093 77.485855
146148 36 43 35
-0.862712 0.106640 0.494323 86.549438
150244 36 43 36
-0.966384 0.211683 0.145917 89.915802
162532 36 43 39
-0.968759 0.069805 -0.237977 92.327156
166628 36 43 40
-0.541025 0.057926 -0.839009 86.837372
170724 36 43 41
-0.188990 0.072068 -0.979331 73.641136
142116 36 44 34
-0.508930 -0.202858 0.836564 75.601280
146212 36 44 35
-0.779907 -0.115363 0.615172 86.581322
150308 36 44 36
-0.968431 0.036342 0.246620 91.415443
162596 36 44 39
-0.834375 -0.167269 -0.525205 92.271492
166692 36 44 40
-0.112200 -0.117986 -0.986656 86.691833
170788 36 44 41
0.100668 -0.021986 -0.994677 74.162544
146276 36 45 35
-0.632932 -0.362850 0.683913 83.289833
150372 36 45 36
-0.868580 -0.287258 0.403796 90.204193
166756 36 45 40
0.386492 -0.325145 -0.863079 84.535591
170852 36 45 41
0.396496 -0.158412 -0.904266 72.716454
146340 36 46 35
-0.476973 -0.532951 0.698899 76.017479
150436 36 46 36
-0.638282 -0.568979 0.518516 85.238770
154532 36 46 37
-0.723514 -0.654666 0.218952 89.135742
150500 36 47 36
-0.420977 -0.712355 0.561541 76.286041
154596 36 47 37
-0.394480 -0.864644 0.311087 82.103317
158692 36 47 38
0.019734 -0.989963 -0.139940 83.065887
150564 36 48 36
-0.267394 -0.778299 0.568112 64.007652
154660 36 48 37
-0.183089 -0.916192 0.356470 71.393135
158756 36 48 38
0.144323 -0.989412 -0.015300 73.651077
154724 36 49 37
-0.055023 -0.924893 0.376225 57.870987
158820 36 49 38
0.202612 -0.976198 0.077364 61.336243
162916 36 49 39
0.508450 -0.831158 -0.225067 60.158489
158884 36 50 38
0.244521 -0.959368 0.140794 47.325436
162980 36 50 39
0.492214 -0.861519 -0.124543 47.388603
103589 37 18 25
-0.423849 0.904842 0.040159 30.622297
99557 37 19 24
-0.597417 0.641242 0.481563 35.797905
103653 37 19 25
-0.576294 0.809545 0.111907 39.275433
116133 37 22 28
-0.329286 0.832534 -0.445487 67.202774
99813 37 23 24
-0.612107 0.257737 0.747594 67.358078
103909 37 23 25
-0.640704 0.444238 0.626220 80.002075
112101 37 23 27
-0.563827 0.817499 -0.117449 89.798500
116197 37 23 28
-0.458136 0.776314 -0.432953 84.356155
95781 37 24 23
-0.542262 -0.128805 0.830278 52.845966
99877 37 24 24
-0.559093 -0.083563 0.824883 69.119682
103973 37 24 25
-0.620318 0.010342 0.784282 84.127510
108069 37 24 26
-0.769631 0.199774 0.606431 95.139748
112165 37 24 27
-0.880921 0.468940 0.063818 99.660744
116261 37 24 28
-0.717646 0.540711 -0.438879 96.613663
99941 37 25 24
-0.456718 -0.381020 0.803886 64.167198
104037 37 25 25
-0.494710 -0.390197 0.776536 80.261276
108133 37 25 26
-0.625450 -0.403303 0.667951 93.189163
112229 37 25 27
-0.885899 -0.355393 0.298126 100.221390
116325 37 25 28
-0.943966 -0.111310 -0.310705 100.000465
120421 37 25 29
-0.801859 0.104424 -0.588318 93.147667
124517 37 25 30
-0.713709 0.225569 -0.663127 81.617302
128613 37 25 31
-0.658021 0.298226 -0.691426 67.496254
108197 37 26 26
-0.471669 -0.602077 0.644230 84.127808
112293 37 26 27
-0.643844 -0.663579 0.380955 92.789490
116389 37 26 28
-0.813583 -0.576408 -0.076401 95.016914
120485 37 26 29
-0.835727 -0.331354 -0.437910 91.144905
124581 37 26 30
-0.791935 -0.107686 -0.601035 82.635902
128677 37 26 31
-0.733012 0.059923 -0.677572 71.054565
132773 37 26 32
-0.660369 0.191994 -0.725983 57.721626
128741 37 27 31
-0.749195 -0.013926 -0.662203 71.096466
132837 37 27 32
-0.669683 0.195674 -0.716405 60.722416
108453 37 30 26
-0.153928 0.390060 0.907832 77.898438
112549 37 30 27
-0.269410 0.639449 0.720086 90.437004
149413 37 30 36
-0.574767 0.732614 -0.364581 62.761936
153509 37 30 37
-0.610322 0.696953 -0.376515 56.934753
157605 37 30 38
-0.614009 0.664497 -0.425954 49.912151
108517 37 31 26
-0.135799 0.118340 0.983643 82.693268
112613 37 31 27
-0.348735 0.245623 0.904463 96.305908
116709 37 31 28
-0.768032 0.570855 0.290261 101.947243
120805 37 31 29
-0.448917 0.390651 -0.803658 99.953537
137189 37 31 33
-0.832204 0.153990 -0.532657 79.691902
141285 37 31 34
-0.889641 0.247471 -0.383793 77.353249
145381 37 31 35
-0.882426 0.310449 -0.353476 74.346199
149477 37 31 36
-0.869954 0.377528 -0.317258 70.645210
153573 37 31 37
-0.839385 0.446325 -0.310204 66.330711
157669 37 31 38
-0.783627 0.496596 -0.373258 60.635693
112677 37 32 27
-0.402141 -0.501049 0.766311 94.500511
116773 37 32 28
-0.674263 -0.723262 0.149203 100.194168
120869 37 32 29
-0.538657 -0.655839 -0.528890 97.866707
145445 37 32 35
-0.950079 -0.279008 -0.139662 74.004013
149541 37 32 36
-0.991997 -0.058099 -0.112099 72.426186
112741 37 33 27
-0.372095 -0.786665 0.492649 83.511612
116837 37 33 28
-0.503082 -0.860435 0.080992 88.952614
120933 37 33 29
-0.502192 -0.817473 -0.282031 86.868980
116901 37 34 28
-0.481364 -0.873036 0.078088 71.018570
120997 37 34 29
-0.526877 -0.833780 -0.164960 69.854813
161957 37 34 39
-0.900442 0.313236 -0.301807 74.960640
166053 37 34 40
-0.682177 0.315677 -0.659531 65.792793
162021 37 35 39
-0.927942 0.264477 -0.262632 79.547836
166117 37 35 40
-0.652822 0.254387 -0.713520 71.194427
157989 37 36 38
-0.927102 0.066745 0.368817 80.827240
162085 37 36 39
-0.963118 0.133352 -0.233710 82.296089
166181 37 36 40
-0.633316 0.147888 -0.759631 74.687469
162149 37 37 39
-0.979408 -0.081570 -0.184679 82.631653
166245 37 37 40
-0.658712 -0.002873 -0.752389 75.853821
162213 37 38 39
-0.966147 -0.227583 -0.121519 80.616440
166309 37 38 40
-0.731375 -0.132185 -0.669042 74.748123
166373 37 39 40
-0.817101 -0.159779 -0.553910 72.291138
170469 37 39 41
-0.585455 -0.076128 -0.807122 59.779789
141861 37 40 34
-0.912453 0.107381 0.394840 60.332581
145957 37 40 35
-0.980919 0.107055 0.162286 65.287979
141925 37 41 34
-0.894379 0.111854 0.433099 62.381306
146021 37 41 35
-0.977989 0.142845 0.152095 67.570320
146085 37 42 35
-0.972130 0.147230 0.182447 70.284019
150181 37 42 36
-0.983977 0.175170 0.033249 71.912682
166565 37 42 40
-0.897910 0.206446 -0.388764 72.544029
142053 37 43 34
-0.830942 -0.010292 0.556263 64.988968
146149 37 43 35
-0.963666 0.082587 0.254022 72.496300
150245 37 43 36
-0.985248 0.157117 0.067831 75.127907
162533 37 43 39
-0.968835 0.247700 0.002029 79.788528
166629 37 43 40
-0.863401 0.303489 -0.403030 76.910545
142117 37 44 34
-0.773901 -0.151699 0.614869 63.468506
146213 37 44 35
-0.933409 -0.056373 0.354357 72.827278
150309 37 44 36
-0.987294 0.056582 0.148489 77.221039
162597 37 44 39
-0.968138 0.247251 0.039695 83.611107
166693 37 44 40
-0.812836 0.334692 -0.476737 81.383438
170789 37 44 41
-0.392822 0.306282 -0.867111 71.985107
146277 37 45 35
-0.859999 -0.228297 0.456380 70.117935
150373 37 45 36
-0.957575 -0.112263 0.265418 76.791611
166757 37 45 40
-0.679031 0.225317 -0.698676 84.199638
170853 37 45 41
-0.074101 0.190277 -0.978930 75.611931
146341 37 46 35
-0.753225 -0.379610 0.537168 63.993107
150437 37 46 36
-0.870768 -0.300797 0.388953 73.002266
166821 37 46 40
0.025542 -0.348989 -0.936779 84.232849
170917 37 46 41
0.344127 -0.055478 -0.937283 76.515305
150501 37 47 36
-0.740319 -0.461680 0.488651 65.779007
154597 37 47 37
-0.793670 -0.445337 0.414442 73.610176
158693 37 47 38
-0.750203 -0.527999 0.398011 78.972145
154661 37 48 37
-0.606358 -0.622891 0.494304 65.047432
158757 37 48 38
-0.460693 -0.767071 0.446502 71.636086
158821 37 49 38
-0.191317 -0.869774 0.454853 61.356068
158885 37 50 38
0.006958 -0.895970 0.444060 49.122444
162981 37 50 39
0.384597 -0.898687 0.210826 53.849281
103590 38 18 25
-0.632507 0.763602 0.129795 25.847658
107686 38 18 26
-0.531226 0.805079 -0.263905 25.214911
103654 38 19 25
-0.747875 0.631462 0.204787 32.359386
107750 38 19 26
-0.655900 0.732649 -0.181715 32.469753
111910 38 20 27
-0.565627 0.745254 -0.353075 37.813602
116070 38 21 28
-0.505599 0.732894 -0.455231 43.079559
116134 38 22 28
-0.598849 0.694659 -0.398534 57.164799
116198 38 23 28
-0.733990 0.572258 -0.365759 71.273872
112166 38 24 27
-0.969638 0.243405 0.023570 84.621353
116262 38 24 28
-0.892312 0.313001 -0.325285 81.284698
112230 38 25 27
-0.978384 -0.163012 0.127244 85.346039
116326 38 25 28
-0.969765 -0.048143 -0.239244 84.072884
112550 38 30 27
-0.651431 0.522573 0.550050 83.986191
116646 38 30 28
-0.787315 0.598045 0.149923 88.985588
128934 38 30 31
-0.699063 0.566282 -0.436619 79.437996
137126 38 30 33
-0.720382 0.576661 -0.385373 69.873726
141222 38 30 34
-0.729133 0.557663 -0.396709 64.756805
112614 38 31 27
-0.788169 0.105492 0.606351 88.991585
116710 38 31 28
-0.985409 0.091863 0.143285 93.990601
120806 38 31 29
-0.957484 0.039244 -0.285805 92.971748
124902 38 31 30
-0.864424 -0.035307 -0.501522 88.206665
128998 38 31 31
-0.838409 -0.105502 -0.534733 82.491264
133094 38 31 32
-0.878097 -0.127449 -0.461197 77.497398
137190 38 31 33
-0.913812 -0.080677 -0.398044 73.210976
141286 38 31 34
-0.920272 -0.005104 -0.391247 68.736382
145382 38 31 35
-0.917203 0.073921 -0.391503 63.506760
149478 38 31 36
-0.914620 0.161018 -0.370869 57.699276
108582 38 32 26
-0.491065 -0.392379 0.777749 75.227074
112678 38 32 27
-0.735687 -0.486566 0.471188 85.815147
116774 38 32 28
-0.839130 -0.539420 0.069900 90.205315
120870 38 32 29
-0.789106 -0.562915 -0.245842 88.534401
124966 38 32 30
-0.700332 -0.599318 -0.387754 83.086777
129062 38 32 31
-0.658315 -0.650159 -0.379360 76.910042
133158 38 32 32
-0.686624 -0.664736 -0.294404 71.945984
137254 38 32 33
-0.761640 -0.603418 -0.236202 68.253159
141350 38 32 34
-0.843526 -0.482897 -0.235106 64.867447
145446 38 32 35
-0.914810 -0.327403 -0.236497 61.228340
149542 38 32 36
-0.968045 -0.140496 -0.207727 57.617840
104550 38 33 25
-0.219830 -0.612128 0.759588 52.236862
108646 38 33 26
-0.427703 -0.701934 0.569525 64.793716
112742 38 33 27
-0.587274 -0.749840 0.304713 73.709312
162086 38 36 39
-0.983803 0.151180 -0.096311 67.526459
166182 38 36 40
-0.828440 0.169301 -0.533877 61.519321
162150 38 37 39
-0.996429 -0.052925 -0.065792 68.448624
166246 38 37 40
-0.848583 -0.010122 -0.528965 63.055645
158118 38 38 38
-0.933096 -0.203438 0.296556 63.248081
162214 38 38 39
-0.972028 -0.231443 -0.039960 65.900780
166310 38 38 40
-0.862756 -0.176438 -0.473837 61.287621
162278 38 39 39
-0.959730 -0.279914 -0.023812 61.163143
166374 38 39 40
-0.887207 -0.235494 -0.396744 57.361626
166758 38 45 40
-0.892193 0.448247 -0.055378 75.585732
170854 38 45 41
-0.589912 0.513661 -0.623022 70.844246
166822 38 46 40
-0.920684 0.381182 0.083907 80.320496
170918 38 46 41
-0.367012 0.459838 -0.808611 76.833755
175014 38 46 42
-0.031990 0.316919 -0.947913 64.870834
170982 38 47 41
0.240224 0.119048 -0.963390 79.541420
175078 38 47 42
0.275644 0.117383 -0.954066 68.441994
171046 38 48 41
0.716343 -0.337403 -0.610747 78.405487
175142 38 48 42
0.531052 -0.118834 -0.838965 68.394524
163046 38 51 39
0.308477 -0.799998 0.514631 46.533588
167142 38 51 40
0.567660 -0.799044 0.198217 52.306671
107687 39 18 26
-0.749689 0.639386 -0.170737 19.730600
107751 39 19 26
-0.836879 0.540558 -0.086205 24.913742
111847 39 19 27
-0.715893 0.591688 -0.370679 22.608479
111911 39 20 27
-0.770533 0.581722 -0.260534 29.037571
116263 39 24 28
-0.939302 0.218247 -0.264726 60.478317
112231 39 25 27
-0.995809 -0.065701 0.063617 64.698166
116327 39 25 28
-0.976185 -0.005095 -0.216878 62.866070
116647 39 30 28
-0.928778 0.362752 0.076044 75.144585
120743 39 30 29
-0.927536 0.357525 -0.108871 74.713165
124839 39 30 30
-0.908768 0.358091 -0.214269 71.672066
128935 39 30 31
-0.894023 0.364439 -0.260591 67.439125
116711 39 31 28
-0.997812 -0.021313 0.062578 78.552116
120807 39 31 29
-0.990876 -0.049505 -0.125359 77.845299
124903 39 31 30
-0.968789 -0.079108 -0.234925 74.451744
128999 39 31 31
-0.955129 -0.102869 -0.277753 69.946968
133095 39 31 32
-0.951233 -0.106924 -0.289351 65.271904
137191 39 31 33
-0.946483 -0.086663 -0.310902 60.430996
141287 39 31 34
-0.935906 -0.049560 -0.348745 54.980118
145383 39 31 35
-0.925594 0.000242 -0.378517 48.767258
120871 39 32 29
-0.877059 -0.461029 -0.134981 72.398941
124967 39 32 30
-0.841101 -0.493824 -0.220650 68.557854
129063 39 32 31
-0.816884 -0.523265 -0.242680 63.870415
133159 39 32 32
-0.817776 -0.525534 -0.234641 59.387325
137255 39 32 33
-0.839853 -0.487242 -0.239252 55.148258
141351 39 32 34
-0.872094 -0.412373 -0.263440 50.694992
145447 39 32 35
-0.910805 -0.305136 -0.278074 45.903095
100455 39 33 24
-0.246511 -0.566395 0.786403 36.614281
104551 39 33 25
-0.456766 -0.662678 0.593483 46.654243
162151 39 37 39
-0.999439 -0.021501 -0.025667 50.297615
166247 39 37 40
-0.924777 0.003187 -0.380496 46.416100
162215 39 38 39
-0.979896 -0.199225 -0.010648 48.161079
166311 39 38 40
-0.922506 -0.167009 -0.347981 44.836407
162279 39 39 39
-0.959079 -0.283132 -0.001712 43.550011
166375 39 39 40
-0.920638 -0.251542 -0.298582 40.889954
170919 39 46 41
-0.722425 0.624268 -0.297307 69.637718
175015 39 46 42
-0.414304 0.542664 -0.730663 60.950085
170983 39 47 41
-0.670569 0.655336 -0.347666 77.293121
175079 39 47 42
-0.215670 0.446587 -0.868358 69.064934
179175 39 47 43
-0.056628 0.315886 -0.947106 53.094910
171047 39 48 41
-0.388575 0.584230 -0.712520 81.284599
175143 39 48 42
0.105473 0.189882 -0.976125 73.700226
179239 39 48 43
0.129721 0.136224 -0.982148 57.514793
171111 39 49 41
0.685547 -0.667396 -0.290875 80.548241
175207 39 49 42
0.409944 -0.199331 -0.890063 73.643158
163047 39 51 39
0.099804 -0.656498 0.747696 49.864162
167143 39 51 40
0.344019 -0.815340 0.465696 59.933464
163111 39 52 39
0.172849 -0.775944 0.606658 38.167961
167207 39 52 40
0.335835 -0.881604 0.331645 46.022659
112296 40 26 27
-0.996262 -0.065884 0.055871 43.070148
108264 40 27 26
-0.925938 0.015468 0.377360 39.038044
112360 40 27 27
-0.995132 0.030951 0.093568 42.494911
108328 40 28 26
-0.877478 0.252061 0.408040 40.823257
112424 40 28 27
-0.957419 0.255872 0.133711 44.627048
108392 40 29 26
-0.834284 0.382407 0.397158 45.556820
108456 40 30 26
-0.876057 0.295977 0.380685 51.017906
104424 40 31 25
-0.784153 0.078152 0.615627 46.740993
100392 40 32 24
-0.564803 -0.234674 0.791155 36.863857
104488 40 32 25
-0.785078 -0.323718 0.528071 45.143925
100456 40 33 24
-0.504125 -0.582415 0.637692 31.938631
104552 40 33 25
-0.666204 -0.640994 0.381180 38.379745
170984 40 47 41
-0.791240 0.610789 -0.029580 67.630272
175080 40 47 42
-0.581105 0.579052 -0.571853 62.247536
171048 40 48 41
-0.837711 0.544414 0.043046 75.836555
175144 40 48 42
-0.507956 0.456663 -0.730369 70.732353
179240 40 48 43
-0.251284 0.305754 -0.918352 56.385872
171112 40 49 41
-0.976776 0.117807 0.178967 79.440216
175208 40 49 42
-0.340853 0.084778 -0.936286 74.601631
179304 40 49 43
-0.113820 0.056838 -0.991874 59.903313
171176 40 50 41
-0.358847 -0.917213 0.173058 76.834839
175272 40 50 42
-0.061029 -0.493991 -0.867323 72.252182
179368 40 50 43
0.019089 -0.257800 -0.966010 58.133228
167144 40 51 40
-0.104091 -0.739123 0.665479 61.993015
171240 40 51 41
0.011658 -0.997705 0.066699 67.593369
175336 40 51 42
0.094079 -0.791598 -0.603757 63.395363
179432 40 51 43
0.104407 -0.531337 -0.840702 50.905029
167208 40 52 40
0.002842 -0.883385 0.468640 49.021870
171304 40 52 41
0.087706 -0.995857 0.024010 53.221123
175400 40 52 42
0.133601 -0.894055 -0.427570 49.667717
108265 41 27 26
-0.957483 0.133990 0.255488 26.619801
108329 41 28 26
-0.929058 0.277386 0.244762 29.097076
108393 41 29 26
-0.919952 0.325946 0.217825 33.092068
108457 41 30 26
-0.957862 0.221359 0.183029 37.069103
104425 41 31 25
-0.930012 0.049853 0.364131 35.448273
100393 41 32 24
-0.792072 -0.215571 0.571096 29.158508
104489 41 32 25
-0.916602 -0.279692 0.285681 34.042412
100457 41 33 24
-0.714070 -0.528962 0.458588 25.139444
104553 41 33 25
-0.803709 -0.562353 0.194448 28.743662
175145 41 48 42
-0.766966 0.479183 -0.426785 59.872761
171113 41 49 41
-0.953510 0.252438 0.164603 69.269371
175209 41 49 42
-0.808635 0.242196 -0.536144 66.273689
179305 41 49 43
-0.512870 0.173779 -0.840693 53.988846
171177 41 50 41
-0.948009 -0.248233 0.199147 69.707298
175273 41 50 42
-0.754876 -0.225790 -0.615778 66.702827
179369 41 50 43
-0.436275 -0.144135 -0.888194 54.393642
167145 41 51 40
-0.548963 -0.526008 0.649581 56.667603
171241 41 51 41
-0.658564 -0.737665 0.148804 63.189438
175337 41 51 42
-0.521219 -0.669171 -0.529661 60.266937
179433 41 51 43
-0.324502 -0.468669 -0.821613 49.025028
167209 41 52 40
-0.383029 -0.771885 0.507427 45.860355
171305 41 52 41
-0.387576 -0.917967 0.084387 50.862961
175401 41 52 42
-0.314597 -0.862778 -0.395781 48.251862
179497 41 52 43
-0.220829 -0.691156 -0.688141 39.065273
171369 41 53 41
-0.241121 -0.969437 0.045311 35.886528
175465 41 53 42
-0.197798 -0.932420 -0.302437 33.830971
171242 42 51 41
-0.897917 -0.417099 0.140618 51.079788
175338 42 51 42
-0.838355 -0.418560 -0.349240 49.319576
179434 42 51 43
-0.652167 -0.345672 -0.674677 40.519150
171306 42 52 41
-0.710958 -0.695576 0.103504 41.875828
175402 42 52 42
-0.659478 -0.686920 -0.305336 40.216290
179498 42 52 43
-0.537070 -0.590681 -0.602205 32.884457
