2.000000
18 18 18
1.767930 -0.384864 0.205160
-16.232071 -18.384863 -17.794840
70.674951 1965.925484 472.805846
2413 1 8 7
0.962571 -0.026796 0.269702 33.032898
2737 1 8 8
0.999844 -0.015192 0.008974 35.082100
2431 1 9 7
0.946671 -0.181432 0.266264 31.452904
2755 1 9 8
0.986618 -0.156609 0.045363 33.698627
2449 1 10 7
0.927877 -0.265636 0.261689 28.236973
2396 2 7 7
0.920351 0.155257 0.358957 47.046951
2720 2 7 8
0.986878 0.156397 0.040155 50.492474
3044 2 7 9
0.960542 0.172113 -0.218488 48.687492
2414 2 8 7
0.931175 -0.047423 0.361474 47.927330
2738 2 8 8
0.997112 -0.038717 0.065329 51.478996
3062 2 8 9
0.985387 0.017653 -0.169414 50.394764
2432 2 9 7
0.918307 -0.192188 0.346087 45.852783
2756 2 9 8
0.978633 -0.176083 0.106171 49.557301
3080 2 9 9
0.991385 -0.098054 -0.086843 49.610722
2450 2 10 7
0.909575 -0.258415 0.325416 42.114147
2774 2 10 8
0.958649 -0.241935 0.149866 45.984039
2397 3 7 7
0.873131 0.130493 0.469695 62.672161
2721 3 7 8
0.984980 0.134352 0.108464 67.711891
3045 3 7 9
0.964025 0.166873 -0.206905 66.603951
2415 3 8 7
0.881556 -0.075512 0.466002 63.083626
2739 3 8 8
0.986341 -0.081573 0.143098 68.081818
3063 3 8 9
0.990826 -0.007904 -0.134909 67.959885
2433 3 9 7
0.879582 -0.199680 0.431814 60.689850
2757 3 9 8
0.961041 -0.207569 0.182527 65.642601
3081 3 9 9
0.991395 -0.126704 -0.032907 66.752449
2451 3 10 7
0.887902 -0.245393 0.389118 56.972073
2775 3 10 8
0.943152 -0.255423 0.212658 61.872501
3459 3 12 10
0.879959 -0.470801 -0.063389 54.300156
3783 3 12 11
0.829096 -0.466668 -0.307929 51.368183
3477 3 13 10
0.749464 -0.658334 -0.069996 45.198341
3801 3 13 11
0.694062 -0.657174 -0.293939 42.431591
3819 3 14 11
0.556892 -0.788273 -0.261718 31.704628
2686 4 5 8
0.815717 0.567854 0.110217 71.116478
3010 4 5 9
0.790481 0.560831 -0.246187 69.607620
2380 4 6 7
0.777444 0.321565 0.540534 73.331268
2704 4 6 8
0.917953 0.367658 0.148964 79.440773
3028 4 6 9
0.890305 0.382489 -0.247100 78.366592
3352 4 6 10
0.809174 0.399248 -0.431091 71.885811
2398 4 7 7
0.808035 0.087003 0.582674 76.871948
2722 4 7 8
0.976964 0.083413 0.196426 82.876053
3046 4 7 9
0.969007 0.146518 -0.198892 82.616661
3370 4 7 10
0.892666 0.240838 -0.380978 77.770256
2416 4 8 7
0.815955 -0.116144 0.566328 76.555534
2740 4 8 8
0.957086 -0.164279 0.238745 82.231964
3064 4 8 9
0.993509 -0.073271 -0.087008 83.064323
3388 4 8 10
0.957058 0.079878 -0.278673 80.351189
2434 4 9 7
0.834336 -0.208434 0.510332 74.046371
2758 4 9 8
0.926819 -0.264388 0.266656 79.356064
3082 4 9 9
0.979444 -0.197407 0.041482 81.244682
4054 4 9 12
0.810235 0.044872 -0.584385 68.129883
3748 4 10 11
0.906783 -0.181934 -0.380323 75.391304
4072 4 10 12
0.754586 -0.163179 -0.635589 67.159111
4396 4 10 13
0.598131 -0.158041 -0.785661 54.042908
3442 4 11 10
0.894867 -0.436767 -0.091915 74.370224
3766 4 11 11
0.802017 -0.436155 -0.408090 70.998268
4090 4 11 12
0.635899 -0.388908 -0.666621 62.514397
4414 4 11 13
0.489821 -0.336817 -0.804133 49.436501
2164 4 12 6
0.775756 -0.386300 0.498975 54.228367
2488 4 12 7
0.831095 -0.450686 0.325828 61.133381
2812 4 12 8
0.834038 -0.518111 0.189582 65.174965
3136 4 12 9
0.800996 -0.594841 0.067595 67.140755
3460 4 12 10
0.738247 -0.661871 -0.130065 66.833015
3784 4 12 11
0.626765 -0.661161 -0.412348 62.920502
4108 4 12 12
0.488313 -0.582730 -0.649597 54.396694
2182 4 13 6
0.697581 -0.568694 0.435854 45.988972
2506 4 13 7
0.728477 -0.630522 0.267886 52.015049
2830 4 13 8
0.708421 -0.692918 0.134181 55.372738
3154 4 13 9
0.648431 -0.761120 0.015279 56.624680
3478 4 13 10
0.562118 -0.812994 -0.151872 55.643860
3802 4 13 11
0.459454 -0.802759 -0.380105 51.509075
4126 4 13 12
0.358203 -0.720691 -0.593545 43.670528
3820 4 14 11
0.340385 -0.879841 -0.331689 38.255581
4144 4 14 12
0.263353 -0.811559 -0.521552 31.897366
4162 4 15 12
0.199573 -0.870966 -0.448986 20.917309
2669 5 4 8
0.614582 0.785027 0.077595 71.952370
2993 5 4 9
0.566767 0.778210 -0.270489 69.887398
3317 5 4 10
0.513933 0.727262 -0.454932 62.298855
2363 5 5 7
0.654920 0.531633 0.537072 78.711769
2687 5 5 8
0.743494 0.656204 0.128890 84.678795
3011 5 5 9
0.686909 0.662534 -0.298672 83.056221
3335 5 5 10
0.610591 0.628093 -0.482367 75.853584
2381 5 6 7
0.710176 0.299205 0.637281 85.909523
2705 5 6 8
0.896878 0.389939 0.208706 92.009811
3029 5 6 9
0.842788 0.444108 -0.304100 91.168877
3353 5 6 10
0.731959 0.479532 -0.484030 85.448349
2399 5 7 7
0.731279 0.016707 0.681874 88.204010
2723 5 7 8
0.955308 -0.037365 0.293240 93.923889
3047 5 7 9
0.972489 0.081423 -0.218255 94.095383
3371 5 7 10
0.867950 0.265889 -0.419483 90.587624
2417 5 8 7
0.739115 -0.186091 0.647363 87.026199
2741 5 8 8
0.880932 -0.337210 0.332036 92.110062
3065 5 8 9
0.967736 -0.251230 -0.019249 93.308716
3389 5 8 10
0.965556 0.010040 -0.260003 92.068962
4037 5 8 12
0.728158 0.180355 -0.661255 79.835274
4361 5 8 13
0.585546 0.138370 -0.798742 66.355644
2435 5 9 7
0.784086 -0.234232 0.574756 84.504982
2759 5 9 8
0.862194 -0.376624 0.338785 88.949226
3083 5 9 9
0.918548 -0.365750 0.149989 90.858040
3731 5 9 11
0.881013 -0.106494 -0.460951 88.565559
4055 5 9 12
0.679717 -0.073788 -0.729754 80.772789
4379 5 9 13
0.508712 -0.078548 -0.857346 66.970291
3749 5 10 11
0.753473 -0.425029 -0.501625 85.864746
4073 5 10 12
0.537002 -0.345066 -0.769778 77.655693
4397 5 10 13
0.389690 -0.286926 -0.875109 63.464722
3443 5 11 10
0.707683 -0.683908 -0.177353 83.547989
3767 5 11 11
0.523611 -0.669371 -0.527043 79.765816
4091 5 11 12
0.361372 -0.553193 -0.750592 70.656265
4415 5 11 13
0.265203 -0.452805 -0.851255 56.392731
1841 5 12 5
0.548980 -0.362168 0.753296 55.049061
2165 5 12 6
0.684784 -0.444608 0.577403 66.546211
2489 5 12 7
0.776794 -0.532303 0.336519 73.511375
2813 5 12 8
0.768730 -0.628232 0.119914 76.515205
3137 5 12 9
0.665523 -0.744792 -0.048613 76.953049
3461 5 12 10
0.500687 -0.826764 -0.256465 75.157104
3785 5 12 11
0.336442 -0.794988 -0.504779 69.977226
4109 5 12 12
0.224315 -0.684071 -0.694068 60.288464
4433 5 12 13
0.163196 -0.573557 -0.802745 46.758629
2183 5 13 6
0.588273 -0.644993 0.487769 57.263680
2507 5 13 7
0.639456 -0.724157 0.258248 63.680927
2831 5 13 8
0.609736 -0.790746 0.054246 66.172882
3155 5 13 9
0.506081 -0.855914 -0.106268 65.737480
3479 5 13 10
0.362077 -0.891808 -0.271255 62.823265
3803 5 13 11
0.228401 -0.858877 -0.458435 56.927116
4127 5 13 12
0.138443 -0.767718 -0.625654 47.647644
2525 5 14 7
0.517888 -0.832162 0.198238 49.864502
2849 5 14 8
0.486457 -0.873430 0.021913 51.794819
3821 5 14 11
0.171813 -0.897587 -0.405979 42.181854
4145 5 14 12
0.089651 -0.826315 -0.556027 34.406441
4163 5 15 12
0.063770 -0.869647 -0.489538 22.399576
2652 6 3 8
0.347877 0.937538 0.001842 64.418167
2976 6 3 9
0.294431 0.912922 -0.282639 61.398144
3300 6 3 10
0.272674 0.859318 -0.432690 53.862869
2346 6 4 7
0.462258 0.768358 0.442655 77.151054
2670 6 4 8
0.437403 0.898684 0.032343 81.560860
2994 6 4 9
0.364531 0.872781 -0.324609 78.722221
3318 6 4 10
0.335507 0.814386 -0.473509 70.933006
3642 6 4 11
0.353204 0.783174 -0.511747 60.891811
2364 6 5 7
0.549771 0.594650 0.586637 88.958633
2688 6 5 8
0.590908 0.801485 0.091924 93.872734
3012 6 5 9
0.476694 0.789430 -0.386734 91.705376
3336 6 5 10
0.424543 0.741413 -0.519682 84.941292
3660 6 5 11
0.435746 0.722101 -0.537303 75.821434
2382 6 6 7
0.621785 0.280225 0.731339 95.021355
2706 6 6 8
0.862459 0.452269 0.227192 99.823875
3030 6 6 9
0.686449 0.555657 -0.469077 98.653984
3354 6 6 10
0.564947 0.606999 -0.558916 93.964836
3678 6 6 11
0.543285 0.624348 -0.561276 87.068588
2400 6 7 7
0.624797 -0.110668 0.772904 95.932381
2724 6 7 8
0.851958 -0.386626 0.353111 100.135956
3048 6 7 9
0.911302 -0.190930 -0.364794 100.061691
3372 6 7 10
0.800807 0.306443 -0.514588 97.891800
3696 6 7 11
0.682239 0.445916 -0.579404 93.727013
4020 6 7 12
0.566552 0.401458 -0.719619 85.683632
4344 6 7 13
0.449894 0.308984 -0.837929 72.258369
4668 6 7 14
0.352638 0.225735 -0.908124 54.547020
2418 6 8 7
0.611702 -0.339873 0.714358 93.842140
2742 6 8 8
0.614668 -0.709055 0.345577 97.279396
3066 6 8 9
0.662265 -0.743411 0.093521 98.127998
3390 6 8 10
0.946666 -0.280553 -0.158472 98.109406
3714 6 8 11
0.803735 0.085556 -0.588805 96.137268
4038 6 8 12
0.558013 0.104112 -0.823275 89.280495
4362 6 8 13
0.395186 0.059677 -0.916661 75.763474
4686 6 8 14
0.295479 0.022677 -0.955080 57.135620
3732 6 9 11
0.691648 -0.424428 -0.584366 95.121658
4056 6 9 12
0.432872 -0.255336 -0.864538 88.360435
4380 6 9 13
0.296025 -0.195715 -0.934914 74.482605
4704 6 9 14
0.222754 -0.170494 -0.959850 55.549274
2130 6 10 6
0.554627 -0.117388 0.823777 82.827911
3750 6 10 11
0.413578 -0.698775 -0.583666 91.138031
4074 6 10 12
0.265053 -0.508471 -0.819270 83.299057
4398 6 10 13
0.190512 -0.394296 -0.899019 68.860809
4722 6 10 14
0.150466 -0.328795 -0.932338 50.299160
1824 6 11 5
0.371538 -0.199710 0.906684 68.173218
2148 6 11 6
0.552620 -0.260353 0.791724 80.752815
3444 6 11 10
0.438884 -0.839277 -0.320929 88.364738
3768 6 11 11
0.241205 -0.774673 -0.584552 84.014801
4092 6 11 12
0.147060 -0.638521 -0.755423 74.531540
4416 6 11 13
0.106483 -0.526227 -0.843651 59.795223
1842 6 12 5
0.343165 -0.393967 0.852659 63.099300
2166 6 12 6
0.504519 -0.504068 0.700982 75.749207
2490 6 12 7
0.674721 -0.629723 0.384967 82.771729
2814 6 12 8
0.690812 -0.722907 0.013556 84.790283
3138 6 12 9
0.536918 -0.811852 -0.229379 83.601585
3462 6 12 10
0.323744 -0.856262 -0.402499 80.065887
3786 6 12 11
0.163483 -0.808359 -0.565535 73.438721
4110 6 12 12
0.081270 -0.711252 -0.698223 62.737072
2184 6 13 6
0.431820 -0.700948 0.567629 66.190071
2508 6 13 7
0.527141 -0.804290 0.274297 73.123352
2832 6 13 8
0.521872 -0.852539 -0.028752 74.898598
3156 6 13 9
0.415312 -0.876316 -0.244103 72.739197
3480 6 13 10
0.263655 -0.879259 -0.396724 67.656372
3804 6 13 11
0.130631 -0.838540 -0.528947 59.773132
4128 6 13 12
0.047790 -0.763011 -0.644616 49.087181
2526 6 14 7
0.428609 -0.880457 0.202707 58.575573
2850 6 14 8
0.420763 -0.906343 -0.038736 60.022305
2635 7 2 8
0.110722 0.992021 -0.060290 49.516434
2329 7 3 7
0.199385 0.935808 0.290705 66.955177
2653 7 3 8
0.140261 0.988592 -0.054884 69.233635
2977 7 3 9
0.106165 0.946582 -0.304485 65.409019
2347 7 4 7
0.259037 0.873920 0.411295 83.678307
2671 7 4 8
0.185174 0.981605 -0.046494 86.634270
2995 7 4 9
0.135154 0.924070 -0.357530 83.028587
3319 7 4 10
0.157593 0.876781 -0.454335 75.601357
2365 7 5 7
0.344145 0.713779 0.609987 95.136620
2689 7 5 8
0.270536 0.962127 -0.033507 98.349693
3013 7 5 9
0.170738 0.871123 -0.460427 95.513412
3337 7 5 10
0.203498 0.834737 -0.511666 89.519592
3985 7 5 12
0.296612 0.756749 -0.582540 72.357208
4309 7 5 13
0.281851 0.660994 -0.695447 59.743809
2383 7 6 7
0.418793 0.269752 0.867091 100.133972
2707 7 6 8
0.666448 0.745198 0.022944 103.071709
3031 7 6 9
0.203851 0.639059 -0.741652 101.321022
3355 7 6 10
0.269655 0.751998 -0.601486 97.678879
3679 7 6 11
0.337994 0.746837 -0.572708 92.685509
4003 7 6 12
0.331066 0.643397 -0.690243 84.522057
4327 7 6 13
0.277896 0.505902 -0.816601 71.429405
4651 7 6 14
0.218076 0.385204 -0.896694 54.154411
2077 7 7 6
0.297580 -0.030435 0.954212 91.293167
2401 7 7 7
0.326335 -0.385365 0.863133 99.766975
2725 7 7 8
0.080005 -0.992628 0.091048 102.083977
4021 7 7 12
0.337886 0.406578 -0.848839 91.708939
4345 7 7 13
0.241179 0.267746 -0.932815 78.642921
4669 7 7 14
0.175531 0.179136 -0.968039 60.029747
1771 7 8 5
0.205970 -0.015354 0.978438 76.273262
2095 7 8 6
0.236378 -0.178193 0.955182 89.963341
2419 7 8 7
0.184223 -0.660973 0.727446 96.734970
4039 7 8 12
0.274445 -0.012218 -0.961525 93.892769
4363 7 8 13
0.178031 -0.020372 -0.983814 80.787636
4687 7 8 14
0.127947 -0.033962 -0.991199 61.523529
1789 7 9 5
0.138684 -0.062893 0.988338 75.590538
2113 7 9 6
0.165349 -0.181863 0.969322 88.074142
2437 7 9 7
0.145757 -0.572616 0.806762 93.871719
4057 7 9 12
0.174182 -0.388451 -0.904857 91.709450
4381 7 9 13
0.119389 -0.271078 -0.955125 78.125252
4705 7 9 14
0.089789 -0.220383 -0.971272 58.751011
1807 7 10 5
0.077710 -0.109847 0.990906 74.280006
2131 7 10 6
0.118582 -0.145691 0.982198 86.631607
2455 7 10 7
0.255140 -0.226362 0.940034 92.513664
4075 7 10 12
0.117967 -0.569691 -0.813349 85.730347
4399 7 10 13
0.082470 -0.442726 -0.892856 71.322647
1825 7 11 5
0.051182 -0.215539 0.975153 71.784538
2149 7 11 6
0.127719 -0.258113 0.957635 84.828979
2473 7 11 7
0.401382 -0.351926 0.845601 91.582314
4093 7 11 12
0.094397 -0.651400 -0.752839 76.336113
2167 7 12 6
0.169842 -0.500700 0.848795 80.473961
2491 7 12 7
0.407413 -0.707719 0.577190 88.177979
2815 7 12 8
0.581762 -0.812850 -0.028779 90.230003
2185 7 13 6
0.203150 -0.703711 0.680824 71.587296
2509 7 13 7
0.348614 -0.862778 0.366173 79.593773
2833 7 13 8
0.421340 -0.905065 -0.057711 81.571861
3157 7 13 9
0.365086 -0.865056 -0.344078 78.574219
2527 7 14 7
0.307702 -0.917256 0.252906 65.400055
2851 7 14 8
0.344012 -0.937035 -0.060168 67.067474
2312 8 2 7
-0.030318 0.985075 0.169433 49.294678
2636 8 2 8
-0.055229 0.994713 -0.086574 50.021114
2330 8 3 7
-0.025857 0.971364 0.236186 68.672844
2654 8 3 8
-0.056055 0.994563 -0.087764 69.992264
2978 8 3 9
-0.038955 0.956843 -0.287981 65.993599
2024 8 4 6
0.038749 0.728318 0.684143 76.413971
2348 8 4 7
-0.024567 0.936257 0.350456 85.627365
2672 8 4 8
-0.066735 0.993247 -0.094909 87.463707
2996 8 4 9
-0.037078 0.941074 -0.336162 83.731094
2042 8 5 6
0.041114 0.516820 0.855106 87.384109
2366 8 5 7
-0.046830 0.814409 0.578399 96.872375
2690 8 5 8
-0.131941 0.982494 -0.131521 98.877403
3014 8 5 9
-0.065395 0.894056 -0.443157 95.938423
3986 8 5 12
0.151250 0.789788 -0.594440 76.438332
4310 8 5 13
0.129964 0.661482 -0.738614 63.875187
2060 8 6 6
0.007100 0.186464 0.982436 92.556412
2384 8 6 7
-0.173722 0.215640 0.960895 101.173904
2708 8 6 8
-0.818168 0.398666 -0.414326 102.919022
4004 8 6 12
0.125653 0.653838 -0.746128 87.785278
4328 8 6 13
0.087286 0.475786 -0.875219 74.827148
4652 8 6 14
0.053690 0.346293 -0.936589 56.924088
1754 8 7 5
-0.012003 0.005571 0.999912 78.175301
2078 8 7 6
-0.083647 -0.150993 0.984989 92.721710
2402 8 7 7
-0.312465 -0.628738 0.712077 99.831238
2726 8 7 8
-0.453709 -0.887462 -0.080993 101.136871
4022 8 7 12
0.056255 0.357897 -0.932065 93.781189
4346 8 7 13
0.031437 0.214670 -0.976181 80.945297
4670 8 7 14
0.013906 0.138740 -0.990231 61.955769
1772 8 8 5
-0.102332 -0.108758 0.988787 77.195244
2096 8 8 6
-0.218032 -0.316795 0.923094 90.086670
2420 8 8 7
-0.438197 -0.741058 0.508739 95.895554
4040 8 8 12
-0.000644 -0.078468 -0.996916 95.076553
4364 8 8 13
0.001087 -0.056814 -0.998384 82.222733
4688 8 8 14
-0.003324 -0.056599 -0.998391 62.772720
1790 8 9 5
-0.199301 -0.146768 0.968885 75.059181
2114 8 9 6
-0.350617 -0.271415 0.896327 87.082664
2438 8 9 7
-0.634612 -0.495771 0.592857 92.534821
4058 8 9 12
0.031137 -0.393483 -0.918804 92.694633
4382 8 9 13
0.015051 -0.275324 -0.961234 79.242882
1808 8 10 5
-0.260639 -0.152146 0.953372 72.697899
2132 8 10 6
-0.399210 -0.154766 0.903703 85.048706
2456 8 10 7
-0.640096 -0.060546 0.765906 91.300262
4076 8 10 12
0.091261 -0.545168 -0.833345 87.074074
4400 8 10 13
0.049849 -0.431553 -0.900709 72.543770
1826 8 11 5
-0.261206 -0.200118 0.944311 69.880280
2150 8 11 6
-0.344194 -0.180013 0.921480 83.415253
2474 8 11 7
-0.448379 -0.085457 0.889749 91.180183
4094 8 11 12
0.122475 -0.623682 -0.772024 78.150429
2168 8 12 6
-0.226170 -0.381870 0.896115 80.003349
2492 8 12 7
-0.181960 -0.548060 0.816407 89.142570
2816 8 12 8
0.159192 -0.955069 0.250004 92.640564
3140 8 12 9
0.349000 -0.835732 -0.423971 91.676102
3464 8 12 10
0.279438 -0.767662 -0.576723 87.062729
3788 8 12 11
0.190195 -0.729723 -0.656757 78.618736
2186 8 13 6
-0.094274 -0.620594 0.778444 72.507690
2510 8 13 7
0.012176 -0.842213 0.539007 82.091202
2834 8 13 8
0.182683 -0.982805 0.026868 85.427948
3158 8 13 9
0.245813 -0.894387 -0.373694 83.009315
3482 8 13 10
0.215288 -0.812381 -0.541930 75.941589
2528 8 14 7
0.090592 -0.932014 0.350917 69.044823
2852 8 14 8
0.173359 -0.984543 -0.024956 71.764290
3176 8 14 9
0.199676 -0.924694 -0.324146 68.499123
3500 8 14 10
0.177981 -0.851441 -0.493327 60.542294
2546 8 15 7
0.122262 -0.961244 0.247108 51.942547
2870 8 15 8
0.165821 -0.985287 -0.041398 53.860680
3194 8 15 9
0.175918 -0.942749 -0.283333 50.598831
2313 9 2 7
-0.203443 0.968270 0.145135 46.959297
2637 9 2 8
-0.187893 0.979307 -0.075188 47.537792
2331 9 3 7
-0.230603 0.950670 0.207480 66.082146
2655 9 3 8
-0.204146 0.976691 -0.066332 67.333618
2025 9 4 6
-0.233738 0.731800 0.640183 74.546852
2349 9 4 7
-0.281388 0.907120 0.312978 83.085876
2673 9 4 8
-0.241075 0.968871 -0.056326 84.988945
2997 9 4 9
-0.136140 0.957879 -0.252850 82.233650
1719 9 5 5
-0.185637 0.371984 0.909487 69.643829
2043 9 5 6
-0.277654 0.509673 0.814335 85.464813
2367 9 5 7
-0.400198 0.758277 0.514643 94.482162
2691 9 5 8
-0.364910 0.929847 -0.047179 96.706680
3987 9 5 12
0.005778 0.777787 -0.628502 77.813293
4311 9 5 13
-0.024249 0.624626 -0.780547 64.919662
1737 9 6 5
-0.214578 0.147384 0.965523 74.788567
2061 9 6 6
-0.331548 0.144842 0.932254 90.326561
2385 9 6 7
-0.604337 0.141932 0.783985 98.751396
2709 9 6 8
-0.968913 0.247383 -0.002895 100.879036
4005 9 6 12
-0.077615 0.593597 -0.801011 88.102219
4329 9 6 13
-0.092223 0.415569 -0.904874 74.760757
4653 9 6 14
-0.094406 0.301343 -0.948831 56.474552
1755 9 7 5
-0.260296 -0.055645 0.963924 75.574730
2079 9 7 6
-0.383265 -0.212693 0.898816 89.795929
2403 9 7 7
-0.553200 -0.565810 0.611416 97.044617
2727 9 7 8
-0.504815 -0.857331 0.100724 98.958557
4023 9 7 12
-0.182477 0.279102 -0.942764 93.116562
4347 9 7 13
-0.142210 0.175020 -0.974240 79.951149
4671 9 7 14
-0.119837 0.118189 -0.985733 60.801640
1773 9 8 5
-0.323113 -0.180628 0.928963 73.377327
2097 9 8 6
-0.449129 -0.366415 0.814876 86.157829
2421 9 8 7
-0.554438 -0.662422 0.503781 92.496986
4041 9 8 12
-0.193991 -0.046707 -0.979891 94.172592
4365 9 8 13
-0.133047 -0.037358 -0.990405 81.070839
1791 9 9 5
-0.389024 -0.209263 0.897145 69.982941
2115 9 9 6
-0.527392 -0.309504 0.791242 82.095482
2439 9 9 7
-0.673621 -0.424524 0.604992 88.512840
4059 9 9 12
-0.076610 -0.291286 -0.953563 92.494606
4383 9 9 13
-0.065399 -0.217639 -0.973836 78.809830
1809 9 10 5
-0.429365 -0.183094 0.884377 66.679497
2133 9 10 6
-0.559080 -0.168469 0.811818 79.289368
2457 9 10 7
-0.687875 -0.059756 0.723365 86.909019
4077 9 10 12
0.052030 -0.467153 -0.882644 88.098305
4401 9 10 13
0.016570 -0.377192 -0.925987 73.250549
1827 9 11 5
-0.426044 -0.182577 0.886088 63.591030
2151 9 11 6
-0.526459 -0.131649 0.839946 77.506683
3771 9 11 11
0.175128 -0.684994 -0.707188 90.568497
4095 9 11 12
0.107618 -0.586306 -0.802910 80.217415
4419 9 11 13
0.069682 -0.506856 -0.859210 64.288383
2169 9 12 6
-0.456050 -0.262994 0.850208 74.762718
2493 9 12 7
-0.531141 -0.300618 0.792161 85.566605
2817 9 12 8
-0.556402 -0.565905 0.608415 91.395805
3141 9 12 9
-0.128788 -0.972457 -0.194272 92.597641
3465 9 12 10
0.116292 -0.822273 -0.557084 89.353241
3789 9 12 11
0.130747 -0.732771 -0.667796 81.335075
4113 9 12 12
0.108254 -0.664479 -0.739424 68.575134
2187 9 13 6
-0.354564 -0.490870 0.795821 68.649269
2511 9 13 7
-0.370273 -0.673085 0.640199 79.721642
2835 9 13 8
-0.271631 -0.936316 0.222551 85.058861
3159 9 13 9
-0.056322 -0.955123 -0.290807 84.417465
3483 9 13 10
0.057279 -0.847836 -0.527156 78.364906
3807 9 13 11
0.087197 -0.772900 -0.628508 67.833282
2205 9 14 6
-0.243486 -0.694600 0.676939 58.081703
2529 9 14 7
-0.217850 -0.869548 0.443202 68.042778
2853 9 14 8
-0.134589 -0.988858 0.063599 72.231331
3177 9 14 9
-0.033363 -0.957486 -0.286543 70.158981
3501 9 14 10
0.028884 -0.873185 -0.486532 62.740368
3825 9 14 11
0.054392 -0.805181 -0.590529 51.715378
2547 9 15 7
-0.122176 -0.943826 0.307028 52.041573
2871 9 15 8
-0.071147 -0.997463 0.002509 54.882748
3195 9 15 9
-0.019218 -0.963504 -0.267004 52.252522
3519 9 15 10
0.015595 -0.894812 -0.446170 45.185879
2565 9 16 7
-0.065606 -0.972532 0.223334 35.158764
2889 9 16 8
-0.035734 -0.999083 -0.023596 36.834919
3213 9 16 9
-0.008032 -0.969539 -0.244806 34.463436
2008 10 3 6
-0.375625 0.804304 0.460435 53.053509
2332 10 3 7
-0.367789 0.903039 0.221927 59.973248
2656 10 3 8
-0.302486 0.953143 0.004585 62.159939
2026 10 4 6
-0.413738 0.691717 0.591903 68.158989
2350 10 4 7
-0.421308 0.844475 0.330699 76.941620
2674 10 4 8
-0.339295 0.939337 0.050247 80.174362
1720 10 5 5
-0.366596 0.364077 0.856187 63.833237
2044 10 5 6
-0.449116 0.486523 0.749393 79.261581
2368 10 5 7
-0.511790 0.685729 0.517539 89.018768
2692 10 5 8
-0.436150 0.888375 0.143396 92.883324
3664 10 5 11
-0.139261 0.864852 -0.482325 85.371246
3988 10 5 12
-0.172689 0.716740 -0.675620 76.486046
4312 10 5 13
-0.188479 0.557971 -0.808173 62.887955
1738 10 6 5
-0.362322 0.145886 0.920565 68.976189
2062 10 6 6
-0.457653 0.161680 0.874307 84.603119
2386 10 6 7
-0.600687 0.209845 0.771453 94.226135
2710 10 6 8
-0.759921 0.433859 0.484031 98.162827
3682 10 6 11
-0.280815 0.679832 -0.677474 94.023384
4006 10 6 12
-0.284498 0.482672 -0.828304 85.733627
4330 10 6 13
-0.259050 0.346670 -0.901506 71.521301
4654 10 6 14
-0.229264 0.261694 -0.937526 53.132095
1756 10 7 5
-0.351197 -0.060284 0.934359 69.741219
2080 10 7 6
-0.424367 -0.177001 0.888022 84.433586
2404 10 7 7
-0.480625 -0.428202 0.765273 93.207329
4024 10 7 12
-0.371100 0.214899 -0.903384 90.101990
4348 10 7 13
-0.291831 0.157743 -0.943372 76.092117
1774 10 8 5
-0.348037 -0.199934 0.915913 67.302559
2098 10 8 6
-0.396244 -0.357884 0.845523 80.749870
2422 10 8 7
-0.375637 -0.611930 0.696016 88.795128
4042 10 8 12
-0.364183 0.029706 -0.930854 91.402451
4366 10 8 13
-0.263116 0.017128 -0.964612 77.621651
2116 10 9 6
-0.415493 -0.346710 0.840927 76.164444
2440 10 9 7
-0.414237 -0.458603 0.786188 84.346642
4060 10 9 12
-0.247545 -0.138716 -0.958895 90.867287
4384 10 9 13
-0.177169 -0.124839 -0.976231 76.704926
2134 10 10 6
-0.460347 -0.229747 0.857494 72.505913
3754 10 10 11
-0.150461 -0.520082 -0.840759 95.795502
4078 10 10 12
-0.092687 -0.363819 -0.926847 87.962082
4402 10 10 13
-0.073956 -0.300557 -0.950892 72.809418
4726 10 10 14
-0.061198 -0.259485 -0.963806 53.260227
3448 10 11 10
-0.271203 -0.944280 -0.186507 95.000130
3772 10 11 11
-0.034240 -0.698083 -0.715198 91.395905
4096 10 11 12
-0.006212 -0.558053 -0.829782 81.189857
4420 10 11 13
-0.002668 -0.471172 -0.882037 65.101440
2494 10 12 7
-0.581502 -0.270548 0.767241 78.727882
2818 10 12 8
-0.644263 -0.422993 0.637183 86.703140
3142 10 12 9
-0.543936 -0.819487 0.180484 90.294899
3466 10 12 10
-0.194138 -0.893574 -0.404766 88.997597
3790 10 12 11
-0.036833 -0.772692 -0.633711 82.161827
4114 10 12 12
0.010106 -0.674893 -0.737847 69.867645
2188 10 13 6
-0.485111 -0.419613 0.767197 61.107075
2512 10 13 7
-0.549360 -0.544282 0.634004 72.910606
2836 10 13 8
-0.550604 -0.760489 0.344227 80.004341
3160 10 13 9
-0.385111 -0.916959 -0.104284 81.527313
3484 10 13 10
-0.178657 -0.886728 -0.426374 77.394928
3808 10 13 11
-0.060466 -0.809282 -0.584300 68.156944
2206 10 14 6
-0.430159 -0.607164 0.668068 51.810291
2530 10 14 7
-0.458442 -0.754000 0.470441 62.122837
2854 10 14 8
-0.419148 -0.894802 0.153766 67.553520
3178 10 14 9
-0.299387 -0.935893 -0.185666 67.164436
3502 10 14 10
-0.172010 -0.892030 -0.417964 61.336517
3826 10 14 11
-0.082802 -0.831348 -0.549549 51.457840
2224 10 15 6
-0.357565 -0.751271 0.554742 39.678410
2548 10 15 7
-0.362068 -0.868886 0.337557 47.603447
2872 10 15 8
-0.323042 -0.944639 0.057453 51.195625
3196 10 15 9
-0.246507 -0.946351 -0.208937 49.689808
3520 10 15 10
-0.164765 -0.901396 -0.400423 43.746365
2566 10 16 7
-0.284227 -0.926528 0.246496 32.306545
2890 10 16 8
-0.255862 -0.966672 0.008972 34.367603
3214 10 16 9
-0.208053 -0.955127 -0.210824 32.641281
2333 11 3 7
-0.437717 0.859867 0.262742 51.693344
2027 11 4 6
-0.480554 0.667315 0.568998 59.061588
2351 11 4 7
-0.468109 0.801323 0.372500 68.534866
2675 11 4 8
-0.400157 0.903133 0.155644 73.559402
3971 11 4 12
-0.279006 0.786995 -0.550267 58.547207
2045 11 5 6
-0.477534 0.507411 0.717283 70.768234
2369 11 5 7
-0.501013 0.673572 0.543402 81.789375
2693 11 5 8
-0.459584 0.844829 0.273946 87.716919
3341 11 5 10
-0.354170 0.891543 -0.282337 87.347031
3665 11 5 11
-0.374169 0.770704 -0.515765 81.743736
3989 11 5 12
-0.379624 0.613164 -0.692759 71.737511
4313 11 5 13
-0.358402 0.477446 -0.802243 57.557018
2063 11 6 6
-0.428656 0.257317 0.866050 77.641685
2387 11 6 7
-0.491399 0.361467 0.792381 89.001968
2711 11 6 8
-0.565212 0.586513 0.580118 95.034645
3035 11 6 9
-0.591394 0.806210 0.016705 96.815498
3359 11 6 10
-0.560398 0.681844 -0.470153 95.320213
3683 11 6 11
-0.529320 0.499147 -0.686056 90.135849
4007 11 6 12
-0.475400 0.371217 -0.797617 80.069305
4331 11 6 13
-0.413864 0.288103 -0.863547 65.029327
4655 11 6 14
-0.357812 0.232957 -0.904268 47.161549
2081 11 7 6
-0.313240 -0.047220 0.948499 79.274963
2405 11 7 7
-0.305644 -0.174488 0.936021 90.027336
4025 11 7 12
-0.523844 0.182106 -0.832121 84.167656
4349 11 7 13
-0.429860 0.158137 -0.888939 69.276352
4043 11 8 12
-0.514162 0.099021 -0.851958 86.061577
4367 11 8 13
-0.398482 0.081225 -0.913572 71.538513
4061 11 9 12
-0.437804 0.000667 -0.899070 86.829002
4385 11 9 13
-0.320382 -0.023459 -0.946998 72.192329
4709 11 9 14
-0.248642 -0.035931 -0.967929 53.180870
3755 11 10 11
-0.515240 -0.320178 -0.794993 93.902855
4079 11 10 12
-0.304098 -0.244702 -0.920677 85.413307
4403 11 10 13
-0.216314 -0.212282 -0.952966 70.119614
4727 11 10 14
-0.166172 -0.189599 -0.967698 50.974880
3449 11 11 10
-0.521521 -0.852344 -0.039060 93.052383
3773 11 11 11
-0.295871 -0.679968 -0.670898 89.759987
4097 11 11 12
-0.180243 -0.521834 -0.833788 79.719788
4421 11 11 13
-0.126389 -0.429726 -0.894070 63.852474
4745 11 11 14
-0.095819 -0.367705 -0.924993 45.364697
2819 11 12 8
-0.540552 -0.544515 0.641332 80.464714
3143 11 12 9
-0.536968 -0.791481 0.291929 85.588715
3467 11 12 10
-0.375226 -0.897969 -0.229907 85.800018
3791 11 12 11
-0.210311 -0.801527 -0.559754 80.192192
4115 11 12 12
-0.121672 -0.686505 -0.716873 68.778229
2513 11 13 7
-0.547045 -0.565572 0.617146 63.998722
2837 11 13 8
-0.569186 -0.726429 0.385134 71.984421
3161 11 13 9
-0.487156 -0.872471 0.038372 75.191124
3485 11 13 10
-0.328431 -0.898728 -0.290555 73.025497
3809 11 13 11
-0.193803 -0.841427 -0.504422 65.578873
2207 11 14 6
-0.501528 -0.585740 0.636694 43.347660
2531 11 14 7
-0.541808 -0.701668 0.462716 53.100475
2855 11 14 8
-0.527257 -0.823377 0.209884 59.134575
3179 11 14 9
-0.437202 -0.896071 -0.076888 60.293121
3503 11 14 10
-0.310455 -0.897092 -0.314395 56.461372
3827 11 14 11
-0.199060 -0.856988 -0.475338 48.501446
2549 11 15 7
-0.498227 -0.797001 0.341407 39.893394
2873 11 15 8
-0.471211 -0.875732 0.105136 43.821865
3197 11 15 9
-0.396526 -0.908515 -0.131787 43.529484
3521 11 15 10
-0.299836 -0.897809 -0.322547 39.268108
2567 11 16 7
-0.442640 -0.859903 0.254238 26.711924
2891 11 16 8
-0.416873 -0.907912 0.043740 28.921268
3215 11 16 9
-0.360864 -0.919210 -0.157573 28.015074
3648 12 4 11
-0.463713 0.802673 -0.375082 60.342205
3972 12 4 12
-0.466350 0.693650 -0.548969 51.325848
2694 12 5 8
-0.517124 0.805502 0.289395 80.647026
3018 12 5 9
-0.546790 0.837253 -0.005246 82.909737
3342 12 5 10
-0.577319 0.763985 -0.288148 80.588593
3666 12 5 11
-0.584700 0.631181 -0.509644 73.859596
3990 12 5 12
-0.557714 0.501534 -0.661377 62.964340
4314 12 5 13
-0.509933 0.402145 -0.760426 48.985580
2388 12 6 7
-0.451984 0.516754 0.727101 83.371475
2712 12 6 8
-0.597183 0.668027 0.443973 90.476097
3036 12 6 9
-0.733772 0.675846 -0.069361 92.286194
3360 12 6 10
-0.734410 0.507613 -0.450523 89.419807
3684 12 6 11
-0.682351 0.374394 -0.627875 82.131424
4008 12 6 12
-0.615763 0.297328 -0.729679 70.489189
4332 12 6 13
-0.544277 0.249701 -0.800882 55.377258
2406 12 7 7
-0.270970 0.161102 0.949011 87.574539
2730 12 7 8
-0.570815 0.191023 0.798549 94.036476
3054 12 7 9
-0.965929 0.184991 -0.180997 95.453506
3378 12 7 10
-0.807091 0.164136 -0.567154 92.705544
3702 12 7 11
-0.717302 0.176767 -0.673966 85.905052
2424 12 8 7
0.055006 -0.241153 0.968927 87.114769
2748 12 8 8
0.020755 -0.503704 0.863627 93.172646
3072 12 8 9
-0.812577 -0.582670 -0.014618 94.925018
3396 12 8 10
-0.824063 0.017182 -0.566238 93.218010
4062 12 9 12
-0.568488 0.106333 -0.815791 79.734787
4386 12 9 13
-0.454094 0.071550 -0.888076 64.873520
4710 12 9 14
-0.366601 0.044696 -0.929304 47.034058
4080 12 10 12
-0.476178 -0.118687 -0.871303 79.910095
4404 12 10 13
-0.363333 -0.115329 -0.924494 64.653687
4728 12 10 14
-0.287797 -0.112888 -0.951015 46.499397
3774 12 11 11
-0.459494 -0.604755 -0.650490 85.749115
4098 12 11 12
-0.340365 -0.454629 -0.823082 75.505684
4422 12 11 13
-0.261028 -0.370373 -0.891453 60.050976
4746 12 11 14
-0.208541 -0.316225 -0.925480 42.430294
3792 12 12 11
-0.308264 -0.804003 -0.508480 76.047005
3019 13 5 9
-0.680283 0.731396 -0.047687 72.469658
3343 13 5 10
-0.716780 0.631639 -0.295395 69.185188
3667 13 5 11
-0.711956 0.513685 -0.478798 61.593788
3991 13 5 12
-0.676747 0.415814 -0.607546 50.727802
2389 13 6 7
-0.526951 0.617323 0.584153 76.150520
2713 13 6 8
-0.702830 0.665380 0.251593 82.713882
3037 13 6 9
-0.806395 0.570636 -0.155249 83.311447
3361 13 6 10
-0.801550 0.421140 -0.424450 78.613632
3685 13 6 11
-0.759078 0.319228 -0.567356 69.632034
4009 13 6 12
-0.704074 0.263751 -0.659330 57.444672
2407 13 7 7
-0.469286 0.443775 0.763436 83.771507
2731 13 7 8
-0.816849 0.498855 0.289657 89.427589
3055 13 7 9
-0.887888 0.342636 -0.307011 88.978790
3379 13 7 10
-0.815842 0.236405 -0.527745 83.572662
3703 13 7 11
-0.760213 0.206277 -0.616057 74.301590
2101 13 8 6
-0.098280 0.094496 0.990662 75.433441
2425 13 8 7
-0.244768 0.092613 0.965149 86.669792
2749 13 8 8
-0.869896 0.133805 0.474740 91.680763
3073 13 8 9
-0.892348 0.146660 -0.426857 91.067207
3397 13 8 10
-0.795063 0.179095 -0.579482 86.132164
2119 13 9 6
0.064137 -0.196509 0.978402 74.700882
2443 13 9 7
0.049749 -0.316585 0.947259 85.643890
2767 13 9 8
-0.331753 -0.530176 0.780291 90.987534
3091 13 9 9
-0.922751 -0.056353 -0.381255 91.447159
4387 13 9 13
-0.551922 0.155686 -0.819234 55.156994
1813 13 10 5
0.075211 -0.328622 0.941462 55.143230
2137 13 10 6
0.106574 -0.423029 0.899827 70.139648
2461 13 10 7
0.112292 -0.545535 0.830531 81.356934
2785 13 10 8
-0.039090 -0.709695 0.703424 87.945656
4081 13 10 12
-0.581915 0.001652 -0.813248 71.675446
4405 13 10 13
-0.481326 -0.016058 -0.876395 56.705704
4729 13 10 14
-0.400701 -0.032498 -0.915632 40.082550
2155 13 11 6
0.036272 -0.572253 0.819275 62.329998
2479 13 11 7
0.010538 -0.677072 0.735842 73.909073
3775 13 11 11
-0.564996 -0.476653 -0.673485 79.804031
4099 13 11 12
-0.466201 -0.351965 -0.811651 68.938171
4423 13 11 13
-0.383208 -0.288525 -0.877442 53.960491
4747 13 11 14
-0.320435 -0.250261 -0.913614 37.632671
3793 13 12 11
-0.374233 -0.773578 -0.511397 70.655731
4117 13 12 12
-0.328329 -0.638705 -0.695885 60.143806
3020 14 5 9
-0.764776 0.636862 -0.097590 58.304970
3344 14 5 10
-0.788920 0.536815 -0.299057 54.194202
2390 14 6 7
-0.650623 0.636475 0.414233 65.804657
2714 14 6 8
-0.786001 0.610151 0.099593 70.607544
3038 14 6 9
-0.841004 0.501828 -0.202190 69.525993
3362 14 6 10
-0.831257 0.384384 -0.401572 63.482197
3686 14 6 11
-0.798661 0.303505 -0.519640 54.021610
2084 14 7 6
-0.477775 0.473078 0.740222 65.598221
2408 14 7 7
-0.698000 0.534815 0.476203 75.864014
2732 14 7 8
-0.869300 0.493119 0.033924 79.692307
3056 14 7 9
-0.873329 0.368779 -0.318274 77.187836
3380 14 7 10
-0.827423 0.282371 -0.485425 69.851036
3704 14 7 11
-0.786147 0.245871 -0.567028 59.457985
2102 14 8 6
-0.420414 0.262594 0.868502 71.802940
2426 14 8 7
-0.724756 0.338225 0.600277 81.800247
2750 14 8 8
-0.939842 0.341412 -0.011610 85.013405
3074 14 8 9
-0.870777 0.281028 -0.403448 82.043808
3398 14 8 10
-0.803277 0.262767 -0.534509 74.638214
1796 14 9 5
-0.187412 -0.047778 0.981119 58.106930
2120 14 9 6
-0.311960 -0.073568 0.947243 73.297035
2444 14 9 7
-0.628517 -0.078931 0.773781 83.340996
2768 14 9 8
-0.995830 0.044356 0.079724 86.994156
3092 14 9 9
-0.890282 0.183755 -0.416691 84.969345
1814 14 10 5
-0.130138 -0.314041 0.940448 54.952812
2138 14 10 6
-0.200809 -0.406694 0.891222 69.786766
2462 14 10 7
-0.379850 -0.521183 0.764252 80.328560
2786 14 10 8
-0.774995 -0.529052 0.345669 85.415184
4082 14 10 12
-0.652552 0.101803 -0.750874 61.173836
4406 14 10 13
-0.569905 0.073302 -0.818434 47.011806
1832 14 11 5
-0.112575 -0.512240 0.851433 47.685402
2156 14 11 6
-0.153822 -0.611837 0.775883 61.664501
2480 14 11 7
-0.242010 -0.721809 0.648400 72.636978
2804 14 11 8
-0.426188 -0.807265 0.408274 79.311897
3128 14 11 9
-0.674038 -0.738287 -0.024578 81.380501
3452 14 11 10
-0.747365 -0.490988 -0.447635 78.847427
3776 14 11 11
-0.672770 -0.311602 -0.671033 71.686485
4100 14 11 12
-0.577305 -0.229982 -0.783471 60.278530
4424 14 11 13
-0.493592 -0.194035 -0.847772 46.058994
2498 14 12 7
-0.217043 -0.806352 0.550172 60.778629
2822 14 12 8
-0.302808 -0.882031 0.361011 68.190742
3146 14 12 9
-0.412592 -0.907805 0.075218 71.507339
3470 14 12 10
-0.486783 -0.832067 -0.265907 70.150703
3794 14 12 11
-0.484645 -0.689897 -0.537737 63.906822
4118 14 12 12
-0.440307 -0.560317 -0.701551 53.368774
4442 14 12 13
-0.389428 -0.466050 -0.794445 40.261166
3488 14 13 10
-0.340684 -0.923415 -0.176745 55.777576
3812 14 13 11
-0.339469 -0.847649 -0.407740 50.520855
3039 15 6 9
-0.861127 0.457464 -0.221783 52.607430
2409 15 7 7
-0.822591 0.501653 0.267746 62.795551
2733 15 7 8
-0.891118 0.450039 -0.058078 64.700737
3057 15 7 9
-0.877555 0.372034 -0.302470 60.966988
3381 15 7 10
-0.839790 0.314050 -0.442861 53.238476
2103 15 8 6
-0.708666 0.317901 0.629867 62.451733
2427 15 8 7
-0.888142 0.353133 0.294112 70.410507
2751 15 8 8
-0.934425 0.343112 -0.095515 71.933525
3075 15 8 9
-0.880685 0.318532 -0.350614 67.666344
1797 15 9 5
-0.501561 0.018362 0.864927 52.133675
2121 15 9 6
-0.698911 0.038748 0.714158 65.573967
2445 15 9 7
-0.920021 0.094539 0.380294 74.023705
2769 15 9 8
-0.982559 0.175974 -0.060087 76.199341
3093 15 9 9
-0.905243 0.245141 -0.347047 72.765083
1815 15 10 5
-0.442690 -0.258265 0.858676 50.043015
2139 15 10 6
-0.603998 -0.294285 0.740664 63.540668
2463 15 10 7
-0.825001 -0.283003 0.489166 72.824127
2787 15 10 8
-0.984043 -0.158917 0.080024 76.592262
3111 15 10 9
-0.960716 0.018668 -0.276906 75.100403
1833 15 11 5
-0.370342 -0.480274 0.795100 43.579166
2157 15 11 6
-0.471572 -0.547448 0.691318 56.456184
2481 15 11 7
-0.616456 -0.593951 0.516918 66.363945
2805 15 11 8
-0.788822 -0.568720 0.233060 71.863441
3129 15 11 9
-0.892552 -0.432515 -0.127599 72.569435
3453 15 11 10
-0.865091 -0.266988 -0.424659 68.705475
3777 15 11 11
-0.775352 -0.163812 -0.609914 60.757107
4101 15 11 12
-0.680090 -0.119972 -0.723246 49.614212
4425 15 11 13
-0.595365 -0.106364 -0.796384 36.846222
2499 15 12 7
-0.449806 -0.753408 0.479636 55.221382
2823 15 12 8
-0.547740 -0.789411 0.277149 61.632690
3147 15 12 9
-0.640157 -0.768244 -0.000320 63.882195
3471 15 12 10
-0.674366 -0.674940 -0.299478 61.575871
3795 15 12 11
-0.639610 -0.553772 -0.533137 54.885399
4119 15 12 12
-0.574884 -0.452832 -0.681508 44.757019
4443 15 12 13
-0.509574 -0.381217 -0.771367 32.962418
2841 15 13 8
-0.406172 -0.875659 0.261237 47.426861
3165 15 13 9
-0.451238 -0.891277 0.044831 50.140728
3489 15 13 10
-0.476424 -0.856671 -0.197824 48.844250
3813 15 13 11
-0.471412 -0.777111 -0.416977 43.586849
2410 16 7 7
-0.881326 0.446923 0.153377 46.336544
2734 16 7 8
-0.906575 0.412354 -0.089925 46.890530
2104 16 8 6
-0.847678 0.302849 0.435574 48.173084
2428 16 8 7
-0.932651 0.322768 0.161193 53.853760
2752 16 8 8
-0.939017 0.327195 -0.105785 54.296124
1798 16 9 5
-0.722642 0.057438 0.688832 41.286636
2122 16 9 6
-0.866725 0.090299 0.490545 51.882042
2446 16 9 7
-0.966872 0.141948 0.212155 58.352520
2770 16 9 8
-0.976442 0.203656 -0.071306 59.574505
1816 16 10 5
-0.682019 -0.183010 0.708066 40.219097
2140 16 10 6
-0.822536 -0.170003 0.542709 51.214100
2464 16 10 7
-0.946994 -0.114846 0.300020 58.716309
2788 16 10 8
-0.999688 -0.015567 0.019553 61.484459
2158 16 11 6
-0.715231 -0.415269 0.562135 46.018238
2482 16 11 7
-0.836592 -0.398004 0.376439 54.264431
2806 16 11 8
-0.934272 -0.330278 0.134361 58.652699
3130 16 11 9
-0.966154 -0.224713 -0.126686 58.705166
3454 16 11 10
-0.927351 -0.126149 -0.352287 54.665943
3778 16 11 11
-0.850887 -0.065940 -0.521195 47.239761
4102 16 11 12
-0.765575 -0.042328 -0.641953 37.543716
2500 16 12 7
-0.677841 -0.615779 0.401681 45.400955
2824 16 12 8
-0.765658 -0.608924 0.207315 50.671806
3148 16 12 9
-0.825154 -0.563922 -0.033356 52.167473
3472 16 12 10
-0.826619 -0.488145 -0.280028 49.593819
3796 16 12 11
-0.774883 -0.408020 -0.482779 43.342632
4120 16 12 12
-0.700180 -0.343417 -0.625950 34.520893
2842 16 13 8
-0.594118 -0.772417 0.224488 38.947968
3166 16 13 9
-0.637178 -0.770459 0.019937 41.005943
3490 16 13 10
-0.650729 -0.731711 -0.202856 39.530136
3814 16 13 11
-0.629632 -0.663740 -0.403748 34.722588
2465 17 10 7
-0.976565 -0.033675 0.212570 41.355320
2483 17 11 7
-0.923623 -0.257198 0.284199 38.850922
2807 17 11 8
-0.976987 -0.191917 0.093078 42.116405
3131 17 11 9
-0.987821 -0.115769 -0.103961 42.017189
3455 17 11 10
-0.957210 -0.050877 -0.284886 38.712513
3779 17 11 11
-0.899251 -0.011152 -0.437290 32.867676
2825 17 12 8
-0.883301 -0.441105 0.158765 36.803108
3149 17 12 9
-0.917599 -0.395603 -0.038868 37.795654
3473 17 12 10
-0.908662 -0.342127 -0.239339 35.588726
3797 17 12 11
-0.861226 -0.292811 -0.415393 30.608517
3167 17 13 9
-0.782928 -0.622083 0.006037 29.895464
3491 17 13 10
-0.786339 -0.588199 -0.188926 28.583496
3815 17 13 11
-0.757411 -0.539465 -0.367839 24.757668
