2.000000
18 18 18
1.657303 -0.252064 -0.001303
-16.342697 -18.252064 -18.001303
117.782963 3852.015497 1145.433371
2396 2 7 7
0.899001 0.254656 0.356297 69.556259
2720 2 7 8
0.959640 0.266978 0.088395 76.158768
3044 2 7 9
0.948616 0.268423 -0.167562 74.800179
2414 2 8 7
0.924028 0.100633 0.368843 74.769310
2738 2 8 8
0.988003 0.114280 0.103875 81.941574
3062 2 8 9
0.979736 0.132545 -0.150167 81.066940
2432 2 9 7
0.927163 -0.049857 0.371325 75.488968
2756 2 9 8
0.991571 -0.038140 0.123820 83.086006
3080 2 9 9
0.992876 -0.007649 -0.118907 83.043434
2450 2 10 7
0.913272 -0.183872 0.363489 71.944427
2774 2 10 8
0.973317 -0.179686 0.142711 79.692093
3098 2 10 9
0.985516 -0.148778 -0.081386 80.583015
2468 2 11 7
0.887181 -0.304847 0.346379 64.725677
2792 2 11 8
0.937279 -0.312433 0.154575 72.175896
3116 2 11 9
0.955159 -0.292365 -0.046836 73.791634
2703 3 6 8
0.882967 0.452850 0.123679 93.531609
3027 3 6 9
0.880054 0.443363 -0.170100 92.619781
2397 3 7 7
0.850437 0.284649 0.442415 96.235802
2721 3 7 8
0.940869 0.308205 0.140623 105.558083
3045 3 7 9
0.935521 0.311565 -0.166517 104.943680
3369 3 7 10
0.874248 0.305752 -0.377101 95.566216
2415 3 8 7
0.879980 0.119918 0.459624 102.639915
2739 3 8 8
0.977219 0.137564 0.161615 112.531227
3063 3 8 9
0.976437 0.158097 -0.146888 112.578415
3387 3 8 10
0.914377 0.176625 -0.364305 103.814468
2433 3 9 7
0.887386 -0.044067 0.458917 103.808006
2757 3 9 8
0.982604 -0.038474 0.181685 114.053909
3081 3 9 9
0.993403 -0.008881 -0.114329 114.992638
3405 3 9 10
0.939684 0.028258 -0.340874 107.324738
2451 3 10 7
0.876137 -0.195165 0.440789 99.954071
2775 3 10 8
0.958982 -0.207311 0.193329 110.184456
3099 3 10 9
0.979561 -0.184901 -0.079201 111.945557
3423 3 10 10
0.939114 -0.143352 -0.312275 105.514641
2469 3 11 7
0.847747 -0.338892 0.408017 91.400131
2793 3 11 8
0.909345 -0.369564 0.191087 101.047798
3117 3 11 9
0.929285 -0.365734 -0.051659 103.268326
3441 3 11 10
0.899526 -0.333762 -0.281879 97.962761
3135 3 12 9
0.843127 -0.536542 -0.035487 89.170166
3459 3 12 10
0.816884 -0.519812 -0.249992 84.824051
3783 3 12 11
0.755683 -0.480454 -0.445091 74.517036
3477 3 13 10
0.707566 -0.672332 -0.217532 67.432091
3801 3 13 11
0.655408 -0.639042 -0.402574 59.051083
2668 4 4 8
0.692796 0.709191 0.130695 81.414146
2686 4 5 8
0.763421 0.627367 0.153623 102.539642
3010 4 5 9
0.767770 0.619523 -0.163463 102.236794
2380 4 6 7
0.734412 0.463082 0.496180 109.596275
2704 4 6 8
0.838601 0.514167 0.179950 120.522133
3028 4 6 9
0.843115 0.510185 -0.169908 120.489456
3352 4 6 10
0.780523 0.474894 -0.406520 110.618843
2398 4 7 7
0.780913 0.315360 0.539187 122.046417
2722 4 7 8
0.909409 0.358820 0.210294 133.623047
3046 4 7 9
0.915392 0.367176 -0.165045 134.082886
3370 4 7 10
0.839156 0.352556 -0.414152 124.564384
3694 4 7 11
0.764895 0.338167 -0.548250 107.904823
2416 4 8 7
0.813808 0.140837 0.563810 129.098831
2740 4 8 8
0.956572 0.165268 0.240119 141.048004
3064 4 8 9
0.971362 0.188392 -0.144789 142.211761
3388 4 8 10
0.888952 0.201153 -0.411463 133.556091
3712 4 8 11
0.800818 0.203598 -0.563239 117.358124
2434 4 9 7
0.826541 -0.038935 0.561529 130.628342
2758 4 9 8
0.964879 -0.045217 0.258774 142.694778
3082 4 9 9
0.993162 -0.021881 -0.114671 144.581635
3406 4 9 10
0.915953 0.011801 -0.401113 136.927292
3730 4 9 11
0.814854 0.031552 -0.578806 121.398643
2452 4 10 7
0.818835 -0.214825 0.532316 126.776833
2776 4 10 8
0.932151 -0.256264 0.255780 138.550613
3100 4 10 9
0.963157 -0.254086 -0.088145 140.876663
3424 4 10 10
0.897151 -0.217016 -0.384739 134.024902
3748 4 10 11
0.789088 -0.179846 -0.587363 119.151764
4072 4 10 12
0.678199 -0.157964 -0.717700 98.165253
2470 4 11 7
0.785730 -0.391316 0.479063 117.436203
2794 4 11 8
0.858705 -0.458949 0.228015 128.312622
3118 4 11 9
0.872662 -0.482662 -0.074145 130.586288
3442 4 11 10
0.814387 -0.456414 -0.358412 124.245407
3766 4 11 11
0.711878 -0.405706 -0.573264 110.120125
4090 4 11 12
0.602254 -0.356343 -0.714359 90.024704
4414 4 11 13
0.506432 -0.318002 -0.801499 66.980247
2488 4 12 7
0.721153 -0.560060 0.407763 102.475166
2812 4 12 8
0.751797 -0.633285 0.183714 111.806129
3136 4 12 9
0.740795 -0.668042 -0.070310 113.580467
3460 4 12 10
0.685307 -0.653877 -0.320623 107.657356
3784 4 12 11
0.598755 -0.600702 -0.529763 94.713745
4108 4 12 12
0.505572 -0.532805 -0.678613 76.505066
2506 4 13 7
0.633939 -0.698640 0.331698 82.694809
2830 4 13 8
0.634828 -0.760260 0.137836 90.020058
3154 4 13 9
0.607043 -0.791612 -0.069636 91.103912
3478 4 13 10
0.553976 -0.784529 -0.278611 85.809387
3802 4 13 11
0.483898 -0.738960 -0.468808 74.751045
4126 4 13 12
0.410451 -0.669179 -0.619459 59.540550
3496 4 14 10
0.448031 -0.861204 -0.239990 61.897999
3820 4 14 11
0.389864 -0.826350 -0.406388 53.347229
4144 4 14 12
0.331303 -0.765556 -0.551509 41.894062
2975 5 3 9
0.520540 0.841079 -0.147048 75.967690
2669 5 4 8
0.599652 0.784482 0.158131 101.842468
2993 5 4 9
0.598885 0.785263 -0.157161 101.738800
3317 5 4 10
0.562354 0.730462 -0.387533 92.490295
2363 5 5 7
0.595413 0.617708 0.513732 113.622017
2687 5 5 8
0.680618 0.705064 0.199110 125.183968
3011 5 5 9
0.686632 0.707645 -0.166659 125.531662
3335 5 5 10
0.634667 0.649756 -0.418348 115.692352
2381 5 6 7
0.641615 0.499033 0.582491 131.483948
2705 5 6 8
0.768808 0.589665 0.247448 143.977661
3029 5 6 9
0.782591 0.598253 -0.172177 144.846115
3353 5 6 10
0.708753 0.546029 -0.446678 135.217575
3677 5 6 11
0.639772 0.499751 -0.583901 117.917450
2075 5 7 6
0.540252 0.284911 0.791804 121.203850
2399 5 7 7
0.683766 0.344038 0.643507 144.118179
2723 5 7 8
0.855098 0.421644 0.301700 156.973862
3047 5 7 9
0.880836 0.442634 -0.167935 158.430222
3371 5 7 10
0.781089 0.409759 -0.471165 149.589722
3695 5 7 11
0.688090 0.375726 -0.620776 132.694351
4019 5 7 12
0.612714 0.342049 -0.712449 110.160156
2093 5 8 6
0.558696 0.140959 0.817306 128.328995
2417 5 8 7
0.714326 0.158581 0.681609 151.119217
2741 5 8 8
0.916140 0.195931 0.349711 164.012573
3065 5 8 9
0.962692 0.224529 -0.151034 166.059723
3389 5 8 10
0.841464 0.222966 -0.492164 158.179504
3713 5 8 11
0.719044 0.206903 -0.663450 141.948547
4037 5 8 12
0.617745 0.180255 -0.765440 119.136467
4361 5 8 13
0.527746 0.147004 -0.836585 92.197067
2435 5 9 7
0.728257 -0.041202 0.684064 152.691986
2759 5 9 8
0.927290 -0.069121 0.367907 165.388000
3083 5 9 9
0.989450 -0.062973 -0.130472 167.819931
3407 5 9 10
0.861002 -0.035154 -0.507385 160.618210
3731 5 9 11
0.710953 -0.021575 -0.702908 144.805298
4055 5 9 12
0.586517 -0.025119 -0.809547 121.783073
4379 5 9 13
0.485093 -0.036629 -0.873695 94.088036
2453 5 10 7
0.721043 -0.251551 0.645615 148.908539
2777 5 10 8
0.875689 -0.345596 0.337242 161.041443
3101 5 10 9
0.915336 -0.383908 -0.121549 163.388382
3425 5 10 10
0.794605 -0.343484 -0.500621 156.306198
3749 5 10 11
0.640283 -0.289471 -0.711508 140.516479
4073 5 10 12
0.512909 -0.251286 -0.820841 117.400726
4397 5 10 13
0.416365 -0.226844 -0.880444 89.765976
2471 5 11 7
0.679567 -0.468741 0.564332 139.221085
2795 5 11 8
0.762236 -0.591444 0.263040 150.239685
3119 5 11 9
0.752424 -0.646781 -0.124629 151.939880
3443 5 11 10
0.647889 -0.608225 -0.458587 144.526871
3767 5 11 11
0.520175 -0.529387 -0.670200 128.701309
4091 5 11 12
0.413648 -0.455238 -0.788451 106.067467
4415 5 11 13
0.335051 -0.397682 -0.854160 79.705643
2165 5 12 6
0.536531 -0.534813 0.652770 105.762611
2489 5 12 7
0.600090 -0.658562 0.454079 122.943047
2813 5 12 8
0.622095 -0.762264 0.178750 132.270294
3137 5 12 9
0.581753 -0.803239 -0.127948 132.977036
3461 5 12 10
0.495256 -0.771613 -0.399167 125.260696
3785 5 12 11
0.398792 -0.695569 -0.597619 109.977188
4109 5 12 12
0.317409 -0.610171 -0.725908 88.982925
2183 5 13 6
0.476654 -0.689469 0.545375 86.527863
2507 5 13 7
0.507111 -0.788933 0.347020 100.568443
2831 5 13 8
0.500087 -0.858566 0.113035 107.829933
3155 5 13 9
0.453635 -0.882246 -0.125927 107.600952
3479 5 13 10
0.382196 -0.858009 -0.343143 100.148293
3803 5 13 11
0.306288 -0.796666 -0.521066 86.486320
4127 5 13 12
0.241569 -0.717839 -0.652956 68.549080
2525 5 14 7
0.427044 -0.864762 0.264236 74.723648
2849 5 14 8
0.412006 -0.908439 0.070642 79.876526
3173 5 14 9
0.369468 -0.921519 -0.119564 79.092857
3497 5 14 10
0.309232 -0.903528 -0.296668 72.693497
3821 5 14 11
0.245090 -0.857112 -0.453090 61.715805
4145 5 14 12
0.188985 -0.791187 -0.581643 47.909924
2328 6 3 7
0.383812 0.832254 0.400052 82.316795
2652 6 3 8
0.393834 0.910324 0.127299 90.722778
2976 6 3 9
0.381784 0.911210 -0.154715 90.167702
3300 6 3 10
0.362370 0.857587 -0.365011 81.560944
2346 6 4 7
0.430618 0.761729 0.484084 107.949623
2670 6 4 8
0.466833 0.866370 0.177399 118.713173
2994 6 4 9
0.460471 0.872477 -0.163554 118.781387
3318 6 4 10
0.430949 0.806935 -0.403905 109.193893
3642 6 4 11
0.406747 0.738167 -0.538207 92.959976
2364 6 5 7
0.475494 0.665242 0.575637 130.807159
2688 6 5 8
0.553476 0.796918 0.242046 143.180527
3012 6 5 9
0.557327 0.812054 -0.173073 143.981705
3336 6 5 10
0.508406 0.734895 -0.448835 134.348984
3660 6 5 11
0.464998 0.661179 -0.588744 117.068657
2382 6 6 7
0.514412 0.535103 0.670108 148.664291
2706 6 6 8
0.652271 0.684583 0.325404 161.750473
3030 6 6 9
0.674548 0.715565 -0.181528 163.248077
3354 6 6 10
0.591369 0.631843 -0.501056 154.334854
3678 6 6 11
0.518707 0.556758 -0.648817 137.232574
2076 6 7 6
0.411564 0.289160 0.864293 137.089584
2400 6 7 7
0.541761 0.365301 0.757001 160.616928
2724 6 7 8
0.752318 0.501661 0.427029 173.747574
3048 6 7 9
0.811292 0.554608 -0.184975 175.840881
3372 6 7 10
0.673778 0.478717 -0.562897 168.005615
3696 6 7 11
0.559183 0.408560 -0.721382 151.726364
4020 6 7 12
0.471470 0.348276 -0.810197 128.470215
4344 6 7 13
0.394557 0.290734 -0.871664 100.432510
4668 6 7 14
0.326777 0.238110 -0.914615 71.172653
1770 6 8 5
0.335581 0.132837 0.932598 113.372147
2094 6 8 6
0.410386 0.139918 0.901114 143.852203
2418 6 8 7
0.552615 0.161866 0.817567 166.855469
2742 6 8 8
0.822933 0.223981 0.522125 179.717850
3066 6 8 9
0.944667 0.272600 -0.182466 182.234131
3390 6 8 10
0.737009 0.234910 -0.633747 175.318665
3714 6 8 11
0.569687 0.189641 -0.799683 159.766068
4038 6 8 12
0.452745 0.146037 -0.879599 136.379486
4362 6 8 13
0.362469 0.106208 -0.925924 107.183479
4686 6 8 14
0.291851 0.073469 -0.953638 76.116745
2112 6 9 6
0.405007 -0.018594 0.914124 145.698547
2436 6 9 7
0.549056 -0.063139 0.833397 167.974426
2760 6 9 8
0.824138 -0.135715 0.549889 180.425186
3084 6 9 9
0.967279 -0.175280 -0.183435 183.006149
3408 6 9 10
0.721144 -0.132605 -0.679976 176.375702
3732 6 9 11
0.523174 -0.106421 -0.845555 160.895935
4056 6 9 12
0.396823 -0.099432 -0.912494 137.149857
4380 6 9 13
0.309688 -0.099086 -0.945661 107.320435
4704 6 9 14
0.247129 -0.099443 -0.963866 75.698662
2130 6 10 6
0.396500 -0.194272 0.897243 142.695831
2454 6 10 7
0.531596 -0.311346 0.787699 164.080048
2778 6 10 8
0.731796 -0.502382 0.460529 175.867416
3102 6 10 9
0.774028 -0.603725 -0.190777 177.934570
3426 6 10 10
0.581171 -0.504252 -0.638726 170.744797
3750 6 10 11
0.419095 -0.403409 -0.813400 154.611786
4074 6 10 12
0.314995 -0.337763 -0.886958 130.381561
4398 6 10 13
0.246130 -0.293926 -0.923595 100.654648
4722 6 10 14
0.198490 -0.262280 -0.944358 69.929535
2148 6 11 6
0.380167 -0.395053 0.836305 134.271347
2472 6 11 7
0.487505 -0.562566 0.667726 154.336197
2796 6 11 8
0.579047 -0.757361 0.301842 165.006012
3120 6 11 9
0.543058 -0.816778 -0.194837 165.966370
3444 6 11 10
0.418194 -0.725905 -0.546055 157.638947
3768 6 11 11
0.308811 -0.613207 -0.727057 140.647339
4092 6 11 12
0.233972 -0.522101 -0.820163 116.415054
4416 6 11 13
0.184570 -0.453180 -0.872102 87.989845
4740 6 11 14
0.151308 -0.400743 -0.903610 59.783031
1842 6 12 5
0.282156 -0.461922 0.840842 94.940575
2166 6 12 6
0.350155 -0.592508 0.725483 119.599228
2490 6 12 7
0.419088 -0.752642 0.507835 137.609619
2814 6 12 8
0.444609 -0.879461 0.169914 146.656311
3138 6 12 9
0.395595 -0.898256 -0.191417 146.246384
3462 6 12 10
0.308749 -0.830714 -0.463237 136.900803
3786 6 12 11
0.229087 -0.736896 -0.636006 119.725182
4110 6 12 12
0.171338 -0.647640 -0.742432 96.735779
1860 6 13 5
0.259165 -0.619124 0.741295 78.036407
2184 6 13 6
0.312420 -0.741710 0.593515 98.886292
2508 6 13 7
0.353615 -0.859351 0.369421 114.017235
2832 6 13 8
0.356739 -0.929831 0.090285 121.112869
3156 6 13 9
0.314386 -0.931780 -0.181514 119.584824
3480 6 13 10
0.247407 -0.882605 -0.399748 110.086739
3804 6 13 11
0.181346 -0.809526 -0.558374 94.119484
4128 6 13 12
0.129960 -0.731437 -0.669410 74.023071
2202 6 14 6
0.279143 -0.833307 0.477157 74.415337
2526 6 14 7
0.306687 -0.911585 0.273782 86.087021
2850 6 14 8
0.305142 -0.951131 0.047301 91.202263
3174 6 14 9
0.271100 -0.947777 -0.168001 89.176109
3498 6 14 10
0.215947 -0.911453 -0.350172 80.712120
3822 6 14 11
0.156752 -0.854975 -0.494416 67.428505
2329 7 3 7
0.233003 0.883932 0.405431 92.132133
2653 7 3 8
0.227797 0.966004 0.122253 100.622032
2977 7 3 9
0.217330 0.963163 -0.158379 99.878830
3301 7 3 10
0.213412 0.907524 -0.361739 91.032608
3625 7 3 11
0.218212 0.844289 -0.489448 76.779846
2347 7 4 7
0.271161 0.817004 0.508897 119.330330
2671 7 4 8
0.285327 0.940276 0.185662 130.224686
2995 7 4 9
0.278852 0.945803 -0.166430 130.327576
3319 7 4 10
0.268192 0.872457 -0.408524 120.855797
3643 7 4 11
0.263286 0.794308 -0.547499 104.505188
2365 7 5 7
0.306156 0.715096 0.628416 142.657471
2689 7 5 8
0.358118 0.891641 0.277000 155.114502
3013 7 5 9
0.361017 0.915278 -0.178698 156.153961
3337 7 5 10
0.332319 0.815756 -0.473398 147.027679
3661 7 5 11
0.307399 0.719054 -0.623271 130.022430
3985 7 5 12
0.282257 0.639271 -0.715307 107.553780
2383 7 6 7
0.326839 0.566079 0.756790 159.926773
2707 7 6 8
0.443453 0.795206 0.413518 172.948410
3031 7 6 9
0.472240 0.858939 -0.198024 174.789505
3355 7 6 10
0.401000 0.720601 -0.565626 166.678833
3679 7 6 11
0.341352 0.603379 -0.720703 150.202103
4003 7 6 12
0.290657 0.512463 -0.808022 126.887131
4327 7 6 13
0.241418 0.432657 -0.868634 98.954765
4651 7 6 14
0.195559 0.362349 -0.911296 69.947784
1753 7 7 5
0.189568 0.236184 0.953038 116.062714
2077 7 7 6
0.232518 0.274526 0.933044 147.282074
2401 7 7 7
0.318782 0.364424 0.874970 170.640915
2725 7 7 8
0.521214 0.595077 0.611735 183.525726
3049 7 7 9
0.633820 0.738517 -0.229922 185.958801
3373 7 7 10
0.462906 0.549488 -0.695543 179.050812
3697 7 7 11
0.352058 0.422108 -0.835392 163.594788
4021 7 7 12
0.275745 0.333208 -0.901631 140.206512
4345 7 7 13
0.214753 0.262491 -0.940733 110.705757
4669 7 7 14
0.166155 0.206727 -0.964187 78.986542
1771 7 8 5
0.159465 0.108858 0.981183 122.076546
2095 7 8 6
0.196978 0.111784 0.974014 152.913300
2419 7 8 7
0.277371 0.128465 0.952136 175.545624
2743 7 8 8
0.533573 0.218080 0.817155 188.052994
3067 7 8 9
0.880380 0.372348 -0.293749 190.839554
3715 7 8 11
0.326539 0.147565 -0.933594 170.040695
4039 7 8 12
0.238510 0.099123 -0.966068 146.614822
4363 7 8 13
0.178309 0.063297 -0.981937 116.190414
4687 7 8 14
0.135050 0.037630 -0.990124 82.995193
1789 7 9 5
0.124604 -0.021314 0.991978 123.566437
2113 7 9 6
0.155658 -0.052596 0.986410 153.742920
2437 7 9 7
0.224083 -0.114531 0.967817 175.693436
2761 7 9 8
0.449907 -0.280501 0.847881 187.823547
3085 7 9 9
0.798568 -0.513362 -0.314243 190.577255
3409 7 9 10
0.412106 -0.266876 -0.871175 184.570953
3733 7 9 11
0.266047 -0.188521 -0.945346 169.635681
4057 7 9 12
0.190767 -0.159037 -0.968667 145.743530
4381 7 9 13
0.142262 -0.143439 -0.979381 114.821014
4705 7 9 14
0.108640 -0.132446 -0.985219 81.402016
1483 7 10 4
0.075735 -0.117942 0.990128 87.557991
1807 7 10 5
0.093132 -0.157100 0.983182 120.662224
2131 7 10 6
0.123238 -0.226195 0.966255 150.052307
2455 7 10 7
0.188339 -0.368492 0.910353 171.409210
2779 7 10 8
0.343022 -0.690873 0.636420 183.046860
3103 7 10 9
0.423586 -0.868782 -0.256500 185.158401
3427 7 10 10
0.288070 -0.619398 -0.730316 178.182083
3751 7 10 11
0.200217 -0.469230 -0.860079 162.108170
4075 7 10 12
0.147256 -0.385053 -0.911071 137.427811
4399 7 10 13
0.112318 -0.329759 -0.937360 106.621880
4723 7 10 14
0.088095 -0.289462 -0.953127 74.386703
1825 7 11 5
0.073205 -0.308765 0.948317 113.139153
2149 7 11 6
0.109208 -0.420166 0.900852 141.312531
2473 7 11 7
0.176484 -0.619080 0.765241 161.808609
2797 7 11 8
0.268661 -0.890538 0.367101 172.564728
3121 7 11 9
0.276871 -0.930237 -0.240837 173.391541
3445 7 11 10
0.211736 -0.774828 -0.595658 164.735367
3769 7 11 11
0.154473 -0.642449 -0.750598 147.162308
4093 7 11 12
0.115012 -0.547909 -0.828594 122.046257
4417 7 11 13
0.088754 -0.477183 -0.874311 92.473587
1843 7 12 5
0.068417 -0.471929 0.878978 100.561890
2167 7 12 6
0.112028 -0.610052 0.784402 126.561409
2491 7 12 7
0.175723 -0.799317 0.574642 145.477280
2815 7 12 8
0.229589 -0.954909 0.188247 154.827408
3139 7 12 9
0.223189 -0.946885 -0.231506 154.071289
3463 7 12 10
0.176735 -0.844320 -0.505854 143.826340
3787 7 12 11
0.129385 -0.740908 -0.659025 125.414688
1861 7 13 5
0.076114 -0.620755 0.780301 83.197495
2185 7 13 6
0.123288 -0.753561 0.645714 105.721245
2509 7 13 7
0.177711 -0.892719 0.414090 122.105659
2833 7 13 8
0.211788 -0.972846 0.093361 129.647858
3157 7 13 9
0.202451 -0.954734 -0.217937 127.589096
3481 7 13 10
0.163212 -0.881631 -0.442820 116.747505
2527 7 14 7
0.181385 -0.934633 0.305877 93.821915
2851 7 14 8
0.205297 -0.977628 0.045782 99.434753
3175 7 14 9
0.195923 -0.959809 -0.200949 96.792679
2312 8 2 7
0.034473 0.951455 0.305851 67.995415
2636 8 2 8
0.022626 0.997512 0.066762 73.508835
2330 8 3 7
0.049760 0.916183 0.397659 96.682251
2654 8 3 8
0.040858 0.992466 0.115504 104.925987
2978 8 3 9
0.045040 0.987566 -0.150618 104.171600
3302 8 3 10
0.062817 0.937075 -0.343430 95.657013
2348 8 4 7
0.066431 0.854425 0.515310 124.687157
2672 8 4 8
0.064525 0.980194 0.187235 135.398926
2996 8 4 9
0.072789 0.984992 -0.156500 135.649475
3320 8 4 10
0.090574 0.913783 -0.395975 126.714897
3644 8 4 11
0.107658 0.831590 -0.544856 110.863457
2042 8 5 6
0.069900 0.568091 0.819992 125.491753
2366 8 5 7
0.076521 0.747691 0.659624 148.118576
2690 8 5 8
0.089004 0.949882 0.299671 160.435776
3014 8 5 9
0.104223 0.979814 -0.170596 161.736465
3338 8 5 10
0.116659 0.869384 -0.480168 153.275482
3662 8 5 11
0.121129 0.753563 -0.646119 136.840744
3986 8 5 12
0.113222 0.651685 -0.749992 114.257988
4310 8 5 13
0.095089 0.559173 -0.823580 87.941467
2060 8 6 6
0.051472 0.412929 0.909308 141.206329
2384 8 6 7
0.063789 0.571206 0.818324 164.665817
2708 8 6 8
0.096087 0.865654 0.491334 177.553329
3032 8 6 9
0.128923 0.970872 -0.201959 179.699860
3356 8 6 10
0.127708 0.777722 -0.615499 172.287811
3680 8 6 11
0.114035 0.618826 -0.777207 156.393936
4004 8 6 12
0.092167 0.501471 -0.860251 132.986145
4328 8 6 13
0.066985 0.407888 -0.910572 104.117661
4652 8 6 14
0.043571 0.333508 -0.941740 73.647194
1754 8 7 5
0.010113 0.201994 0.979334 119.584213
2078 8 7 6
0.009564 0.234377 0.972099 150.888855
2402 8 7 7
0.009921 0.318712 0.947800 174.017899
2726 8 7 8
0.031722 0.607386 0.793774 186.790070
3050 8 7 9
0.108289 0.954279 -0.278614 189.558868
3374 8 7 10
0.099050 0.575439 -0.811825 183.345047
3698 8 7 11
0.079093 0.401417 -0.912474 168.469406
4022 8 7 12
0.056337 0.300258 -0.952193 145.063873
4346 8 7 13
0.034831 0.229485 -0.972689 114.819260
4670 8 7 14
0.017214 0.178465 -0.983796 81.911537
1772 8 8 5
-0.037118 0.064419 0.997232 124.133682
2096 8 8 6
-0.051342 0.055035 0.997164 154.907440
2420 8 8 7
-0.076770 0.048970 0.995846 177.344376
2744 8 8 8
-0.130004 0.087732 0.987625 189.868835
3068 8 8 9
-0.266928 0.663863 -0.698596 193.094940
3392 8 8 10
0.023831 0.164872 -0.986027 187.767334
3716 8 8 11
0.035385 0.102844 -0.994068 173.610626
4040 8 8 12
0.026445 0.065137 -0.997526 150.261261
4364 8 8 13
0.014520 0.038573 -0.999150 119.310921
4688 8 8 14
0.004133 0.020398 -0.999783 85.221901
1790 8 9 5
-0.087259 -0.064408 0.994101 124.105682
2114 8 9 6
-0.112821 -0.102683 0.988295 154.215988
2438 8 9 7
-0.153471 -0.172266 0.973022 176.185303
2762 8 9 8
-0.232070 -0.357312 0.904694 188.623718
3086 8 9 9
-0.308883 -0.914507 -0.261283 192.023758
3410 8 9 10
-0.017886 -0.345047 -0.938415 186.802444
3734 8 9 11
0.020055 -0.219511 -0.975404 172.448120
4058 8 9 12
0.020495 -0.176145 -0.984151 148.665955
4382 8 9 13
0.013965 -0.153170 -0.988101 117.351921
4706 8 9 14
0.007189 -0.137276 -0.990507 83.237831
1808 8 10 5
-0.126629 -0.184670 0.974609 119.982880
2132 8 10 6
-0.152584 -0.246854 0.956965 149.490997
2456 8 10 7
-0.184267 -0.368670 0.911114 171.256973
2780 8 10 8
-0.212167 -0.669647 0.711729 183.609299
3104 8 10 9
-0.114588 -0.974340 -0.193731 186.601883
3428 8 10 10
0.011774 -0.655601 -0.755016 180.417969
3752 8 10 11
0.035859 -0.478592 -0.877305 164.801270
4076 8 10 12
0.033584 -0.388245 -0.920944 140.124573
4400 8 10 13
0.026584 -0.330399 -0.943467 108.921158
1826 8 11 5
-0.143346 -0.310817 0.939598 111.851608
2150 8 11 6
-0.156545 -0.403619 0.901435 140.483841
2474 8 11 7
-0.157937 -0.577834 0.800727 161.862534
2798 8 11 8
-0.114902 -0.878153 0.464377 173.724442
3122 8 11 9
-0.006360 -0.977165 -0.212388 175.561066
3446 8 11 10
0.050640 -0.787792 -0.613856 167.540634
3770 8 11 11
0.056761 -0.640867 -0.765550 150.118851
4094 8 11 12
0.049021 -0.545141 -0.836910 124.734459
4418 8 11 13
0.040122 -0.475381 -0.878865 94.632690
1844 8 12 5
-0.132655 -0.449905 0.883169 99.412193
2168 8 12 6
-0.124540 -0.571731 0.810933 126.274063
2492 8 12 7
-0.091702 -0.762156 0.640865 146.492538
2816 8 12 8
-0.020030 -0.965223 0.260659 157.188644
3140 8 12 9
0.052006 -0.973425 -0.223024 157.373260
3464 8 12 10
0.075677 -0.847272 -0.525740 147.414688
3788 8 12 11
0.070590 -0.733718 -0.675777 128.692764
2186 8 13 6
-0.071747 -0.717012 0.693358 106.502342
2510 8 13 7
-0.021580 -0.876009 0.481811 124.437599
2834 8 13 8
0.042167 -0.989367 0.139193 133.350372
3158 8 13 9
0.084505 -0.971802 -0.220134 131.983612
3482 8 13 10
0.091294 -0.880107 -0.465914 120.981148
3806 8 13 11
0.079257 -0.789424 -0.608710 102.495964
2528 8 14 7
0.032732 -0.931677 0.361810 97.247444
2852 8 14 8
0.080617 -0.993948 0.074619 104.065674
3176 8 14 9
0.105170 -0.972326 -0.208618 101.797371
3500 8 14 10
0.103133 -0.901928 -0.419392 91.264351
2870 8 15 8
0.105690 -0.993543 0.041255 73.502556
3194 8 15 9
0.120109 -0.973863 -0.192783 71.144188
2313 9 2 7
-0.134584 0.947496 0.290066 66.524788
2637 9 2 8
-0.133816 0.988785 0.066310 71.780426
2331 9 3 7
-0.141579 0.913483 0.381450 95.189232
2655 9 3 8
-0.141372 0.983017 0.117010 103.244904
2979 9 3 9
-0.116764 0.985054 -0.126632 102.924530
3303 9 3 10
-0.079341 0.947004 -0.311269 95.347084
2025 9 4 6
-0.125249 0.696506 0.706535 103.641068
2349 9 4 7
-0.151282 0.852020 0.501174 123.337967
2673 9 4 8
-0.155821 0.969131 0.191061 133.993515
2997 9 4 9
-0.127351 0.983554 -0.128079 134.774323
3321 9 4 10
-0.085004 0.926504 -0.366557 126.787804
3645 9 4 11
-0.050365 0.845481 -0.531625 111.837860
2043 9 5 6
-0.134015 0.562201 0.816070 124.427376
2367 9 5 7
-0.170390 0.738871 0.651949 146.798660
2691 9 5 8
-0.191659 0.931905 0.307928 159.202957
3015 9 5 9
-0.162372 0.976892 -0.138985 161.036362
3339 9 5 10
-0.110993 0.879875 -0.462062 153.355530
3663 9 5 11
-0.075917 0.755333 -0.650929 137.544296
3987 9 5 12
-0.061166 0.637823 -0.767751 115.120750
4311 9 5 13
-0.059099 0.534117 -0.843342 88.515907
2061 9 6 6
-0.154530 0.387587 0.908788 139.556381
2385 9 6 7
-0.208368 0.538530 0.816437 162.952835
2709 9 6 8
-0.282059 0.814846 0.506427 176.054367
3033 9 6 9
-0.270950 0.948218 -0.165738 178.680130
3357 9 6 10
-0.180161 0.766973 -0.615869 171.808273
3681 9 6 11
-0.127071 0.593951 -0.794402 156.228043
4005 9 6 12
-0.104625 0.467929 -0.877551 132.762650
4329 9 6 13
-0.095638 0.374261 -0.922379 103.586700
4653 9 6 14
-0.091735 0.304588 -0.948056 72.834190
1755 9 7 5
-0.152170 0.163484 0.974740 117.008743
2079 9 7 6
-0.190765 0.186494 0.963758 148.138840
2403 9 7 7
-0.265690 0.249854 0.931118 171.377426
2727 9 7 8
-0.443753 0.461782 0.768011 184.514404
3051 9 7 9
-0.590594 0.782958 -0.195382 187.774323
3375 9 7 10
-0.305070 0.514747 -0.801229 181.971146
3699 9 7 11
-0.188716 0.358315 -0.914329 167.252701
4023 9 7 12
-0.142414 0.268263 -0.952761 143.744934
4347 9 7 13
-0.119478 0.207448 -0.970922 113.318657
4671 9 7 14
-0.105953 0.164642 -0.980646 80.376625
1773 9 8 5
-0.192020 0.017306 0.981238 120.064308
2097 9 8 6
-0.238325 -0.003069 0.971181 150.672180
2421 9 8 7
-0.323564 -0.026119 0.945846 173.412918
2745 9 8 8
-0.534291 -0.033794 0.844625 186.562363
3069 9 8 9
-0.992473 0.074673 -0.097062 190.485367
3393 9 8 10
-0.413235 0.114506 -0.903396 185.688263
3717 9 8 11
-0.217234 0.089383 -0.972019 171.783112
4041 9 8 12
-0.148272 0.063646 -0.986896 148.472015
4365 9 8 13
-0.115415 0.043269 -0.992375 117.532791
1791 9 9 5
-0.234895 -0.107719 0.966034 118.469063
2115 9 9 6
-0.284822 -0.148459 0.947014 148.432281
2439 9 9 7
-0.364725 -0.209464 0.907249 170.974472
2763 9 9 8
-0.527568 -0.326833 0.784125 184.452332
3087 9 9 9
-0.825223 -0.564243 0.025247 188.974487
3411 9 9 10
-0.385383 -0.316537 -0.866766 184.641083
3735 9 9 11
-0.180900 -0.190317 -0.964912 170.821533
4059 9 9 12
-0.112517 -0.148278 -0.982524 147.298935
4383 9 9 13
-0.082063 -0.127402 -0.988450 116.137993
1809 9 10 5
-0.269798 -0.209540 0.939842 113.094856
2133 9 10 6
-0.316222 -0.259845 0.912406 142.535049
2457 9 10 7
-0.379950 -0.344952 0.858281 165.212570
2781 9 10 8
-0.480185 -0.535086 0.695058 179.103699
3105 9 10 9
-0.525611 -0.850702 -0.006194 183.733383
3429 9 10 10
-0.237374 -0.639335 -0.731372 178.859772
3753 9 10 11
-0.100579 -0.449516 -0.887592 164.066681
4077 9 10 12
-0.053973 -0.358092 -0.932125 139.800705
4401 9 10 13
-0.034611 -0.302432 -0.952542 108.761635
1827 9 11 5
-0.285966 -0.306307 0.907964 104.453293
2151 9 11 6
-0.321361 -0.374038 0.869956 133.168015
2475 9 11 7
-0.359785 -0.498312 0.788822 155.785156
2799 9 11 8
-0.384537 -0.744493 0.545766 169.601517
3123 9 11 9
-0.284136 -0.954437 -0.091199 173.455841
3447 9 11 10
-0.109401 -0.793757 -0.598315 167.001419
3771 9 11 11
-0.031622 -0.629593 -0.776282 150.509521
4095 9 11 12
-0.004250 -0.527954 -0.849262 125.513206
4419 9 11 13
0.006130 -0.457352 -0.889264 95.454330
1845 9 12 5
-0.276843 -0.415748 0.866321 92.516960
2169 9 12 6
-0.294860 -0.509890 0.808128 119.655617
2493 9 12 7
-0.300885 -0.669427 0.679217 141.321030
2817 9 12 8
-0.262788 -0.893817 0.363363 154.137115
3141 9 12 9
-0.147050 -0.977703 -0.149912 156.403717
3465 9 12 10
-0.042708 -0.857480 -0.512741 147.951553
3789 9 12 11
0.005096 -0.731977 -0.681311 130.002441
4113 9 12 12
0.023109 -0.641850 -0.766482 105.227776
2187 9 13 6
-0.241630 -0.649605 0.720852 101.508743
2511 9 13 7
-0.220169 -0.809092 0.544881 120.917549
2835 9 13 8
-0.160967 -0.962328 0.219123 131.806793
3159 9 13 9
-0.075119 -0.981350 -0.176942 132.240952
3483 9 13 10
-0.011074 -0.888783 -0.458195 122.388718
3807 9 13 11
0.020338 -0.789949 -0.612836 104.320145
2529 9 14 7
-0.143591 -0.894735 0.422883 95.618629
2853 9 14 8
-0.090643 -0.987470 0.129176 104.034500
3177 9 14 9
-0.033831 -0.982378 -0.183819 103.069496
3501 9 14 10
0.005949 -0.908610 -0.417604 93.193932
3825 9 14 11
0.026377 -0.826600 -0.562172 76.898926
2547 9 15 7
-0.083380 -0.940079 0.330603 68.647896
2871 9 15 8
-0.043436 -0.996045 0.077506 74.545563
3195 9 15 9
-0.006934 -0.983778 -0.179256 72.968781
3519 9 15 10
0.017520 -0.923758 -0.382576 64.516724
2889 9 16 8
-0.011092 -0.998764 0.048444 47.831703
3213 9 16 9
0.012223 -0.985599 -0.168655 46.335976
2314 10 2 7
-0.283008 0.917666 0.278919 60.470119
2332 10 3 7
-0.303931 0.880304 0.364268 87.926941
2656 10 3 8
-0.294244 0.946863 0.129889 95.991386
2980 10 3 9
-0.258578 0.961826 -0.089602 96.556343
2026 10 4 6
-0.294267 0.680877 0.670681 96.585403
2350 10 4 7
-0.328790 0.816598 0.474411 115.591423
2674 10 4 8
-0.333373 0.921334 0.200015 126.414970
2998 10 4 9
-0.300456 0.949780 -0.087433 128.091110
3322 10 4 10
-0.251890 0.911102 -0.326259 121.336235
2044 10 5 6
-0.300811 0.549644 0.779362 117.152023
2368 10 5 7
-0.360168 0.703630 0.612522 139.170181
2692 10 5 8
-0.401492 0.864082 0.303589 151.908112
3016 10 5 9
-0.383062 0.918776 -0.095468 154.488663
3340 10 5 10
-0.324246 0.846036 -0.423188 147.597458
3664 10 5 11
-0.269766 0.724476 -0.634319 132.376022
3988 10 5 12
-0.231313 0.602751 -0.763666 110.367149
4312 10 5 13
-0.205080 0.498393 -0.842346 84.224937
2062 10 6 6
-0.306335 0.374329 0.875235 132.220078
2386 10 6 7
-0.395750 0.507015 0.765714 155.632797
2710 10 6 8
-0.518644 0.717721 0.464635 169.206223
3034 10 6 9
-0.550362 0.826880 -0.115633 172.359436
3358 10 6 10
-0.441738 0.697051 -0.564790 165.766586
3682 10 6 11
-0.344042 0.542295 -0.766519 150.200409
4006 10 6 12
-0.281330 0.426744 -0.859502 126.756203
4330 10 6 13
-0.239423 0.343717 -0.908039 97.961716
4654 10 6 14
-0.209532 0.283839 -0.935699 68.111122
1756 10 7 5
-0.255670 0.144844 0.955852 109.805153
2080 10 7 6
-0.312010 0.166687 0.935342 140.559296
2404 10 7 7
-0.419594 0.222640 0.879984 164.131165
2728 10 7 8
-0.649170 0.374094 0.662293 177.883423
3052 10 7 9
-0.826503 0.550638 -0.117009 181.552353
3376 10 7 10
-0.572181 0.432010 -0.697120 175.721390
3700 10 7 11
-0.399843 0.322015 -0.858156 160.704147
4024 10 7 12
-0.307585 0.252170 -0.917498 137.061020
4348 10 7 13
-0.249908 0.203840 -0.946570 107.060257
1774 10 8 5
-0.267690 -0.010478 0.963448 112.058022
2098 10 8 6
-0.320418 -0.031967 0.946737 142.460068
2422 10 8 7
-0.420407 -0.053099 0.905781 165.789642
2746 10 8 8
-0.656791 -0.052366 0.752252 179.787781
3070 10 8 9
-0.998756 0.046532 -0.017923 184.271637
3394 10 8 10
-0.645962 0.121022 -0.753716 179.542328
3718 10 8 11
-0.407630 0.113689 -0.906042 165.443634
4042 10 8 12
-0.293737 0.093695 -0.951283 142.138489
4366 10 8 13
-0.227127 0.075127 -0.970963 111.756187
1792 10 9 5
-0.288332 -0.140711 0.947135 109.427582
2116 10 9 6
-0.335654 -0.180731 0.924485 139.219818
2440 10 9 7
-0.416452 -0.232248 0.878993 162.573715
2764 10 9 8
-0.591931 -0.307685 0.744948 177.275681
3088 10 9 9
-0.912390 -0.391727 0.118723 182.828812
3412 10 9 10
-0.623492 -0.216685 -0.751203 179.069244
3736 10 9 11
-0.354021 -0.116038 -0.928011 165.528992
4060 10 9 12
-0.236216 -0.085962 -0.967891 142.358047
4384 10 9 13
-0.172854 -0.073701 -0.982186 111.878532
1810 10 10 5
-0.314504 -0.237538 0.919055 103.028519
2134 10 10 6
-0.356668 -0.281936 0.890674 132.233170
2458 10 10 7
-0.419852 -0.347452 0.838452 155.907990
2782 10 10 8
-0.536688 -0.475282 0.697189 171.475998
3106 10 10 9
-0.696778 -0.702752 0.143671 177.790070
3430 10 10 10
-0.466197 -0.579662 -0.668321 174.212723
3754 10 10 11
-0.246645 -0.391870 -0.886343 160.326538
4078 10 10 12
-0.151802 -0.303965 -0.940511 136.792160
4402 10 10 13
-0.103477 -0.253880 -0.961685 106.479080
2152 10 11 6
-0.374074 -0.370302 0.850262 122.168793
2476 10 11 7
-0.421229 -0.463404 0.779630 145.873032
2800 10 11 8
-0.482130 -0.646741 0.590996 161.722382
3124 10 11 9
-0.476036 -0.877461 0.058754 167.833191
3448 10 11 10
-0.285514 -0.791328 -0.540631 163.316788
3772 10 11 11
-0.144292 -0.615755 -0.774613 148.259369
4096 10 11 12
-0.078015 -0.504512 -0.859873 124.261452
4420 10 11 13
-0.044130 -0.430784 -0.901375 94.883316
2170 10 12 6
-0.375887 -0.473561 0.796523 108.843491
2494 10 12 7
-0.404704 -0.600001 0.690082 131.531815
2818 10 12 8
-0.412308 -0.798260 0.439070 146.466156
3142 10 12 9
-0.331319 -0.942913 -0.033791 151.231949
3466 10 12 10
-0.187113 -0.869811 -0.456528 145.029724
3790 10 12 11
-0.088963 -0.740239 -0.666432 128.763016
4114 10 12 12
-0.037357 -0.640971 -0.766656 105.069908
2188 10 13 6
-0.355013 -0.591097 0.724272 91.987343
2512 10 13 7
-0.363810 -0.731787 0.576307 112.209770
2836 10 13 8
-0.337217 -0.894103 0.294728 124.979347
3160 10 13 9
-0.249747 -0.963697 -0.094418 127.734688
3484 10 13 10
-0.144129 -0.900518 -0.410236 120.027962
3808 10 13 11
-0.069034 -0.803420 -0.591397 103.566040
2206 10 14 6
-0.314169 -0.702891 0.638156 72.305511
2530 10 14 7
-0.307903 -0.831580 0.462245 88.795837
2854 10 14 8
-0.271247 -0.943786 0.188926 98.631363
3178 10 14 9
-0.200806 -0.971347 -0.127130 99.489983
3502 10 14 10
-0.124398 -0.916477 -0.380257 91.333290
3826 10 14 11
-0.065416 -0.838628 -0.540763 76.327583
2548 10 15 7
-0.250901 -0.895856 0.366729 64.019951
2872 10 15 8
-0.218036 -0.968510 0.120205 70.829292
3196 10 15 9
-0.167101 -0.975773 -0.141226 70.468887
3520 10 15 10
-0.112722 -0.927895 -0.355394 63.182961
3844 10 15 11
-0.067029 -0.861895 -0.502637 51.111824
2566 10 16 7
-0.200867 -0.934399 0.294197 41.420757
2890 10 16 8
-0.175894 -0.981345 0.077611 45.649971
3214 10 16 9
-0.140923 -0.979540 -0.143672 44.843147
3538 10 16 10
-0.103025 -0.937913 -0.331218 39.336258
2333 11 3 7
-0.419366 0.837489 0.350350 76.238083
2657 11 3 8
-0.409947 0.900105 0.147496 84.279129
2351 11 4 7
-0.446638 0.776341 0.444757 102.731201
2675 11 4 8
-0.458935 0.864072 0.206783 113.601372
2999 11 4 9
-0.441379 0.895932 -0.049893 116.146950
3323 11 4 10
-0.406511 0.868252 -0.284406 110.616676
3647 11 4 11
-0.368064 0.796651 -0.479453 98.093597
3971 11 4 12
-0.331822 0.701559 -0.630642 80.320694
2045 11 5 6
-0.408025 0.549869 0.728807 105.180305
2369 11 5 7
-0.476397 0.676642 0.561428 126.432220
2693 11 5 8
-0.532560 0.796814 0.285425 139.290253
3017 11 5 9
-0.541883 0.838059 -0.063402 142.418213
3341 11 5 10
-0.503318 0.777912 -0.376197 136.112518
3665 11 5 11
-0.446645 0.667328 -0.595972 121.474785
3989 11 5 12
-0.391239 0.554309 -0.734625 100.320526
4313 11 5 13
-0.343263 0.459349 -0.819249 75.583710
2063 11 6 6
-0.395928 0.393210 0.829835 120.889320
2387 11 6 7
-0.501358 0.511141 0.698122 143.955856
2711 11 6 8
-0.637332 0.660328 0.397209 157.701248
3035 11 6 9
-0.695099 0.712826 -0.093360 160.989319
3359 11 6 10
-0.618562 0.610237 -0.494966 154.246170
3683 11 6 11
-0.517099 0.484833 -0.705370 138.503815
4007 11 6 12
-0.434320 0.389552 -0.812167 115.414879
4331 11 6 13
-0.369564 0.321916 -0.871661 87.912247
2081 11 7 6
-0.370617 0.193702 0.908362 130.188629
2405 11 7 7
-0.499715 0.260502 0.826089 153.799225
2729 11 7 8
-0.739459 0.390391 0.548448 167.778397
3053 11 7 9
-0.875040 0.470089 -0.115414 171.272247
3377 11 7 10
-0.706545 0.385210 -0.593639 164.766525
3701 11 7 11
-0.551707 0.305634 -0.776020 149.069351
4025 11 7 12
-0.446421 0.253184 -0.858258 125.473686
2099 11 8 6
-0.337880 -0.018628 0.941005 132.774872
2423 11 8 7
-0.456140 -0.022514 0.889623 156.430283
2747 11 8 8
-0.731259 0.012684 0.681982 170.788055
3071 11 8 9
-0.990256 0.125229 -0.060918 175.085251
3395 11 8 10
-0.747631 0.169777 -0.642047 169.615295
3719 11 8 11
-0.547132 0.161350 -0.821348 154.802368
4043 11 8 12
-0.423908 0.143139 -0.894323 131.550949
4367 11 8 13
-0.337817 0.124638 -0.932923 102.365784
2117 11 9 6
-0.316841 -0.194181 0.928389 129.524948
2441 11 9 7
-0.405975 -0.238065 0.882332 153.381561
3413 11 9 10
-0.750522 -0.086364 -0.655178 170.417740
3737 11 9 11
-0.503634 -0.016823 -0.863754 156.619919
4061 11 9 12
-0.365628 -0.002479 -0.930758 133.802856
4385 11 9 13
-0.277851 -0.001851 -0.960622 104.538849
4709 11 9 14
-0.216999 -0.003174 -0.976167 73.438332
2135 11 10 6
-0.322707 -0.314920 0.892572 121.784882
3107 11 10 9
-0.768183 -0.612322 0.186968 169.745575
3431 11 10 10
-0.645818 -0.475462 -0.597373 166.744064
3755 11 10 11
-0.406579 -0.305321 -0.861088 153.389908
4079 11 10 12
-0.276033 -0.229178 -0.933426 130.685913
4403 11 10 13
-0.199716 -0.189407 -0.961373 101.615120
4727 11 10 14
-0.149872 -0.162798 -0.975210 71.004150
2801 11 11 8
-0.487061 -0.630465 0.604389 151.919098
3125 11 11 9
-0.560027 -0.814948 0.149096 159.609726
3449 11 11 10
-0.445639 -0.766188 -0.462993 156.613464
3773 11 11 11
-0.282120 -0.591071 -0.755674 142.950928
4097 11 11 12
-0.183659 -0.472419 -0.862026 120.286659
4421 11 11 13
-0.125994 -0.396279 -0.909444 92.179810
4745 11 11 14
-0.089185 -0.341389 -0.935681 63.484436
2495 11 12 7
-0.421952 -0.592261 0.686428 119.470505
2819 11 12 8
-0.457615 -0.753771 0.471613 135.769363
3143 11 12 9
-0.434790 -0.898167 0.065224 142.589905
3467 11 12 10
-0.318462 -0.871531 -0.372847 138.621201
3791 11 12 11
-0.200497 -0.750081 -0.630222 124.422157
4115 11 12 12
-0.123956 -0.642396 -0.756282 102.453163
2513 11 13 7
-0.426554 -0.693808 0.580243 100.136444
2837 11 13 8
-0.426951 -0.837776 0.340358 114.074600
3161 11 13 9
-0.368897 -0.929449 -0.006252 118.953773
3485 11 13 10
-0.264157 -0.905419 -0.332321 113.753571
3809 11 13 11
-0.167567 -0.821735 -0.544677 99.662544
2531 11 14 7
-0.411071 -0.778469 0.474349 78.008110
2855 11 14 8
-0.392940 -0.889102 0.234726 88.638298
3179 11 14 9
-0.330906 -0.942015 -0.055763 91.315971
3503 11 14 10
-0.242849 -0.918086 -0.313279 85.479713
3827 11 14 11
-0.160784 -0.855451 -0.492293 72.737938
2549 11 15 7
-0.380672 -0.842054 0.382144 55.555115
2873 11 15 8
-0.357513 -0.920358 0.158512 62.773590
3197 11 15 9
-0.304054 -0.948702 -0.086697 63.729572
3521 11 15 10
-0.233441 -0.924667 -0.300824 58.267422
3845 11 15 11
-0.164515 -0.873753 -0.457702 48.042030
2567 11 16 7
-0.343171 -0.887157 0.308524 35.639301
2891 11 16 8
-0.322340 -0.940614 0.106496 40.003918
3215 11 16 9
-0.280829 -0.954132 -0.103765 40.010368
3539 11 16 10
-0.226493 -0.930238 -0.288717 35.735176
3648 12 4 11
-0.512555 0.735467 -0.443144 84.000259
3972 12 4 12
-0.474461 0.647136 -0.596743 68.119629
2370 12 5 7
-0.550340 0.666187 0.503309 109.984032
2694 12 5 8
-0.618729 0.744777 0.249963 122.158310
3018 12 5 9
-0.650979 0.757120 -0.054728 125.180313
3342 12 5 10
-0.635938 0.695383 -0.334702 119.115379
3666 12 5 11
-0.589181 0.597783 -0.543618 105.206482
3990 12 5 12
-0.529935 0.501267 -0.684032 85.612366
4314 12 5 13
-0.470251 0.421610 -0.775312 63.403172
2388 12 6 7
-0.574353 0.540731 0.614596 128.847702
2712 12 6 8
-0.708427 0.633705 0.310722 141.850082
3036 12 6 9
-0.768392 0.631876 -0.101522 144.500977
3360 12 6 10
-0.722551 0.537715 -0.434491 137.172211
3684 12 6 11
-0.640485 0.436811 -0.631645 121.351906
4008 12 6 12
-0.559609 0.361441 -0.745787 99.314743
4332 12 6 13
-0.486955 0.308924 -0.816971 74.239754
2406 12 7 7
-0.575011 0.341220 0.743593 140.963303
2730 12 7 8
-0.799998 0.444591 0.402917 154.190353
3054 12 7 9
-0.879757 0.451604 -0.148598 156.608765
3378 12 7 10
-0.771242 0.370906 -0.517314 148.832687
3702 12 7 11
-0.655065 0.306446 -0.690638 132.382629
4026 12 7 12
-0.560197 0.265708 -0.784588 109.364365
2100 12 8 6
-0.363880 0.036272 0.930739 122.675934
2424 12 8 7
-0.523133 0.063279 0.849899 145.825500
2748 12 8 8
-0.828517 0.142106 0.541632 159.509979
3072 12 8 9
-0.963606 0.225979 -0.142817 162.570602
3396 12 8 10
-0.791777 0.229843 -0.565917 155.550247
3720 12 8 11
-0.644839 0.215105 -0.733425 139.697479
4044 12 8 12
-0.536605 0.198089 -0.820253 116.769386
4368 12 8 13
-0.447935 0.180355 -0.875686 89.550140
1794 12 9 5
-0.254399 -0.149997 0.955396 91.700539
2118 12 9 6
-0.310487 -0.180836 0.933218 120.507675
2442 12 9 7
-0.435228 -0.211364 0.875158 144.076752
2766 12 9 8
-0.720515 -0.216776 0.658685 158.936218
3090 12 9 9
-0.994736 -0.098034 -0.029811 163.679214
4062 12 9 12
-0.490864 0.086431 -0.866938 121.332726
4386 12 9 13
-0.394756 0.076969 -0.915557 93.845360
4710 12 9 14
-0.319906 0.065978 -0.945149 65.447502
2136 12 10 6
-0.290407 -0.343963 0.892946 112.644356
2460 12 10 7
-0.378757 -0.405365 0.831999 136.622940
2784 12 10 8
-0.570383 -0.486692 0.661660 153.010406
3108 12 10 9
-0.846116 -0.517701 0.126780 159.794601
3432 12 10 10
-0.768710 -0.333971 -0.545480 156.305115
3756 12 10 11
-0.557780 -0.193628 -0.807087 142.857864
4080 12 10 12
-0.416520 -0.136744 -0.898784 120.917282
4404 12 10 13
-0.321734 -0.111969 -0.940186 93.533340
4728 12 10 14
-0.254105 -0.097724 -0.962227 65.145508
2478 12 11 7
-0.374817 -0.533585 0.758155 124.134285
2802 12 11 8
-0.485786 -0.653191 0.580821 141.394287
3126 12 11 9
-0.612589 -0.773645 0.161886 149.474228
3450 12 11 10
-0.578214 -0.707471 -0.406390 147.058090
3774 12 11 11
-0.431240 -0.538536 -0.723886 134.292191
4098 12 11 12
-0.316060 -0.421005 -0.850212 112.965652
4422 12 11 13
-0.239333 -0.347843 -0.906490 86.565102
4746 12 11 14
-0.186599 -0.297422 -0.936334 59.662155
2820 12 12 8
-0.454273 -0.757162 0.469405 123.808197
3144 12 12 9
-0.477608 -0.870799 0.116615 131.693878
3468 12 12 10
-0.416982 -0.858292 -0.299099 129.305161
3792 12 12 11
-0.314415 -0.746596 -0.586292 116.959953
4116 12 12 12
-0.229812 -0.633693 -0.738661 96.912941
3162 12 13 9
-0.417868 -0.906591 0.058987 107.531250
3486 12 13 10
-0.343285 -0.904298 -0.253772 104.534737
3810 12 13 11
-0.254929 -0.834829 -0.487926 92.925232
3504 12 14 10
-0.316368 -0.918237 -0.238226 76.829559
2695 13 5 8
-0.684764 0.700724 0.200211 101.478943
3019 13 5 9
-0.725714 0.684915 -0.065037 103.650490
3343 13 5 10
-0.724002 0.618627 -0.305158 97.621338
3667 13 5 11
-0.689540 0.532799 -0.490571 84.846161
3991 13 5 12
-0.637096 0.452881 -0.623705 67.694756
2389 13 6 7
-0.644934 0.566362 0.513121 110.625130
2713 13 6 8
-0.762297 0.609602 0.217458 121.757713
3037 13 6 9
-0.809619 0.573992 -0.122682 123.066246
3361 13 6 10
-0.780903 0.487432 -0.390642 115.070465
3685 13 6 11
-0.720527 0.404459 -0.563253 99.730087
4009 13 6 12
-0.653157 0.344039 -0.674554 79.760132
2083 13 7 6
-0.501111 0.335231 0.797814 104.338104
2407 13 7 7
-0.669486 0.416063 0.615370 124.972412
2731 13 7 8
-0.843441 0.474904 0.251146 136.332718
3055 13 7 9
-0.878110 0.443485 -0.179566 136.997940
3379 13 7 10
-0.805400 0.371431 -0.461921 127.878441
3703 13 7 11
-0.722001 0.317285 -0.614854 111.195847
2101 13 8 6
-0.455366 0.115110 0.882832 111.119476
2425 13 8 7
-0.655063 0.172822 0.735544 132.585571
2749 13 8 8
-0.905105 0.258551 0.337544 144.513718
3073 13 8 9
-0.935314 0.293238 -0.197986 145.611313
3397 13 8 10
-0.816077 0.279339 -0.505952 136.818817
3721 13 8 11
-0.710504 0.262940 -0.652722 120.214478
1795 13 9 5
-0.298132 -0.121378 0.946776 83.495834
2119 13 9 6
-0.389827 -0.138178 0.910462 110.792557
2443 13 9 7
-0.571503 -0.140232 0.808529 133.003708
2767 13 9 8
-0.873522 -0.083928 0.479495 146.310730
3091 13 9 9
-0.989586 0.052141 -0.134167 149.194275
3415 13 9 10
-0.840474 0.140103 -0.523426 142.124924
4063 13 9 12
-0.595023 0.164907 -0.786609 104.992897
4387 13 9 13
-0.505946 0.150420 -0.849349 79.959709
1813 13 10 5
-0.268850 -0.303697 0.914050 77.096313
2137 13 10 6
-0.336875 -0.350457 0.873897 103.646935
2461 13 10 7
-0.467056 -0.402582 0.787266 126.401031
2785 13 10 8
-0.705913 -0.439524 0.555433 141.512604
3109 13 10 9
-0.932195 -0.361567 0.016805 146.889267
3433 13 10 10
-0.848897 -0.181046 -0.496586 142.176529
3757 13 10 11
-0.679821 -0.076836 -0.729342 128.295029
4081 13 10 12
-0.549259 -0.039192 -0.834732 107.215866
4405 13 10 13
-0.450552 -0.029443 -0.892265 82.020782
4729 13 10 14
-0.373422 -0.028671 -0.927219 56.632847
2155 13 11 6
-0.321281 -0.492580 0.808791 90.988701
2479 13 11 7
-0.408531 -0.566452 0.715705 113.431129
2803 13 11 8
-0.548689 -0.654820 0.519760 129.707458
3127 13 11 9
-0.701863 -0.702100 0.120184 137.076035
3451 13 11 10
-0.705076 -0.601255 -0.375980 134.361664
3775 13 11 11
-0.581195 -0.447383 -0.679751 121.990051
4099 13 11 12
-0.461806 -0.343479 -0.817776 101.952057
4423 13 11 13
-0.372641 -0.281517 -0.884244 77.645882
4747 13 11 14
-0.306818 -0.241266 -0.920681 53.237453
2497 13 12 7
-0.397423 -0.665644 0.631643 95.434090
2821 13 12 8
-0.469124 -0.764853 0.441501 111.251930
3145 13 12 9
-0.525584 -0.841335 0.126161 119.147408
3469 13 12 10
-0.512305 -0.820151 -0.254747 117.477875
3793 13 12 11
-0.436430 -0.713756 -0.547797 106.479561
4117 13 12 12
-0.353943 -0.600666 -0.716885 88.272026
3163 13 13 9
-0.442068 -0.891901 0.095333 94.978973
3487 13 13 10
-0.403516 -0.893720 -0.196059 93.476105
3811 13 13 11
-0.338983 -0.832061 -0.439050 83.945724
3344 14 5 10
-0.779264 0.557510 -0.286236 73.872650
3668 14 5 11
-0.754162 0.482239 -0.445741 62.851677
2390 14 6 7
-0.715142 0.568568 0.406575 89.638695
2714 14 6 8
-0.805283 0.577235 0.135350 98.117180
3038 14 6 9
-0.835960 0.530019 -0.142304 97.902939
3362 14 6 10
-0.814674 0.455220 -0.359279 89.736893
3686 14 6 11
-0.770047 0.386679 -0.507451 75.846962
2408 14 7 7
-0.761155 0.447887 0.469084 105.023453
2732 14 7 8
-0.872440 0.469688 0.135064 113.784325
3056 14 7 9
-0.880550 0.432084 -0.194768 112.688538
3380 14 7 10
-0.827157 0.375400 -0.418194 102.932434
3704 14 7 11
-0.764916 0.331872 -0.552055 87.160858
2102 14 8 6
-0.599857 0.185410 0.778328 96.206772
2426 14 8 7
-0.789380 0.249202 0.561050 114.799210
2750 14 8 8
-0.935098 0.308240 0.174868 124.286469
3074 14 8 9
-0.922129 0.322173 -0.214201 123.457848
3398 14 8 10
-0.835915 0.311209 -0.452101 113.589127
1796 14 9 5
-0.420859 -0.078848 0.903693 73.281822
2120 14 9 6
-0.551699 -0.075129 0.830653 97.827751
2444 14 9 7
-0.754432 -0.043025 0.654966 117.545868
2768 14 9 8
-0.959383 0.041023 0.279108 128.600784
3092 14 9 9
-0.974441 0.142164 -0.173937 129.530807
3416 14 9 10
-0.864532 0.201873 -0.460251 121.158134
1814 14 10 5
-0.374765 -0.287385 0.881454 68.099991
2138 14 10 6
-0.477526 -0.320997 0.817881 92.179268
2462 14 10 7
-0.643058 -0.342588 0.684916 112.669365
2786 14 10 8
-0.863063 -0.314072 0.395576 125.731400
3110 14 10 9
-0.979378 -0.192535 -0.061226 129.345703
3434 14 10 10
-0.898464 -0.055572 -0.435515 123.473297
3758 14 10 11
-0.768463 0.019407 -0.639600 109.540382
4082 14 10 12
-0.657124 0.044707 -0.752456 89.913559
4406 14 10 13
-0.565395 0.044900 -0.823597 67.622688
2156 14 11 6
-0.415793 -0.495404 0.762687 80.336372
2480 14 11 7
-0.527718 -0.549879 0.647415 100.594536
2804 14 11 8
-0.682632 -0.591080 0.429695 115.049911
3128 14 11 9
-0.820442 -0.568482 0.060849 121.078331
3452 14 11 10
-0.821178 -0.453906 -0.345885 117.728752
3776 14 11 11
-0.715484 -0.329696 -0.615941 105.731514
4100 14 11 12
-0.600815 -0.249271 -0.759530 87.274406
4424 14 11 13
-0.506779 -0.204011 -0.837589 65.628609
4748 14 11 14
-0.432709 -0.177340 -0.883919 44.457970
2498 14 12 7
-0.456752 -0.670896 0.584188 83.020653
2822 14 12 8
-0.543583 -0.739197 0.397626 97.273903
3146 14 12 9
-0.619292 -0.777430 0.109906 104.382515
3470 14 12 10
-0.631740 -0.739624 -0.232079 102.805168
3794 14 12 11
-0.573884 -0.639668 -0.511353 92.820953
4118 14 12 12
-0.493267 -0.535685 -0.685368 76.484451
4442 14 12 13
-0.420996 -0.453639 -0.785477 57.099514
3164 14 13 9
-0.492954 -0.863365 0.107692 81.618881
3488 14 13 10
-0.483810 -0.859920 -0.162683 80.863380
3812 14 13 11
-0.441905 -0.800990 -0.403900 72.900749
4136 14 13 12
-0.387541 -0.716724 -0.579757 59.593853
2409 15 7 7
-0.829106 0.440300 0.344557 81.743973
2733 15 7 8
-0.892833 0.446004 0.062684 87.798630
3057 15 7 9
-0.887402 0.417343 -0.195811 85.594025
3381 15 7 10
-0.844051 0.377891 -0.380495 76.429710
2103 15 8 6
-0.734278 0.223414 0.641032 77.338837
2427 15 8 7
-0.873060 0.274971 0.402687 92.186768
2751 15 8 8
-0.945573 0.314417 0.083864 99.099617
3075 15 8 9
-0.921765 0.328063 -0.206697 97.069412
3399 15 8 10
-0.855211 0.327178 -0.401956 87.474380
2121 15 9 6
-0.714733 -0.013309 0.699270 80.338890
2445 15 9 7
-0.875678 0.034494 0.481663 96.593788
2769 15 9 8
-0.981857 0.109715 0.154662 105.150993
3093 15 9 9
-0.967655 0.184080 -0.172506 104.708672
3417 15 9 10
-0.886867 0.233260 -0.398820 96.225594
2139 15 10 6
-0.647324 -0.258766 0.716946 76.581764
2463 15 10 7
-0.803180 -0.243969 0.543490 93.819061
2787 15 10 8
-0.949179 -0.180350 0.257940 104.408798
3111 15 10 9
-0.993400 -0.072790 -0.088642 106.511841
3435 15 10 10
-0.928618 0.026094 -0.370119 100.273331
3759 15 10 11
-0.830191 0.083401 -0.551205 87.346657
2157 15 11 6
-0.560613 -0.453748 0.692694 66.779762
2481 15 11 7
-0.681661 -0.476476 0.555255 83.959358
2805 15 11 8
-0.818755 -0.469196 0.330902 96.011009
3129 15 11 9
-0.912541 -0.408675 0.015929 100.553375
3453 15 11 10
-0.901679 -0.307900 -0.303599 96.845978
3777 15 11 11
-0.815408 -0.217025 -0.536665 85.809464
4101 15 11 12
-0.714045 -0.159904 -0.681594 69.681473
4425 15 11 13
-0.623436 -0.130104 -0.770974 51.473904
2499 15 12 7
-0.570193 -0.629556 0.527767 68.659103
2823 15 12 8
-0.663625 -0.664266 0.344025 80.712593
3147 15 12 9
-0.740626 -0.666733 0.083311 86.571289
3471 15 12 10
-0.757630 -0.616670 -0.213811 84.888657
3795 15 12 11
-0.707997 -0.530943 -0.465661 76.024178
4119 15 12 12
-0.629292 -0.446431 -0.636153 61.942577
4443 15 12 13
-0.552230 -0.380158 -0.741972 45.621559
3165 15 13 9
-0.587273 -0.802740 0.103533 66.954376
3489 15 13 10
-0.595675 -0.789933 -0.145524 66.436234
3813 15 13 11
-0.566892 -0.733309 -0.375355 59.770374
4137 15 13 12
-0.516709 -0.655580 -0.550661 48.591259
2410 16 7 7
-0.873562 0.414350 0.255351 57.713326
2734 16 7 8
-0.908418 0.417478 0.022097 61.474125
3058 16 7 9
-0.896640 0.400939 -0.187843 59.052650
2428 16 8 7
-0.916236 0.272402 0.293782 67.110931
2752 16 8 8
-0.951847 0.304053 0.039221 71.743118
3076 16 8 9
-0.927602 0.322308 -0.188872 69.450897
2122 16 9 6
-0.824271 0.030748 0.565360 59.761364
2446 16 9 7
-0.931975 0.078340 0.353956 72.002541
2770 16 9 8
-0.985812 0.139900 0.092752 78.157822
3094 16 9 9
-0.967484 0.199622 -0.155326 77.151794
2140 16 10 6
-0.777870 -0.188247 0.599567 57.764236
2464 16 10 7
-0.895430 -0.153631 0.417856 71.050232
2788 16 10 8
-0.980885 -0.087410 0.173851 79.023033
3112 16 10 9
-0.996042 -0.002850 -0.088834 80.126236
3436 16 10 10
-0.947741 0.071749 -0.310867 74.540535
2482 16 11 7
-0.805238 -0.376622 0.457981 64.070221
2806 16 11 8
-0.906129 -0.341914 0.249047 73.367081
3130 16 11 9
-0.961161 -0.275901 -0.006873 76.561539
3454 16 11 10
-0.945894 -0.196905 -0.257903 73.086044
3778 16 11 11
-0.879375 -0.131466 -0.457619 63.865223
4102 16 11 12
-0.795634 -0.090870 -0.598923 50.939774
2824 16 12 8
-0.780546 -0.555053 0.287514 61.761627
3148 16 12 9
-0.843832 -0.533447 0.058158 66.185143
3472 16 12 10
-0.854902 -0.482068 -0.191714 64.535370
3796 16 12 11
-0.811594 -0.415467 -0.410734 57.209724
4120 16 12 12
-0.739817 -0.353470 -0.572477 45.955219
3166 16 13 9
-0.700244 -0.708196 0.090094 51.017834
3490 16 13 10
-0.714089 -0.687057 -0.134278 50.530716
3814 16 13 11
-0.690228 -0.636321 -0.344500 45.183708
2447 17 9 7
-0.956943 0.099939 0.272528 47.794434
2771 17 9 8
-0.986499 0.151174 0.062975 51.860638
2465 17 10 7
-0.940212 -0.089592 0.328596 47.962189
2789 17 10 8
-0.991389 -0.031144 0.127190 53.436024
3113 17 10 9
-0.996198 0.035499 -0.079555 53.993950
2483 17 11 7
-0.881846 -0.285115 0.375575 43.709869
2807 17 11 8
-0.950922 -0.242597 0.192079 50.210003
3131 17 11 9
-0.982780 -0.184140 -0.015384 52.297749
3455 17 11 10
-0.968223 -0.123360 -0.217547 49.555965
3779 17 11 11
-0.918050 -0.074675 -0.389369 42.750278
2825 17 12 8
-0.864217 -0.443881 0.236853 42.510029
3149 17 12 9
-0.910048 -0.412595 0.039741 45.534801
3473 17 12 10
-0.914810 -0.367228 -0.168126 44.154236
3797 17 12 11
-0.878776 -0.317712 -0.356106 38.729637
3167 17 13 9
-0.797903 -0.598244 0.073855 35.157471
3491 17 13 10
-0.809823 -0.573543 -0.123431 34.701504
3815 17 13 11
-0.788030 -0.531813 -0.310134 30.778828
