2.000000
24 24 24
0.488539 0.485844 -0.525061
-23.511461 -23.514156 -24.525061
53.718864 766.363688 218.367454
10011 3 9 17
0.922708 0.366345 -0.120002 15.825300
10035 3 10 17
0.984601 0.122095 -0.125113 18.284847
9436 4 9 16
0.896490 0.435978 0.078923 26.507250
10589 5 9 18
0.667672 0.503307 -0.548539 31.487469
9461 5 10 16
0.979952 0.196963 0.030006 44.851612
10037 5 10 17
0.924146 0.188847 -0.332101 42.740429
10061 5 11 17
0.903742 -0.267470 -0.334231 42.156143
10637 5 11 18
0.743693 -0.241252 -0.623472 35.569077
10661 5 12 18
0.634565 -0.552097 -0.540847 30.224613
10109 5 13 17
0.596602 -0.766808 -0.236794 26.423054
10014 6 9 17
0.577526 0.700264 -0.419635 47.277737
10590 6 9 18
0.427009 0.584293 -0.690119 39.174290
8886 6 10 15
0.902033 0.295151 0.314996 56.639839
9462 6 10 16
0.945534 0.311412 -0.094803 58.513084
10614 6 10 18
0.513038 0.194254 -0.836097 44.807594
8910 6 11 15
0.931614 -0.250132 0.263684 56.972420
10062 6 11 17
0.739689 -0.361303 -0.567733 53.499390
10638 6 11 18
0.494818 -0.297864 -0.816353 44.045158
11238 6 12 19
0.279388 -0.520626 -0.806778 27.284992
11262 6 13 19
0.225155 -0.700389 -0.677319 19.947567
8863 7 9 15
0.455599 0.863182 0.217592 58.135872
9439 7 9 16
0.357444 0.915955 -0.182372 58.600166
10015 7 9 17
0.204239 0.796555 -0.569023 53.054996
10591 7 9 18
0.084039 0.614946 -0.784078 42.916401
8311 7 10 14
0.712440 0.420009 0.562158 62.321758
8887 7 10 15
0.807292 0.527304 0.265011 68.471069
9463 7 10 16
0.716528 0.559303 -0.416854 68.107254
10039 7 10 17
0.331611 0.352889 -0.874931 61.081657
10615 7 10 18
0.113927 0.210671 -0.970896 49.144226
11191 7 10 19
0.023760 0.145043 -0.989140 35.259502
7183 7 11 12
0.674847 0.001694 0.737956 41.657932
8335 7 11 14
0.831520 -0.167619 0.529602 64.451599
8911 7 11 15
0.918899 -0.352340 0.177430 69.577156
9487 7 11 16
0.728896 -0.494838 -0.473123 68.210983
10063 7 11 17
0.335968 -0.413530 -0.846238 60.519299
10639 7 11 18
0.120020 -0.308212 -0.943716 48.366467
11215 7 11 19
0.025004 -0.233197 -0.972108 34.612064
7783 7 12 13
0.703192 -0.454451 0.546804 49.558113
8935 7 12 15
0.622484 -0.781297 0.045691 61.093910
9511 7 12 16
0.445176 -0.837349 -0.317278 58.980743
10663 7 12 18
0.102736 -0.640062 -0.761423 41.008362
9535 7 13 16
0.316029 -0.916738 -0.244372 44.094734
9416 8 8 16
-0.084611 0.980468 -0.177550 44.357544
9440 8 9 16
-0.082957 0.940507 -0.329493 60.565594
10016 8 9 17
-0.197182 0.753138 -0.627617 52.939869
9464 8 10 16
-0.055104 0.667798 -0.742300 71.184570
10616 8 10 18
-0.260042 0.202436 -0.944139 47.874233
11192 8 10 19
-0.258901 0.139326 -0.955803 33.479916
8336 8 11 14
0.793333 -0.180648 0.581368 74.764198
9488 8 11 16
0.055297 -0.471068 -0.880362 72.144600
11216 8 11 19
-0.243605 -0.208090 -0.947288 32.955559
7208 8 12 12
0.617504 -0.367484 0.695445 50.194130
7784 8 12 13
0.626926 -0.549161 0.552618 61.233551
9512 8 12 16
0.087602 -0.844835 -0.527807 63.134762
11816 8 12 20
-0.215960 -0.408507 -0.886839 17.353773
7232 8 13 12
0.545736 -0.645755 0.534016 40.915554
8960 8 13 15
0.247525 -0.956010 -0.157405 52.794342
7713 9 9 13
0.096025 0.888080 0.449548 53.706570
8289 9 9 14
-0.072876 0.974132 0.213906 59.915085
8313 9 10 14
0.002890 0.955499 0.294981 74.273865
8889 9 10 15
-0.372541 0.861240 -0.345656 74.082115
9465 9 10 16
-0.505346 0.506785 -0.698423 67.308823
8337 9 11 14
0.678465 -0.122730 0.724308 79.570190
9489 9 11 16
-0.450877 -0.232061 -0.861892 69.366997
7785 9 12 13
0.517046 -0.684397 0.514067 70.003960
8361 9 12 14
0.279652 -0.959767 0.025352 73.664276
8937 9 12 15
-0.057216 -0.885701 -0.460717 70.604576
7809 9 13 13
0.380846 -0.889151 0.253708 57.045994
7714 10 9 13
-0.121308 0.952730 0.278549 53.415329
8290 10 9 14
-0.312506 0.949695 0.020463 56.257298
8866 10 9 15
-0.467781 0.849655 -0.243449 54.135399
6586 10 10 11
0.299115 0.608773 0.734796 49.108978
7162 10 10 12
0.172680 0.755193 0.632348 61.107796
10042 10 10 17
-0.624925 0.271830 -0.731831 45.627136
6610 10 11 11
0.462955 0.256506 0.848456 56.961845
7762 10 11 13
0.163896 0.552101 0.817510 77.470673
9490 10 11 16
-0.612642 -0.079351 -0.786367 61.118671
10066 10 11 17
-0.587112 -0.109892 -0.802012 47.122517
8362 10 12 14
-0.168272 -0.907345 -0.385240 74.353493
8938 10 12 15
-0.376030 -0.659214 -0.651182 67.273476
8962 10 13 15
-0.174227 -0.858058 -0.483095 53.904076
6563 11 9 11
0.059686 0.873224 0.483650 38.616135
6011 11 10 10
0.291134 0.633225 0.717124 41.436974
6587 11 10 11
0.178193 0.765161 0.618689 53.353600
7187 11 11 12
0.182934 0.691765 0.698568 73.104797
7763 11 11 13
-0.542768 0.836878 -0.070984 76.167366
8339 11 11 14
-0.715885 0.309204 -0.626020 72.317696
7211 11 12 12
0.509732 -0.562377 0.651080 74.135864
7787 11 12 13
-0.168142 -0.938416 -0.301834 75.751060
8363 11 12 14
-0.468023 -0.569892 -0.675409 70.482666
8939 11 12 15
-0.524783 -0.426083 -0.736924 59.827030
8963 11 13 15
-0.322513 -0.719928 -0.614564 49.207115
8340 12 11 14
-0.666106 0.320538 -0.673468 62.926392
6636 12 12 11
0.628249 -0.048246 0.776515 72.937477
7788 12 12 13
-0.500822 -0.392223 -0.771582 72.907616
8940 12 12 15
-0.574230 -0.253831 -0.778351 50.073822
7236 12 13 12
0.228296 -0.965527 -0.125057 69.128601
7812 12 13 13
-0.130144 -0.853793 -0.504083 64.463875
6613 13 11 11
-0.029776 0.958366 0.283987 69.654144
7189 13 11 12
-0.414717 0.864730 -0.283287 69.676979
6637 13 12 11
0.555774 0.569733 0.605409 76.900345
7213 13 12 12
-0.504910 0.056662 -0.861310 75.318001
7789 13 12 13
-0.550867 -0.082942 -0.830461 66.905403
5509 13 13 9
0.666822 -0.214865 0.713569 59.822968
6085 13 13 10
0.675986 -0.485643 0.554251 69.703560
6661 13 13 11
0.451050 -0.891954 0.031182 73.518723
7813 13 13 13
-0.299174 -0.630026 -0.716632 61.077797
6590 14 10 11
-0.257350 0.966214 0.014186 51.298588
6614 14 11 11
-0.299304 0.951797 -0.067075 67.354546
6638 14 12 11
-0.443636 0.760106 -0.474789 76.665573
7790 14 12 13
-0.572208 0.049444 -0.818616 58.338539
5510 14 13 9
0.641182 -0.155093 0.751553 69.911591
6086 14 13 10
0.647897 -0.629840 0.428404 76.497635
6662 14 13 11
-0.033398 -0.810084 -0.585362 75.650688
7238 14 13 12
-0.330242 -0.535049 -0.777601 67.717224
6015 15 10 10
-0.229592 0.965392 0.123715 45.569702
6591 15 10 11
-0.380588 0.913729 -0.142312 45.388573
5487 15 12 9
0.104277 0.775722 0.622400 70.976913
6063 15 12 10
-0.347711 0.936745 0.040066 75.132607
6639 15 12 11
-0.612754 0.521005 -0.594211 71.677979
7791 15 12 13
-0.597920 0.113299 -0.793508 47.983677
5511 15 13 9
0.467929 -0.012550 0.883677 75.931396
6663 15 13 11
-0.481269 -0.357197 -0.800493 72.812378
7815 15 13 13
-0.505517 -0.265074 -0.821089 46.530701
4959 15 14 8
0.535952 -0.475975 0.697283 63.624561
5535 15 14 9
0.427121 -0.841506 0.330811 70.820435
6687 15 14 11
-0.180128 -0.779845 -0.599496 64.220154
4983 15 15 8
0.471749 -0.775663 0.419285 53.302197
6064 16 12 10
-0.625971 0.723917 -0.290009 69.458328
6640 16 12 11
-0.669700 0.427619 -0.607161 62.425804
5512 16 13 9
-0.742381 0.422536 0.519936 76.131409
4384 16 14 7
0.300622 -0.257904 0.918211 58.110126
4960 16 14 8
0.210502 -0.601779 0.770423 68.753960
5536 16 14 9
-0.152297 -0.988226 0.014664 72.748169
6112 16 14 10
-0.369219 -0.743464 -0.557618 69.059647
4984 16 15 8
0.209924 -0.910454 0.356377 58.926884
3280 16 16 5
0.304454 -0.538240 0.785879 21.532406
3880 16 17 6
0.280669 -0.807256 0.519193 21.287407
4313 17 11 7
-0.150820 0.810267 0.566322 37.699257
4913 17 12 8
-0.395445 0.799800 0.451600 59.370789
6065 17 12 10
-0.720556 0.565929 -0.400654 59.361942
6641 17 12 11
-0.705006 0.372168 -0.603703 50.376060
4937 17 13 8
-0.603612 0.458002 0.652600 67.678032
5513 17 13 9
-0.938650 0.303267 -0.164212 70.011894
6089 17 13 10
-0.800664 0.082652 -0.593385 64.758354
6665 17 13 11
-0.696813 -0.015652 -0.717082 53.725685
3809 17 14 6
-0.009391 -0.096748 0.995265 46.265305
4385 17 14 7
-0.167430 -0.247880 0.954213 59.338688
4961 17 14 8
-0.576015 -0.579939 0.576088 67.474083
5537 17 14 9
-0.732852 -0.609570 -0.302246 68.243530
6113 17 14 10
-0.629508 -0.464653 -0.622750 61.626213
3833 17 15 6
0.018827 -0.487566 0.872883 41.998203
4409 17 15 7
-0.082694 -0.730457 0.677934 52.876057
4985 17 15 8
-0.249381 -0.943076 0.220038 58.883301
5561 17 15 9
-0.364451 -0.889112 -0.276869 58.186523
6137 17 15 10
-0.403758 -0.739240 -0.538985 51.231785
3281 17 16 5
0.067548 -0.570595 0.818449 23.766830
3857 17 16 6
0.038274 -0.730721 0.681603 33.379368
5033 17 17 8
-0.045460 -0.998936 0.007720 30.259428
4481 17 18 7
0.026040 -0.979857 0.197995 17.056694
4314 18 11 7
-0.377191 0.802081 0.463026 33.553883
4890 18 11 8
-0.503414 0.837585 0.212194 38.870182
5466 18 11 9
-0.606545 0.791729 -0.072584 39.985416
6042 18 11 10
-0.660007 0.681228 -0.316732 36.645241
3762 18 12 6
-0.318483 0.575583 0.753175 34.885845
5490 18 12 9
-0.770876 0.617855 -0.154936 51.811245
3210 18 13 5
-0.237748 0.270130 0.933009 28.857349
4938 18 13 8
-0.896709 0.365774 0.249243 59.131500
3810 18 14 6
-0.394395 -0.072884 0.916046 43.453907
4386 18 14 7
-0.667938 -0.176116 0.723078 54.274731
5538 18 14 9
-0.876140 -0.315726 -0.364275 58.081013
3258 18 15 5
-0.234806 -0.324322 0.916341 28.357220
4986 18 15 8
-0.656111 -0.752485 0.057310 52.832111
5010 18 16 8
-0.431515 -0.902029 -0.011739 40.975372
5610 18 17 9
-0.322918 -0.899860 -0.293215 25.567101
5467 19 11 9
-0.711322 0.686740 -0.149695 29.651787
5491 19 12 9
-0.838340 0.498638 -0.220332 38.821461
4963 19 14 8
-0.987139 -0.159414 0.012018 47.352718
3835 19 15 6
-0.635150 -0.392256 0.665372 33.145550
4411 19 15 7
-0.786599 -0.496326 0.367318 40.062428
4987 19 15 8
-0.843130 -0.536418 -0.037253 42.301498
5563 19 15 9
-0.786035 -0.499238 -0.364569 39.124161
3859 19 16 6
-0.542557 -0.636097 0.548646 26.630096
3764 20 12 6
-0.715026 0.464982 0.522044 20.892992
4364 20 13 7
-0.920552 0.246215 0.303254 30.613966
4940 20 13 8
-0.975790 0.218155 -0.015589 32.552799
4964 20 14 8
-0.994055 -0.097020 -0.049409 33.424713
