2.000000
48 48 48
15.580144 22.014353 36.210978
-32.419857 -25.985647 -11.789021
126.062801 3125.278424 803.402130
69714 18 12 30
0.496900 0.739608 0.453949 90.886360
72018 18 12 31
0.640148 0.763324 0.086869 98.342407
74322 18 12 32
0.671508 0.632155 -0.386597 94.979881
76626 18 12 33
0.562186 0.412564 -0.716756 82.316803
78930 18 12 34
0.427651 0.241836 -0.870994 64.141930
81234 18 12 35
0.318415 0.136963 -0.938005 44.819118
69762 18 13 30
0.672362 0.608805 0.421054 108.302124
72066 18 13 31
0.876324 0.459027 -0.146121 111.831093
74370 18 13 32
0.743459 0.132204 -0.655584 103.380600
76674 18 13 33
0.536737 -0.071151 -0.840744 86.118103
78978 18 13 34
0.394075 -0.162534 -0.904592 64.847237
81282 18 13 35
0.295845 -0.198154 -0.934457 44.058010
69810 18 14 30
0.898408 0.392847 0.196301 118.901390
72114 18 14 31
0.861839 -0.023820 -0.506622 115.721588
74418 18 14 32
0.583168 -0.278983 -0.762944 100.987320
67554 18 15 29
0.764178 0.440340 0.471309 120.279533
69858 18 15 30
0.961927 0.100026 -0.254344 123.286308
72162 18 15 31
0.649946 -0.266154 -0.711852 111.991234
65298 18 16 28
0.641753 0.424058 0.639006 117.046089
67602 18 16 29
0.948084 0.281713 0.147561 128.185974
69906 18 16 30
0.807432 -0.105058 -0.580531 122.941330
72210 18 16 31
0.506160 -0.317339 -0.801934 103.886650
65346 18 17 28
0.831761 0.278760 0.480070 127.185661
67650 18 17 29
0.978395 0.027813 -0.204864 131.526917
69954 18 17 30
0.669226 -0.222433 -0.708985 118.604301
72258 18 17 31
0.432253 -0.329095 -0.839556 93.606216
65394 18 18 28
0.969590 0.033321 0.242458 131.563416
67698 18 18 29
0.884961 -0.208087 -0.416585 129.038757
70002 18 18 30
0.585941 -0.317462 -0.745581 110.093651
65442 18 19 28
0.976016 -0.217637 -0.005141 128.730698
67746 18 19 29
0.777706 -0.370591 -0.507775 119.992195
65490 18 20 28
0.903580 -0.384945 -0.188044 118.684959
67794 18 20 29
0.695157 -0.470515 -0.543482 105.046684
69715 19 12 30
-0.043726 0.834794 0.548824 97.452904
72019 19 12 31
-0.042958 0.990234 0.132635 105.820023
74323 19 12 32
-0.037313 0.840999 -0.539749 102.340996
76627 19 12 33
-0.035117 0.474970 -0.879301 88.541100
78931 19 12 34
-0.041620 0.252340 -0.966743 68.631897
81235 19 12 35
-0.051088 0.137332 -0.989207 47.560333
67459 19 13 29
-0.081318 0.639549 0.764437 98.810364
69763 19 13 30
-0.122950 0.791257 0.598995 115.245209
72067 19 13 31
-0.208615 0.935076 -0.286555 119.414696
74371 19 13 32
-0.100278 0.150212 -0.983555 110.638870
76675 19 13 33
-0.056999 -0.105879 -0.992744 92.145668
78979 19 13 34
-0.049266 -0.184119 -0.981669 69.148476
81283 19 13 35
-0.052159 -0.207576 -0.976827 46.669067
67507 19 14 29
-0.124404 0.630350 0.766278 114.906029
69811 19 14 30
-0.331939 0.828075 0.451783 125.976311
72115 19 14 31
-0.256362 -0.093853 -0.962014 122.864899
74419 19 14 32
-0.097095 -0.365799 -0.925615 107.437332
76723 19 14 33
-0.059811 -0.428304 -0.901653 84.844566
67555 19 15 29
-0.158630 0.718639 0.677048 127.862267
69859 19 15 30
-0.459816 0.397048 -0.794306 130.784714
72163 19 15 31
-0.139583 -0.338983 -0.930380 118.733444
74467 19 15 32
-0.078144 -0.460121 -0.884411 96.549850
65299 19 16 28
-0.000179 0.631506 0.775371 126.739449
67603 19 16 29
-0.122316 0.952364 0.279359 137.821793
69907 19 16 30
-0.121249 -0.070135 -0.990141 131.472336
72211 19 16 31
-0.072248 -0.333702 -0.939906 110.672432
65347 19 17 28
0.169296 0.656015 0.735516 140.490845
67651 19 17 29
0.203105 0.470918 -0.858478 143.853943
69955 19 17 30
0.008876 -0.201464 -0.979456 128.660095
72259 19 17 31
-0.017663 -0.319925 -0.947278 100.862442
63091 19 18 27
0.312530 0.439859 0.841932 134.193924
65395 19 18 28
0.688710 0.493928 0.530767 148.943787
67699 19 18 29
0.308863 -0.191278 -0.931674 144.228745
70003 19 18 30
0.086973 -0.302849 -0.949062 121.734840
72307 19 18 31
0.029950 -0.338759 -0.940396 89.627548
63139 19 19 27
0.637108 0.249138 0.729399 143.109055
65443 19 19 28
0.945411 -0.232602 -0.228241 150.079605
67747 19 19 29
0.334562 -0.405839 -0.850507 137.649780
70051 19 19 30
0.143426 -0.393206 -0.908195 110.098862
60883 19 20 26
0.684098 0.212803 0.697657 129.510223
63187 19 20 27
0.934083 -0.091073 0.345245 144.932037
65491 19 20 28
0.730070 -0.478653 -0.487739 143.213531
67795 19 20 29
0.352324 -0.499435 -0.791475 124.253990
60931 19 21 26
0.901912 0.004501 0.431896 133.067490
63235 19 21 27
0.935817 -0.345310 -0.070759 139.209824
65539 19 21 28
0.630385 -0.538715 -0.558929 129.175873
60979 19 22 26
0.971901 -0.201001 0.122502 129.643600
63283 19 22 27
0.838194 -0.455016 -0.300653 126.576790
65587 19 22 28
0.580457 -0.560424 -0.590758 109.967140
69716 20 12 30
-0.563108 0.674289 0.477750 88.869225
72020 20 12 31
-0.705948 0.699580 0.110566 96.872910
74324 20 12 32
-0.722918 0.572108 -0.387404 93.831482
76628 20 12 33
-0.596255 0.360901 -0.717099 81.035393
78932 20 12 34
-0.471537 0.208590 -0.856822 62.471428
81236 20 12 35
-0.386392 0.119730 -0.914531 42.911938
69764 20 13 30
-0.766014 0.493299 0.412163 104.241394
72068 20 13 31
-0.939193 0.329725 -0.095902 108.419678
74372 20 13 32
-0.803514 0.058117 -0.592442 100.694473
76676 20 13 33
-0.591218 -0.104674 -0.799690 83.847275
78980 20 13 34
-0.453439 -0.171993 -0.874535 62.694134
67508 20 14 29
-0.684855 0.465642 0.560492 103.342590
69812 20 14 30
-0.941617 0.289403 0.172056 113.425804
72116 20 14 31
-0.917872 -0.060927 -0.392173 110.861893
74420 20 14 32
-0.671188 -0.291820 -0.681431 97.142151
76724 20 14 33
-0.494430 -0.384120 -0.779738 76.761459
67556 20 15 29
-0.816297 0.447310 0.365475 115.620537
69860 20 15 30
-0.968858 0.129422 -0.211102 117.949860
72164 20 15 31
-0.751166 -0.219171 -0.622666 106.976250
65300 20 16 28
-0.619472 0.557339 0.552836 117.074867
67604 20 16 29
-0.908466 0.414252 0.055548 126.262749
69908 20 16 30
-0.831338 0.024396 -0.555232 119.674446
72212 20 16 31
-0.587938 -0.239193 -0.772733 100.267563
63044 20 17 27
-0.402960 0.565586 0.719539 114.671288
65348 20 17 28
-0.710510 0.565468 0.418833 132.735428
67652 20 17 29
-0.898552 0.282944 -0.335481 134.359314
69956 20 17 30
-0.641812 -0.072195 -0.763456 119.019531
72260 20 17 31
-0.452840 -0.239581 -0.858799 92.560661
63092 20 18 27
-0.400548 0.580434 0.708984 132.702408
65396 20 18 28
-0.843964 0.511601 0.161214 144.653091
67700 20 18 29
-0.727168 0.034772 -0.685578 138.014435
70004 20 18 30
-0.467085 -0.181820 -0.865317 115.041420
72308 20 18 31
-0.343498 -0.266892 -0.900432 83.794609
63140 20 19 27
-0.367196 0.617615 0.695499 146.861786
65444 20 19 28
-0.859258 0.192440 -0.473964 150.582581
67748 20 19 29
-0.457838 -0.214207 -0.862844 135.568344
70052 20 19 30
-0.317274 -0.290774 -0.902656 106.744888
60884 20 20 26
0.187902 0.578025 0.794091 143.144745
63188 20 20 27
-0.085513 0.801469 0.591892 155.067078
65492 20 20 28
-0.286934 -0.314951 -0.904696 149.184464
67796 20 20 29
-0.219675 -0.375775 -0.900298 126.548439
60932 20 21 26
0.699815 0.414190 0.581984 154.052063
63236 20 21 27
0.637585 -0.339225 -0.691673 155.708298
65540 20 21 28
0.056900 -0.475177 -0.878048 140.251556
67844 20 21 29
-0.051035 -0.464807 -0.883940 111.824646
58676 20 22 25
0.816514 0.275535 0.507332 149.265610
60980 20 22 26
0.995641 -0.089930 -0.024748 156.882141
63284 20 22 27
0.530523 -0.484103 -0.695838 148.046539
65588 20 22 28
0.196081 -0.526693 -0.827132 124.698761
58724 20 23 25
0.980587 -0.038820 0.192202 152.841904
61028 20 23 26
0.850078 -0.377943 -0.366778 150.516113
63332 20 23 27
0.490836 -0.529920 -0.691567 132.743790
65636 20 23 28
0.260638 -0.552174 -0.791942 104.494652
58772 20 24 25
0.950918 -0.294682 -0.094433 146.965622
69717 21 12 30
-0.801798 0.473897 0.364062 68.954758
72021 21 12 31
-0.898572 0.431342 0.080698 75.482712
74325 21 12 32
-0.905804 0.344171 -0.247116 73.240562
76629 21 12 33
-0.822200 0.240244 -0.516014 63.145176
72069 21 13 31
-0.986609 0.157518 -0.042320 83.741661
74373 21 13 32
-0.934903 0.013396 -0.354651 77.979477
76677 21 13 33
-0.812109 -0.090630 -0.576425 64.925629
65349 21 17 28
-0.887598 0.415949 0.197880 107.398331
67653 21 17 29
-0.952056 0.222106 -0.210378 107.257645
69957 21 17 30
-0.847862 0.009361 -0.530134 93.954460
65397 21 18 28
-0.934445 0.356095 0.003096 120.724998
67701 21 18 29
-0.897769 0.115310 -0.425105 113.197128
70005 21 18 30
-0.739618 -0.067169 -0.669667 92.992935
63141 21 19 27
-0.811791 0.528209 0.248979 130.580917
65445 21 19 28
-0.933546 0.234553 -0.271067 130.314117
67749 21 19 29
-0.783331 -0.026657 -0.621034 114.800171
60885 21 20 26
-0.483873 0.744337 0.460249 138.523941
63189 21 20 27
-0.876506 0.474733 -0.079790 144.244827
65493 21 20 28
-0.804461 0.035172 -0.592964 134.489014
67797 21 20 29
-0.616002 -0.172694 -0.768582 111.166443
58629 21 21 25
0.038092 0.814789 0.578505 146.037704
60933 21 21 26
-0.458468 0.866068 0.199333 156.257172
63237 21 21 27
-0.736668 0.184864 -0.650497 151.689804
65541 21 21 28
-0.543250 -0.186473 -0.818601 132.091660
58677 21 22 25
0.383274 0.796016 0.468465 165.280396
60981 21 22 26
-0.119642 0.550295 -0.826354 166.113770
63285 21 22 27
-0.300072 -0.221681 -0.927801 150.822174
65589 21 22 28
-0.288693 -0.348565 -0.891717 122.774582
56421 21 23 24
0.711255 0.413885 0.568169 166.559906
58725 21 23 25
0.957527 0.287182 -0.025864 174.774429
61029 21 23 26
0.263562 -0.308398 -0.914016 165.599594
63333 21 23 27
-0.030638 -0.418230 -0.907824 140.993103
65637 21 23 28
-0.113287 -0.446000 -0.887834 107.413353
56469 21 24 24
0.932548 0.040181 0.358802 173.020996
58773 21 24 25
0.812300 -0.361283 -0.457869 172.814911
61077 21 24 26
0.309647 -0.493467 -0.812778 154.576141
63381 21 24 27
0.092991 -0.503135 -0.859190 123.580193
54213 21 25 23
0.844205 -0.051002 0.533588 158.425568
56517 21 25 24
0.937268 -0.346853 0.034946 168.663315
58821 21 25 25
0.621982 -0.549507 -0.557835 160.082367
61125 21 25 26
0.315677 -0.559691 -0.766221 135.189575
54261 21 26 23
0.885512 -0.329770 0.327293 151.902512
56565 21 26 24
0.796396 -0.569315 -0.204043 154.246811
58869 21 26 25
0.520028 -0.620766 -0.586704 138.961411
52005 21 27 22
0.824488 -0.338007 0.453839 125.348480
54309 21 27 23
0.820080 -0.563441 0.100016 136.074036
56613 21 27 24
0.661430 -0.676780 -0.323233 131.659317
58917 21 27 25
0.459751 -0.663936 -0.589761 112.695351
54357 21 28 23
0.705679 -0.706217 -0.057229 112.421997
56661 21 28 24
0.564215 -0.738467 -0.369227 103.910072
58630 22 21 25
-0.400685 0.898124 0.181176 140.031204
60934 22 21 26
-0.751728 0.637802 -0.167672 140.477600
63238 22 21 27
-0.832735 0.267128 -0.484969 129.617722
65542 22 21 28
-0.751348 0.004926 -0.659887 108.365662
58678 22 22 25
-0.418072 0.905906 -0.067461 163.915466
60982 22 22 26
-0.713462 0.405863 -0.571181 155.673416
63286 22 22 27
-0.667794 0.027649 -0.743832 134.806732
65590 22 22 28
-0.581655 -0.154690 -0.798592 105.417404
56422 22 23 24
0.323441 0.859687 0.395379 179.395981
58726 22 23 25
-0.385290 0.614928 -0.688052 178.209915
61030 22 23 26
-0.486325 -0.011178 -0.873707 160.918594
63334 22 23 27
-0.450062 -0.204477 -0.869272 131.306656
65638 22 23 28
-0.412660 -0.291513 -0.862978 96.307083
54166 22 24 23
0.634711 0.314062 0.706050 178.284149
56470 22 24 24
0.899166 0.409021 0.155572 188.835617
58774 22 24 25
-0.069909 -0.207646 -0.975703 180.552765
61078 22 24 26
-0.234090 -0.315467 -0.919610 155.150131
63382 22 24 27
-0.266449 -0.361412 -0.893525 119.504868
54214 22 25 23
0.772295 -0.041239 0.633924 182.075867
56518 22 25 24
0.725603 -0.558717 -0.401666 186.680573
58822 22 25 25
0.092160 -0.509428 -0.855564 171.147583
61126 22 25 26
-0.073739 -0.464176 -0.882668 139.837250
51958 22 26 22
0.702325 -0.102402 0.704452 160.569931
54262 22 26 23
0.813189 -0.484330 0.322721 176.225845
56566 22 26 24
0.484643 -0.717653 -0.500095 173.587799
58870 22 26 25
0.160685 -0.608257 -0.777305 152.091995
52006 22 27 22
0.759814 -0.424984 0.492006 152.582855
54310 22 27 23
0.674133 -0.738509 -0.012199 160.348480
56614 22 27 24
0.400200 -0.759324 -0.513095 151.194809
58918 22 27 25
0.203282 -0.659344 -0.723838 126.509651
52054 22 28 22
0.688438 -0.692374 0.216033 134.497192
54358 22 28 23
0.540986 -0.822916 -0.173619 135.289017
56662 22 28 24
0.367052 -0.786752 -0.496281 122.265884
52102 22 29 22
0.573599 -0.818195 0.039249 107.719032
54406 22 29 23
0.461919 -0.857264 -0.227440 104.231125
56710 22 29 24
0.357154 -0.811363 -0.462744 90.786812
49415 23 21 21
0.626513 0.674831 0.389980 106.608398
51719 23 21 22
0.482893 0.831527 0.274549 118.567062
54023 23 21 23
0.211266 0.967805 0.136826 125.768112
47159 23 22 20
0.742764 0.300111 0.598527 106.027832
49463 23 22 21
0.706528 0.453000 0.543699 127.168663
51767 23 22 22
0.587554 0.675651 0.445282 144.697632
54071 23 22 23
0.296274 0.925071 0.237625 155.676025
58727 23 23 25
-0.588295 0.410657 -0.696614 166.450409
61031 23 23 26
-0.625708 0.115514 -0.771457 141.193695
56471 23 24 24
-0.311607 0.480728 -0.819635 190.483795
58775 23 24 25
-0.461129 0.007872 -0.887298 172.406113
61079 23 24 26
-0.467858 -0.130981 -0.874044 140.654144
54215 23 25 23
0.771111 -0.060283 0.633840 194.262146
56519 23 25 24
-0.094070 -0.357418 -0.929195 190.445923
58823 23 25 25
-0.266445 -0.301564 -0.915460 167.232117
54263 23 26 23
0.659145 -0.748895 0.068441 189.174225
56567 23 26 24
0.071390 -0.623216 -0.778785 179.998505
58871 23 26 25
-0.098008 -0.473374 -0.875392 152.572021
52007 23 27 22
0.690273 -0.552452 0.467248 171.721298
54311 23 27 23
0.460262 -0.855078 -0.238748 174.658600
56615 23 27 24
0.167419 -0.709498 -0.684532 160.384415
58919 23 27 25
0.034546 -0.570657 -0.820461 130.983765
45143 23 28 19
0.795020 -0.122369 0.594112 112.375977
47447 23 28 20
0.781412 -0.298681 0.547891 130.856033
49751 23 28 21
0.707873 -0.562273 0.427511 145.752304
52055 23 28 22
0.570872 -0.813172 0.113389 153.930923
54359 23 28 23
0.388061 -0.867253 -0.311901 150.728424
56663 23 28 24
0.237702 -0.756835 -0.608850 133.661407
45191 23 29 19
0.730516 -0.499552 0.465612 101.955261
47495 23 29 20
0.675074 -0.656848 0.335895 115.208313
49799 23 29 21
0.569168 -0.803256 0.175577 123.837578
52103 23 29 22
0.459207 -0.887103 -0.046648 126.215355
54407 23 29 23
0.369388 -0.876900 -0.307569 119.692917
56711 23 29 24
0.299427 -0.790031 -0.534971 103.181221
44808 24 21 19
0.512328 0.584278 0.629396 92.794815
47112 24 21 20
0.498098 0.708614 0.499764 111.777298
49416 24 21 21
0.427492 0.849103 0.310283 125.639091
51720 24 21 22
0.268653 0.961140 0.063520 132.052643
54024 24 21 23
0.020024 0.982706 -0.184087 129.860291
44856 24 22 19
0.622659 0.296974 0.723949 107.515724
47160 24 22 20
0.632329 0.414982 0.654179 130.701752
49464 24 22 21
0.591911 0.619156 0.516030 149.470886
51768 24 22 22
0.419041 0.880266 0.222566 160.460098
54072 24 22 23
0.051806 0.978203 -0.201086 160.744263
44904 24 23 19
0.662937 0.077144 0.744690 113.490471
47208 24 23 20
0.663679 0.139357 0.734922 139.533218
49512 24 23 21
0.649887 0.297662 0.699317 162.873062
56472 24 24 24
-0.370241 0.310909 -0.875361 183.999252
58776 24 24 25
-0.450422 0.107082 -0.886371 156.466675
56520 24 25 24
-0.245171 -0.099847 -0.964325 186.349716
58824 24 25 25
-0.313057 -0.126419 -0.941283 155.917664
54264 24 26 23
0.404942 -0.739681 -0.537489 195.194778
56568 24 26 24
-0.051644 -0.400840 -0.914691 179.621643
58872 24 26 25
-0.145382 -0.304127 -0.941473 147.087631
54312 24 27 23
0.351326 -0.807164 -0.474401 183.063232
56616 24 27 24
0.120756 -0.571286 -0.811819 164.646774
42840 24 28 18
0.682295 -0.091657 0.725308 115.756271
45144 24 28 19
0.743438 -0.207908 0.635668 136.527817
47448 24 28 20
0.722805 -0.430750 0.540377 152.046539
49752 24 28 21
0.611054 -0.703782 0.362358 163.083084
52056 24 28 22
0.479267 -0.877606 0.010569 167.876266
54360 24 28 23
0.356928 -0.837262 -0.414240 162.040024
42888 24 29 18
0.580185 -0.505241 0.638841 106.040955
45192 24 29 19
0.587637 -0.665867 0.459678 123.336075
47496 24 29 20
0.519197 -0.808554 0.276901 134.374664
49800 24 29 21
0.435022 -0.893392 0.112282 140.360565
52104 24 29 22
0.394245 -0.914884 -0.086934 140.912582
54408 24 29 23
0.384463 -0.857523 -0.341823 133.391434
45240 24 30 19
0.404031 -0.866122 0.294264 97.730614
44809 25 21 19
0.205709 0.742699 0.637245 104.809425
47113 25 21 20
0.129831 0.875405 0.465629 122.586494
49417 25 21 21
0.027881 0.978061 0.206443 133.621750
51721 25 21 22
-0.089992 0.990461 -0.104350 135.291153
54025 25 21 23
-0.211098 0.906040 -0.366783 126.373253
56329 25 21 24
-0.334412 0.780282 -0.528516 108.574417
42553 25 22 18
0.379882 0.370155 0.847747 98.429581
44857 25 22 19
0.357315 0.469986 0.807118 123.737740
47161 25 22 20
0.288098 0.641799 0.710699 145.374237
49465 25 22 21
0.148751 0.882855 0.445466 160.558731
51769 25 22 22
-0.063167 0.997006 -0.044594 165.637360
54073 25 22 23
-0.243736 0.858300 -0.451567 157.756348
56377 25 22 24
-0.365987 0.672427 -0.643347 137.516876
44905 25 23 19
0.485489 0.178682 0.855788 132.988174
47209 25 23 20
0.434265 0.266638 0.860417 157.038605
49513 25 23 21
0.330105 0.528707 0.781984 176.159439
51817 25 23 22
0.028686 0.980740 0.193202 185.690475
54121 25 23 23
-0.283090 0.777151 -0.562047 180.704956
51865 25 24 22
0.243610 0.679889 0.691668 196.080109
54169 25 24 23
-0.300031 0.612712 -0.731140 194.241928
56473 25 24 24
-0.348994 0.307371 -0.885283 174.167664
42841 25 28 18
0.498185 -0.232966 0.835188 134.086105
45145 25 28 19
0.546924 -0.425075 0.721239 153.099197
47449 25 28 20
0.481173 -0.679409 0.553964 165.598480
49753 25 28 21
0.394888 -0.848765 0.351655 174.302505
52057 25 28 22
0.402385 -0.915332 0.015932 178.435806
40585 25 29 17
0.298801 -0.496222 0.815157 96.574684
42889 25 29 18
0.316440 -0.675907 0.665594 120.464043
45193 25 29 19
0.290037 -0.851405 0.437022 136.549011
47497 25 29 20
0.248078 -0.936565 0.247594 145.852966
49801 25 29 21
0.266886 -0.953985 0.136695 151.354782
52105 25 29 22
0.360184 -0.932600 -0.022888 153.382538
42937 25 30 18
0.175178 -0.865125 0.469970 94.881371
45241 25 30 19
0.155132 -0.949492 0.272763 107.484192
42506 26 21 18
-0.063988 0.724791 0.685991 85.966301
44810 26 21 19
-0.183201 0.824254 0.535764 105.156219
49418 26 21 21
-0.387737 0.917080 0.092872 127.018692
51722 26 21 22
-0.424326 0.888495 -0.174710 125.433586
54026 26 21 23
-0.427858 0.806106 -0.408815 113.558464
56330 26 21 24
-0.430594 0.700756 -0.568797 93.203941
42554 26 22 18
0.035955 0.538485 0.841868 105.042290
44858 26 22 19
-0.120735 0.657396 0.743810 127.495483
47162 26 22 20
-0.318241 0.773691 0.547836 145.035034
49466 26 22 21
-0.472075 0.852482 0.224542 155.739609
51770 26 22 22
-0.521041 0.836785 -0.168248 156.430817
54074 26 22 23
-0.490887 0.727569 -0.479242 144.418243
56378 26 22 24
-0.457043 0.600881 -0.655785 120.660088
42602 26 23 18
0.187787 0.331858 0.924449 117.231873
44906 26 23 19
0.035596 0.399545 0.916022 140.917038
47210 26 23 20
-0.232045 0.512980 0.826442 160.424637
49514 26 23 21
-0.525315 0.685470 0.504158 174.348633
51818 26 23 22
-0.646539 0.756477 -0.098644 178.630508
54122 26 23 23
-0.552867 0.624531 -0.551633 168.638351
56426 26 23 24
-0.462957 0.482777 -0.743369 143.745529
49562 26 24 21
-0.415936 0.406608 0.813429 184.012039
51866 26 24 22
-0.766817 0.634924 0.094143 191.854889
54170 26 24 23
-0.592567 0.500720 -0.630986 184.914429
56474 26 24 24
-0.429737 0.354352 -0.830518 160.619476
51914 26 25 22
-0.800421 0.441387 0.405590 198.590363
54218 26 25 23
-0.570976 0.336989 -0.748615 194.155304
56522 26 25 24
-0.336593 0.215141 -0.916744 171.125229
51962 26 26 22
-0.693673 -0.081457 0.715670 200.576233
54266 26 26 23
-0.391567 0.002555 -0.920146 197.289139
56570 26 26 24
-0.166374 0.044734 -0.985048 175.569138
42794 26 27 18
0.270782 0.075996 0.959636 146.253967
45098 26 27 19
0.201856 0.007213 0.979389 164.585983
54314 26 27 23
0.042286 -0.552241 -0.832612 193.803482
56618 26 27 24
0.074300 -0.174492 -0.981851 173.751389
40538 26 28 17
0.124636 -0.280799 0.951639 116.413567
42842 26 28 18
0.078419 -0.453777 0.887658 142.107239
45146 26 28 19
-0.042787 -0.706660 0.706258 158.677536
47450 26 28 20
-0.130910 -0.843296 0.521263 169.132706
54362 26 28 23
0.342481 -0.815980 -0.465707 182.373245
56666 26 28 24
0.327594 -0.402158 -0.854957 165.176483
40586 26 29 17
0.008324 -0.604637 0.796457 101.775490
42890 26 29 18
-0.057512 -0.789745 0.610733 124.478706
45194 26 29 19
-0.119769 -0.917003 0.380474 138.949036
47498 26 29 20
-0.110536 -0.955477 0.273578 147.885590
56714 26 29 24
0.524016 -0.561777 -0.640168 150.126785
42938 26 30 18
-0.097559 -0.897696 0.429680 96.158012
45242 26 30 19
-0.112848 -0.956470 0.269128 108.177925
44811 27 21 19
-0.489397 0.791613 0.365842 93.797249
42555 27 22 18
-0.354338 0.640880 0.680968 100.334152
44859 27 22 19
-0.545679 0.684607 0.483267 117.447876
49467 27 22 21
-0.739327 0.670296 0.064029 135.079346
51771 27 22 22
-0.728109 0.662652 -0.175356 132.961273
54075 27 22 23
-0.660109 0.625967 -0.415237 120.525787
40299 27 23 17
-0.102969 0.418216 0.902492 92.378319
42603 27 23 18
-0.290749 0.505491 0.812369 116.095543
44907 27 23 19
-0.556886 0.545164 0.626637 134.336395
47211 27 23 20
-0.751693 0.526187 0.397598 147.489243
49515 27 23 21
-0.833449 0.528769 0.160520 155.699890
51819 27 23 22
-0.822823 0.551765 -0.136078 156.181976
54123 27 23 23
-0.720009 0.535202 -0.441753 144.879684
56427 27 23 24
-0.588503 0.475243 -0.654071 121.051559
40347 27 24 17
-0.015948 0.334803 0.942153 103.052567
42651 27 24 18
-0.187764 0.414592 0.890426 127.330948
44955 27 24 19
-0.502819 0.441100 0.743373 145.342819
49563 27 24 21
-0.874090 0.387379 0.293093 168.940826
51867 27 24 22
-0.895581 0.441428 -0.055462 172.541199
54171 27 24 23
-0.766025 0.451884 -0.457172 163.784882
56475 27 24 24
-0.580193 0.398715 -0.710212 140.080109
42699 27 25 18
-0.134277 0.378462 0.915825 136.418411
51915 27 25 22
-0.940103 0.336225 0.056209 183.229599
54219 27 25 23
-0.797523 0.375583 -0.472117 177.380203
56523 27 25 24
-0.541305 0.328535 -0.773986 155.009918
42747 27 26 18
-0.205989 0.260479 0.943249 143.693893
45051 27 26 19
-0.553701 0.270321 0.787618 159.533615
51963 27 26 22
-0.968663 0.163558 0.186925 189.090057
54267 27 26 23
-0.824305 0.256856 -0.504526 185.876892
56571 27 26 24
-0.462361 0.240293 -0.853511 165.574799
58875 27 26 25
-0.277093 0.209405 -0.937747 130.108337
40491 27 27 17
-0.146404 -0.062043 0.987277 121.526001
42795 27 27 18
-0.373409 -0.117836 0.920152 145.659668
45099 27 27 19
-0.699183 -0.208067 0.683997 160.449066
52011 27 27 22
-0.910938 -0.233023 0.340430 188.989197
54315 27 27 23
-0.832242 -0.070351 -0.549930 188.365768
56619 27 27 24
-0.321797 0.083268 -0.943140 170.936386
58923 27 27 25
-0.140925 0.118895 -0.982855 137.086761
40539 27 28 17
-0.248745 -0.400960 0.881679 114.537140
42843 27 28 18
-0.439236 -0.562262 0.700666 137.372055
45147 27 28 19
-0.604559 -0.660101 0.445842 151.190796
47451 27 28 20
-0.644217 -0.661582 0.383788 160.430984
54363 27 28 23
-0.508455 -0.775992 -0.373242 183.295242
56667 27 28 24
-0.078012 -0.195873 -0.977521 169.893433
58971 27 28 25
0.028200 -0.009436 -0.999558 139.365448
40587 27 29 17
-0.284413 -0.652290 0.702585 97.044273
42891 27 29 18
-0.392693 -0.778208 0.490086 117.038063
45195 27 29 19
-0.457662 -0.831567 0.314709 129.757248
54411 27 29 23
0.045794 -0.998678 0.023329 170.173569
56715 27 29 24
0.251595 -0.525836 -0.812525 161.939606
59019 27 29 25
0.219641 -0.167908 -0.961023 136.302734
54459 27 30 23
0.313749 -0.920119 0.234397 150.776566
56763 27 30 24
0.510864 -0.700270 -0.498638 148.084793
59067 27 30 25
0.404779 -0.323144 -0.855413 128.152542
54507 27 31 23
0.470302 -0.811502 0.346815 128.606873
56811 27 31 24
0.651623 -0.717892 -0.244987 130.572617
59115 27 31 25
0.548798 -0.440404 -0.710539 115.993423
56859 27 32 24
0.725200 -0.680619 -0.104123 111.739830
59163 27 32 25
0.636046 -0.513803 -0.575718 101.171761
44860 28 22 19
-0.746099 0.617113 0.250014 96.460915
40300 28 23 17
-0.453320 0.482968 0.749161 84.275330
42604 28 23 18
-0.656986 0.535015 0.531157 102.671822
44908 28 23 19
-0.811706 0.508357 0.287588 114.508629
40348 28 24 17
-0.433294 0.384206 0.815256 96.575699
42652 28 24 18
-0.674683 0.442175 0.591003 116.032051
44956 28 24 19
-0.855960 0.409715 0.315384 127.917618
54172 28 24 23
-0.850731 0.413653 -0.324266 131.257782
56476 28 24 24
-0.715727 0.412693 -0.563400 111.643234
40396 28 25 17
-0.439505 0.276168 0.854732 106.010254
42700 28 25 18
-0.706883 0.332248 0.624442 126.000351
45004 28 25 19
-0.896114 0.304179 0.323194 137.518326
51916 28 25 22
-0.953268 0.302108 -0.003302 153.028793
54220 28 25 23
-0.884142 0.362073 -0.295289 147.457626
56524 28 25 24
-0.718672 0.374397 -0.585951 128.780136
40444 28 26 17
-0.490450 0.103485 0.865303 111.650696
42748 28 26 18
-0.772059 0.123606 0.623415 131.881042
45052 28 26 19
-0.943575 0.108916 0.312737 143.014236
54268 28 26 23
-0.922516 0.293726 -0.250379 160.049820
56572 28 26 24
-0.717673 0.329725 -0.613374 143.423508
58876 28 26 25
-0.503627 0.310005 -0.806385 113.356331
40492 28 27 17
-0.548820 -0.160813 0.820327 110.955849
42796 28 27 18
-0.799042 -0.208181 0.564086 130.902802
45100 28 27 19
-0.933823 -0.209875 0.289701 141.834854
54316 28 27 23
-0.972648 0.156389 -0.171749 167.716202
56620 28 27 24
-0.718904 0.247345 -0.649613 154.261307
58924 28 27 25
-0.449622 0.249899 -0.857549 125.192383
40540 28 28 17
-0.555511 -0.437467 0.707128 101.447578
42844 28 28 18
-0.724097 -0.513795 0.460107 120.133080
45148 28 28 19
-0.816305 -0.512857 0.265753 130.997009
52060 28 28 22
-0.885449 -0.262687 0.383374 162.467590
54364 28 28 23
-0.993238 -0.115348 -0.013120 168.738205
56668 28 28 24
-0.718421 0.081452 -0.690823 159.616135
58972 28 28 25
-0.379336 0.150070 -0.913008 133.119278
40588 28 29 17
-0.512727 -0.634915 0.577922 83.379509
42892 28 29 18
-0.611297 -0.696755 0.375298 99.635483
45196 28 29 19
-0.667032 -0.696833 0.263614 110.360672
54412 28 29 23
-0.835411 -0.488641 0.251629 162.392761
56716 28 29 24
-0.671415 -0.230581 -0.704297 158.444763
59020 28 29 25
-0.279694 0.000368 -0.960089 135.897964
54460 28 30 23
-0.473836 -0.723932 0.501399 149.964218
56764 28 30 24
-0.440586 -0.680443 -0.585561 151.163895
59068 28 30 25
-0.133285 -0.192572 -0.972189 133.221069
54508 28 31 23
-0.110223 -0.758724 0.642020 134.298889
56812 28 31 24
0.001789 -0.951880 -0.306464 139.466766
59116 28 31 25
0.058619 -0.391460 -0.918326 125.718788
54556 28 32 23
0.187036 -0.707565 0.681446 118.176682
56860 28 32 24
0.356963 -0.927267 -0.112932 125.256378
59164 28 32 25
0.248804 -0.540505 -0.803711 114.408607
61468 28 32 26
0.159028 -0.312593 -0.936480 89.445259
56908 28 33 24
0.536818 -0.840860 -0.069142 109.617783
59212 28 33 25
0.381403 -0.624501 -0.681565 100.167313
61516 28 33 26
0.246072 -0.430288 -0.868505 78.171799
54652 28 34 23
0.553952 -0.664258 0.501896 87.650177
56956 28 34 24
0.597602 -0.796069 -0.095634 92.655373
59260 28 34 25
0.447014 -0.674080 -0.588043 83.666275
54700 28 35 23
0.599914 -0.715706 0.357586 71.519241
57004 28 35 24
0.590042 -0.796571 -0.131622 74.265678
42605 29 23 18
-0.818554 0.483784 0.309713 80.421387
44909 29 23 19
-0.887650 0.448651 0.103874 86.660957
40349 29 24 17
-0.712651 0.358032 0.603275 79.646194
42653 29 24 18
-0.866274 0.376375 0.328499 93.502228
44957 29 24 19
-0.932776 0.345847 0.101578 99.904243
40397 29 25 17
-0.742418 0.221183 0.632371 88.250961
42701 29 25 18
-0.909518 0.238630 0.340342 102.922050
45005 29 25 19
-0.969266 0.223608 0.102579 109.418709
40445 29 26 17
-0.772037 0.036367 0.634536 92.264450
42749 29 26 18
-0.938776 0.041512 0.342017 107.352737
45053 29 26 19
-0.992318 0.049826 0.113234 114.101883
54269 29 26 23
-0.947277 0.286983 -0.142500 122.621346
56573 29 26 24
-0.842233 0.340293 -0.418144 110.664421
40493 29 27 17
-0.776521 -0.191325 0.600341 89.889221
42797 29 27 18
-0.921607 -0.205261 0.329405 104.799942
45101 29 27 19
-0.974474 -0.177604 0.137325 112.033379
54317 29 27 23
-0.978335 0.198335 -0.059357 132.924683
56621 29 27 24
-0.873335 0.280384 -0.398336 123.748863
40541 29 28 17
-0.736820 -0.412719 0.535500 80.072044
42845 29 28 18
-0.845595 -0.436545 0.307241 93.974884
45149 29 28 19
-0.898428 -0.403119 0.174132 101.822868
54365 29 28 23
-0.996223 0.062366 0.060410 138.151520
56669 29 28 24
-0.913784 0.180448 -0.363919 132.833435
58973 29 28 25
-0.688526 0.226742 -0.688854 112.276672
42893 29 29 18
-0.742579 -0.603076 0.291334 76.107704
54413 29 29 23
-0.970025 -0.103823 0.219711 137.510147
56717 29 29 24
-0.951535 0.036617 -0.305354 136.686478
59021 29 29 25
-0.689040 0.120885 -0.714570 118.872734
54461 29 30 23
-0.879911 -0.252884 0.402252 131.897507
56765 29 30 24
-0.965154 -0.140245 -0.220930 135.369492
59069 29 30 25
-0.670286 -0.012487 -0.741997 120.783211
54509 29 31 23
-0.732237 -0.350822 0.583741 123.527237
56813 29 31 24
-0.930282 -0.342844 -0.130510 130.103577
59117 29 31 25
-0.605915 -0.170423 -0.777061 118.307617
56861 29 32 24
-0.792578 -0.604429 -0.080530 122.270836
59165 29 32 25
-0.461109 -0.350326 -0.815260 112.068787
61469 29 32 26
-0.271061 -0.207597 -0.939909 87.758369
56909 29 33 24
-0.412665 -0.902191 -0.125537 112.363602
59213 29 33 25
-0.235031 -0.525729 -0.817538 102.436981
61517 29 33 26
-0.151468 -0.343870 -0.926721 79.688194
54653 29 34 23
0.074977 -0.690687 0.719257 94.966553
56957 29 34 24
0.038331 -0.978226 -0.203971 99.791428
59261 29 34 25
-0.012455 -0.653985 -0.756405 89.469391
54701 29 35 23
0.280980 -0.831292 0.479587 81.456894
57005 29 35 24
0.238877 -0.942967 -0.231845 83.812103
59309 29 35 25
0.132581 -0.735726 -0.664176 73.442818
54749 29 36 23
0.337544 -0.898744 0.279863 64.442223
57053 29 36 24
0.292712 -0.928784 -0.227334 64.886780
42702 30 25 18
-0.964469 0.179657 0.193708 73.564949
45006 30 25 19
-0.983699 0.179545 0.010005 76.454926
42750 30 26 18
-0.979315 0.009639 0.202110 76.613037
45054 30 26 19
-0.999112 0.028736 0.030823 80.034111
45102 30 27 19
-0.986459 -0.149029 0.068482 78.038803
56718 30 29 24
-0.981129 0.114521 -0.155793 102.419563
59022 30 29 25
-0.854797 0.166489 -0.491531 90.013596
56766 30 30 24
-0.994899 0.034452 -0.094806 105.095100
59070 30 30 25
-0.866590 0.085511 -0.491639 94.578278
56814 30 31 24
-0.998478 -0.028387 -0.047276 105.176125
56862 30 32 24
-0.994738 -0.094831 -0.038780 103.585114
59166 30 32 25
-0.816936 -0.092051 -0.569335 94.899666
56910 30 33 24
-0.964973 -0.241663 -0.102111 100.246300
59214 30 33 25
-0.710263 -0.233442 -0.664102 90.844368
54654 30 34 23
-0.645498 -0.379742 0.662667 90.150307
56958 30 34 24
-0.789832 -0.562175 -0.245203 93.837585
59262 30 34 25
-0.518649 -0.427137 -0.740646 83.278137
54702 30 35 23
-0.351511 -0.769623 0.533030 81.389603
57006 30 35 24
-0.400520 -0.854307 -0.331276 82.789986
59310 30 35 25
-0.293837 -0.616080 -0.730825 71.668663
54750 30 36 23
-0.081506 -0.949977 0.301496 67.241066
57054 30 36 24
-0.117371 -0.944021 -0.308299 66.942497
56959 31 34 24
-0.970357 -0.136124 -0.199693 77.443901
54703 31 35 23
-0.830186 -0.411851 0.375726 71.693855
57007 31 35 24
-0.823275 -0.472017 -0.315306 71.965347
54751 31 36 23
-0.557976 -0.790192 0.253495 61.866489
57055 31 36 24
-0.541615 -0.768467 -0.340751 60.837677
54799 31 37 23
-0.306503 -0.941277 0.141613 47.196327
57008 32 35 24
-0.942845 -0.196016 -0.269484 55.295246
54752 32 36 23
-0.835611 -0.523140 0.167569 50.315025
57056 32 36 24
-0.792816 -0.519934 -0.317981 48.849255
54800 32 37 23
-0.604394 -0.789856 0.104094 39.703972
57104 32 37 24
-0.581538 -0.755460 -0.301819 38.004047
54753 33 36 23
-0.942199 -0.319718 0.100207 36.154156
57057 33 36 24
-0.902081 -0.328151 -0.280296 34.660103
54801 33 37 23
-0.790480 -0.608878 0.066407 29.417616
57105 33 37 24
-0.757902 -0.588651 -0.281202 27.862885
