2.000000
48 48 48
16.423686 13.234617 37.586283
-31.576315 -34.765385 -10.413717
157.574959 5257.323458 1769.850360
67841 17 21 29
0.968469 -0.157796 -0.192791 95.383583
69954 18 17 30
0.890144 0.300568 -0.342495 136.043289
70002 18 18 30
0.928656 0.011123 -0.370776 142.223953
67842 18 21 29
0.952313 -0.206723 -0.224422 134.018372
81714 18 22 35
0.846634 -0.233626 -0.478153 78.824158
65634 18 23 28
0.941364 -0.290555 -0.171500 123.883247
65682 18 24 28
0.882929 -0.400109 -0.245660 111.487556
69907 19 16 30
0.575128 0.729584 -0.370047 145.542816
72211 19 16 31
0.481699 0.641568 -0.596956 125.175865
63043 19 17 27
0.783545 0.518702 0.342060 171.741180
65347 19 17 28
0.840861 0.521858 0.143585 183.625961
67651 19 17 29
0.851475 0.493392 -0.177637 183.317520
69955 19 17 30
0.756282 0.424884 -0.497505 169.695602
72259 19 17 31
0.620142 0.373735 -0.689744 145.753143
74563 19 17 32
0.515621 0.383808 -0.766046 117.039909
76867 19 17 33
0.448480 0.452352 -0.770872 89.002190
60787 19 18 26
0.879979 0.254090 0.401342 171.692139
63091 19 18 27
0.928979 0.202935 0.309540 188.958603
67699 19 18 29
0.964238 0.084269 -0.251283 194.642426
70003 19 18 30
0.850796 0.065448 -0.521404 179.035294
72307 19 18 31
0.742748 0.119113 -0.658892 155.192017
58531 19 19 25
0.933369 0.065266 0.352934 160.684189
67747 19 19 29
0.947523 -0.183331 -0.261895 191.905746
70051 19 19 30
0.881861 -0.139212 -0.450489 176.891541
67795 19 20 29
0.930964 -0.272333 -0.243187 182.169235
56323 19 21 24
0.920381 -0.246962 0.303166 138.083328
67843 19 21 29
0.931099 -0.288640 -0.223027 171.160919
79363 19 21 34
0.922644 0.108489 -0.370077 129.891556
81667 19 21 35
0.790009 0.093385 -0.605942 111.340500
83971 19 21 36
0.628101 0.057436 -0.776009 85.920372
65587 19 22 28
0.933103 -0.351409 -0.076355 165.596832
67891 19 22 29
0.914360 -0.335391 -0.226845 160.005692
79411 19 22 34
0.888929 -0.265431 -0.373297 126.809349
81715 19 22 35
0.745895 -0.278752 -0.604929 107.697044
61027 19 23 26
0.824509 -0.317968 0.468061 145.423874
63331 19 23 27
0.902327 -0.394967 0.172649 154.148300
65635 19 23 28
0.883613 -0.442037 -0.154372 153.954788
77155 19 23 33
0.838293 -0.513136 -0.184270 121.160797
79459 19 23 34
0.747855 -0.551547 -0.369470 109.863434
61075 19 24 26
0.833914 -0.331770 0.441039 137.033737
63379 19 24 27
0.878898 -0.474656 0.047335 143.311050
65683 19 24 28
0.804512 -0.531559 -0.264963 139.682480
77203 19 24 33
0.704019 -0.673832 -0.224294 95.955009
61123 19 25 26
0.893273 -0.339118 0.295062 128.544159
63427 19 25 27
0.859761 -0.496224 -0.120714 130.699036
65731 19 25 28
0.750820 -0.549967 -0.365795 122.874931
61171 19 26 26
0.940102 -0.326871 0.096764 119.573837
63475 19 26 27
0.856112 -0.452733 -0.249209 117.014694
46868 20 16 20
0.811759 0.571638 0.119485 122.503853
72212 20 16 31
0.277859 0.708307 -0.648919 140.947632
60740 20 17 26
0.631127 0.666047 0.397568 186.968674
63044 20 17 27
0.618742 0.704754 0.347102 204.769287
65348 20 17 28
0.657094 0.745378 0.112424 215.052399
67652 20 17 29
0.645775 0.705119 -0.292886 212.106003
69956 20 17 30
0.532536 0.574649 -0.621437 194.778915
72260 20 17 31
0.422153 0.491510 -0.761712 166.713745
74564 20 17 32
0.354975 0.496141 -0.792362 134.099213
79172 20 17 34
0.278718 0.638811 -0.717103 75.503555
42356 20 18 18
0.920741 0.265875 0.285562 144.798904
44660 20 18 19
0.966622 0.189673 0.172237 156.411560
58484 20 18 25
0.859156 0.374426 0.348794 193.412552
60788 20 18 26
0.830387 0.355002 0.429455 210.419312
63092 20 18 27
0.877843 0.321770 0.354761 226.142258
65396 20 18 28
0.960723 0.274805 0.038649 233.504913
70004 20 18 30
0.718564 0.191789 -0.668493 208.864670
72308 20 18 31
0.608876 0.266579 -0.747132 181.780228
40100 20 19 17
0.950982 0.040459 0.306587 138.024490
42404 20 19 18
0.977432 -0.045871 0.206208 150.317734
58532 20 19 25
0.944504 0.019442 0.327923 202.042496
60836 20 19 26
0.917939 -0.070010 0.390495 216.065308
37844 20 20 16
0.932430 -0.197474 0.302620 120.577858
40148 20 20 17
0.936152 -0.287198 0.202824 131.968246
42452 20 20 18
0.935177 -0.321267 0.149105 140.491928
56276 20 20 24
0.954912 -0.235386 0.180935 187.490952
58580 20 20 25
0.903224 -0.322384 0.283292 196.190033
83924 20 20 36
0.448324 0.404268 -0.797228 97.285149
37892 20 21 16
0.855902 -0.481367 0.188991 105.269821
56324 20 21 24
0.852723 -0.490555 0.179497 173.308640
79364 20 21 34
0.844032 0.140749 -0.517493 164.161301
81668 20 21 35
0.659813 0.109470 -0.743413 139.367920
83972 20 21 36
0.493264 0.068172 -0.867204 106.921593
54068 20 22 23
0.795246 -0.575857 0.189665 146.362137
56372 20 22 24
0.726049 -0.638733 0.254702 153.805649
65588 20 22 28
0.773532 -0.628432 0.081984 189.676331
79412 20 22 34
0.783469 -0.341792 -0.518993 160.123947
81716 20 22 35
0.605475 -0.327489 -0.725363 134.683014
61028 20 23 26
0.424137 -0.632822 0.647799 160.488617
63332 20 23 27
0.537727 -0.742622 0.399201 170.315933
65636 20 23 28
0.681628 -0.731146 0.028432 174.070648
67940 20 23 29
0.762678 -0.636876 -0.112746 172.430237
77156 20 23 33
0.720763 -0.637114 -0.273106 154.827026
79460 20 23 34
0.598204 -0.646753 -0.473140 138.615021
61076 20 24 26
0.427712 -0.520132 0.739273 150.785919
63380 20 24 27
0.554771 -0.793217 0.251070 158.182083
65684 20 24 28
0.610498 -0.775302 -0.161865 158.070007
67988 20 24 29
0.661623 -0.714792 -0.226554 152.698776
77204 20 24 33
0.558825 -0.772081 -0.302666 123.209206
61124 20 25 26
0.715897 -0.367549 0.593631 144.738495
63428 20 25 27
0.721757 -0.682001 -0.118070 147.637894
65732 20 25 28
0.619789 -0.682884 -0.386693 142.061905
58868 20 26 25
0.781156 0.050061 0.622325 133.192154
61172 20 26 26
0.960702 -0.218492 0.171210 140.871658
63476 20 26 27
0.819090 -0.439050 -0.369224 138.462296
58916 20 27 25
0.936181 0.009584 0.351389 134.074753
61220 20 27 26
0.978307 -0.185639 -0.091945 137.198532
56660 20 28 24
0.893039 0.028013 0.449107 123.840881
58964 20 28 25
0.983941 -0.112438 0.138627 132.734146
46821 21 15 20
0.521460 0.820679 0.233592 120.922539
49125 21 15 21
0.597980 0.798982 0.063616 128.541595
46869 21 16 20
0.657122 0.719626 0.224342 161.718765
49173 21 16 21
0.728615 0.682592 0.056465 169.399857
69909 21 16 30
0.115849 0.885510 -0.449945 175.453598
44613 21 17 19
0.719356 0.598576 0.352468 181.550873
46917 21 17 20
0.817074 0.539298 0.203832 196.470535
63045 21 17 27
0.326856 0.895684 0.301523 225.073090
65349 21 17 28
0.292514 0.953686 0.070135 232.934875
67653 21 17 29
0.282508 0.895579 -0.343696 228.484177
42357 21 18 18
0.812525 0.409524 0.414841 187.784454
44661 21 18 19
0.895620 0.320142 0.308828 205.772369
46965 21 18 20
0.948353 0.261509 0.179553 218.518936
60789 21 18 26
0.710896 0.545178 0.444306 238.025772
63093 21 18 27
0.688615 0.587164 0.425497 250.456207
65397 21 18 28
0.773035 0.634361 0.001694 256.192139
40101 21 19 17
0.905095 0.115638 0.409184 181.085403
42405 21 19 18
0.942681 0.011466 0.333500 198.218262
56229 21 19 24
0.999354 -0.030669 0.018722 230.193726
58533 21 19 25
0.959736 -0.110728 0.258160 233.818039
60837 21 19 26
0.855831 -0.208085 0.473555 243.275879
63141 21 19 27
0.861138 -0.291985 0.416157 254.085068
65445 21 19 28
0.950027 -0.311839 -0.014329 258.868652
37845 21 20 16
0.905702 -0.224995 0.359278 161.550293
40149 21 20 17
0.902439 -0.322284 0.285896 175.991409
42453 21 20 18
0.900611 -0.359600 0.244106 188.907501
56277 21 20 24
0.846743 -0.530826 -0.035344 220.825760
83925 21 20 36
0.316420 0.431431 -0.844835 113.018524
35589 21 21 15
0.812089 -0.485722 0.323396 130.788712
37893 21 21 16
0.789447 -0.571673 0.223526 142.784439
54021 21 21 23
0.733252 -0.674587 -0.085285 201.715988
56325 21 21 24
0.581383 -0.811364 -0.060677 198.543594
77061 21 21 33
0.893545 0.143892 -0.425291 211.672562
79365 21 21 34
0.696810 0.148579 -0.701698 192.849243
81669 21 21 35
0.493832 0.112226 -0.862285 162.687561
83973 21 21 36
0.359988 0.079539 -0.929560 124.558319
33333 21 22 14
0.691298 -0.638684 0.337920 93.301788
35637 21 22 15
0.667674 -0.716665 0.201500 104.173195
51765 21 22 22
0.700702 -0.712403 0.038716 173.398880
54069 21 22 23
0.571734 -0.818188 -0.060740 172.728867
77109 21 22 33
0.770316 -0.492005 -0.405639 205.939758
79413 21 22 34
0.589788 -0.453405 -0.668262 186.899551
81717 21 22 35
0.436637 -0.380731 -0.815102 156.678604
49509 21 23 21
0.693602 -0.690015 0.206870 135.296814
51813 21 23 22
0.634326 -0.767002 0.096637 141.849503
54117 21 23 23
0.499195 -0.865580 0.039699 143.945389
74853 21 23 32
0.595014 -0.786675 -0.164623 191.435150
77157 21 23 33
0.490464 -0.790672 -0.366446 180.927399
51861 21 24 22
0.655585 -0.713907 0.246058 115.582207
54165 21 24 23
0.546532 -0.777702 0.310617 122.326660
72597 21 24 31
0.491983 -0.862561 -0.118071 164.317642
74901 21 24 32
0.423616 -0.874478 -0.236300 157.276367
77205 21 24 33
0.337080 -0.864868 -0.371994 143.767715
72645 21 25 31
0.439587 -0.861362 -0.254596 131.644913
74949 21 25 32
0.363406 -0.871703 -0.328741 120.537605
58869 21 26 25
0.162374 0.545905 0.821963 141.886429
61173 21 26 26
0.265251 0.721552 0.639535 148.990051
63477 21 26 27
0.628393 -0.254040 -0.735245 148.355774
56613 21 27 24
0.477069 0.435428 0.763419 137.237747
58917 21 27 25
0.605576 0.524088 0.598841 149.377426
61221 21 27 26
0.919275 0.382082 -0.094587 153.033890
56661 21 28 24
0.686631 0.269754 0.675108 144.934219
58965 21 28 25
0.926785 0.188241 0.325015 154.712860
54405 21 29 23
0.666309 0.075718 0.741822 131.629211
56709 21 29 24
0.851317 -0.030420 0.523769 147.590485
59013 21 29 25
0.980473 -0.152019 0.124750 154.684784
54453 21 30 23
0.756275 -0.174448 0.630567 130.339813
56757 21 30 24
0.886767 -0.300022 0.351612 143.392059
77493 21 30 33
0.711583 -0.086267 -0.697286 40.984367
52197 21 31 22
0.697692 -0.255734 0.669198 105.391960
54501 21 31 23
0.785279 -0.386025 0.484068 122.323608
56805 21 31 24
0.861523 -0.445048 0.244356 132.849579
52245 21 32 22
0.723937 -0.433914 0.536315 95.094398
54549 21 32 23
0.777678 -0.499484 0.381748 108.931931
54597 21 33 23
0.769028 -0.531419 0.355231 92.809891
49126 22 15 21
0.381167 0.913751 0.140611 155.274979
51430 22 15 22
0.435272 0.898755 -0.052697 157.595062
69862 22 15 30
-0.100395 0.958133 -0.268146 130.054657
46870 22 16 20
0.401792 0.851647 0.336541 191.089005
49174 22 16 21
0.505523 0.851044 0.142022 204.469910
51478 22 16 22
0.557293 0.827726 -0.065530 206.384537
67606 22 16 29
-0.150182 0.978859 -0.138855 188.630646
69910 22 16 30
-0.100274 0.913221 -0.394934 175.812195
46918 22 17 20
0.573359 0.741413 0.348664 233.453964
49222 22 17 21
0.686554 0.714755 0.133302 245.393158
65350 22 17 28
-0.143429 0.989324 0.025804 235.394379
67654 22 17 29
-0.140277 0.947488 -0.287384 230.802887
69958 22 17 30
-0.051149 0.823130 -0.565544 214.120483
42358 22 18 18
0.594117 0.599247 0.536589 221.029373
44662 22 18 19
0.689081 0.532627 0.491402 243.797546
46966 22 18 20
0.814901 0.466722 0.343666 261.725647
49270 22 18 21
0.903337 0.415048 0.108250 271.118164
60790 22 18 26
0.305620 0.879653 0.364426 251.430695
63094 22 18 27
0.033815 0.921488 0.386932 259.269897
65398 22 18 28
-0.078557 0.996652 -0.022675 263.301727
67702 22 18 29
-0.016857 0.823214 -0.567481 257.166962
40102 22 19 17
0.810669 0.240659 0.533759 217.166214
42406 22 19 18
0.842666 0.134312 0.521415 237.315125
56230 22 19 24
0.854942 -0.326361 -0.403191 256.084595
60838 22 19 26
0.472242 -0.563525 0.677811 256.298798
63142 22 19 27
0.316931 -0.501933 0.804747 265.160675
65446 22 19 28
0.737952 -0.646207 0.194534 270.276123
37846 22 20 16
0.853015 -0.284888 0.437269 198.016617
40150 22 20 17
0.833001 -0.372612 0.408987 214.251251
42454 22 20 18
0.826990 -0.408251 0.386547 230.818481
53974 22 20 23
0.602304 -0.697208 -0.388757 251.860565
56278 22 20 24
0.404845 -0.852450 -0.330801 240.180725
63190 22 20 27
0.163014 -0.884793 0.436542 250.863510
65494 22 20 28
0.313012 -0.912924 0.261904 259.312775
35590 22 21 15
0.695467 -0.630233 0.345156 163.504028
37894 22 21 16
0.666813 -0.693166 0.273642 176.527725
51718 22 21 22
0.567122 -0.795166 -0.214671 235.087234
54022 22 21 23
0.355538 -0.865196 -0.353593 223.157364
56326 22 21 24
0.157038 -0.947064 -0.280016 210.680466
65542 22 21 28
0.192190 -0.906167 0.376729 237.091080
74758 22 21 32
0.910741 -0.052956 -0.409568 242.828598
77062 22 21 33
0.654996 0.100088 -0.748975 232.693817
79366 22 21 34
0.412315 0.113033 -0.904002 211.655289
81670 22 21 35
0.282551 0.100727 -0.953949 178.636230
83974 22 21 36
0.217420 0.092091 -0.971724 137.322037
31030 22 22 13
0.551639 -0.662241 0.507081 101.486870
33334 22 22 14
0.535074 -0.775026 0.336200 118.776176
35638 22 22 15
0.508722 -0.834315 0.212413 130.446442
49462 22 22 21
0.594005 -0.803881 0.030553 202.787476
51766 22 22 22
0.448048 -0.872445 -0.195175 199.060165
54070 22 22 23
0.237281 -0.915769 -0.324136 187.881302
74806 22 22 32
0.426135 -0.878359 -0.216550 232.808289
77110 22 22 33
0.338591 -0.763801 -0.549513 223.385864
79414 22 22 34
0.267046 -0.592342 -0.760143 202.848770
49510 22 23 21
0.558332 -0.826995 0.065913 164.228531
51814 22 23 22
0.426270 -0.892004 -0.150410 162.534897
72550 22 23 31
0.189959 -0.981769 0.006704 209.074661
74854 22 23 32
0.149417 -0.966431 -0.209012 205.676147
77158 22 23 33
0.121329 -0.907518 -0.402107 193.855789
51862 22 24 22
0.515169 -0.856501 -0.031724 132.918472
70294 22 24 30
0.097699 -0.993172 0.063756 176.805710
72598 22 24 31
0.100127 -0.987736 -0.119797 175.748779
74902 22 24 32
0.066481 -0.958824 -0.276111 167.921036
77206 22 24 33
0.049666 -0.917383 -0.394894 152.865448
72646 22 25 31
0.096484 -0.953072 -0.286957 141.555313
74950 22 25 32
0.056792 -0.921691 -0.383745 129.172852
61174 22 26 26
-0.630042 0.706856 0.321562 144.996613
58918 22 27 25
-0.246364 0.842165 0.479648 151.199615
61222 22 27 26
-0.316917 0.944346 0.088173 155.334503
56662 22 28 24
0.112571 0.591459 0.798438 152.737610
58966 22 28 25
0.045894 0.820149 0.570307 162.072525
65878 22 28 28
0.463264 0.132933 -0.876193 146.386215
68182 22 28 29
0.450866 -0.032943 -0.891984 127.744560
75094 22 28 32
0.318855 -0.259524 -0.911580 68.531456
54406 22 29 23
0.318404 0.200106 0.926594 143.703568
56710 22 29 24
0.345361 0.236366 0.908216 159.116684
59014 22 29 25
0.689976 0.280753 0.667166 167.542236
65926 22 29 28
0.606639 -0.014578 -0.794844 147.670502
68230 22 29 29
0.545661 -0.048284 -0.836614 127.001755
75142 22 29 32
0.450418 -0.022141 -0.892543 66.246521
54454 22 30 23
0.430579 -0.116326 0.895025 144.677917
56758 22 30 24
0.575700 -0.281731 0.767592 158.675735
65974 22 30 28
0.696099 -0.179438 -0.695160 145.163879
77494 22 30 33
0.476859 0.020174 -0.878748 51.049831
52198 22 31 22
0.507181 -0.235934 0.828916 121.690971
54502 22 31 23
0.543527 -0.412083 0.731277 139.232895
56806 22 31 24
0.657159 -0.531019 0.534940 151.677750
66022 22 31 28
0.735476 -0.306784 -0.604118 138.062729
77542 22 31 33
0.569259 -0.179574 -0.802308 49.836777
52246 22 32 22
0.585540 -0.461996 0.666111 113.102509
54550 22 32 23
0.606044 -0.556083 0.568755 128.187927
52294 22 33 22
0.604105 -0.584927 0.541219 99.376144
54598 22 33 23
0.632235 -0.586991 0.505687 113.487411
59686 22 43 25
-0.057280 -0.992551 -0.107528 9.324152
28295 23 13 12
0.735181 0.635464 0.235997 71.141655
51383 23 14 22
0.132666 0.991126 -0.008313 120.619217
49127 23 15 21
0.125518 0.970653 0.205127 169.441284
51431 23 15 22
0.172890 0.984836 -0.014390 174.928513
53735 23 15 23
0.191306 0.959336 -0.207547 168.351105
69863 23 15 30
-0.267616 0.941163 -0.206385 121.261826
49175 23 16 21
0.169678 0.959149 0.226369 222.829895
51479 23 16 22
0.230007 0.972463 -0.037594 227.848465
53783 23 16 23
0.238501 0.935696 -0.259982 219.880676
67607 23 16 29
-0.379515 0.919954 -0.098250 175.149475
69911 23 16 30
-0.325256 0.898366 -0.295206 165.672287
72215 23 16 31
-0.205769 0.847949 -0.488510 147.090897
49223 23 17 21
0.255336 0.936270 0.241253 267.049164
51527 23 17 22
0.327742 0.937950 -0.113288 269.722870
53831 23 17 23
0.304783 0.869216 -0.389321 260.083557
67655 23 17 29
-0.473957 0.859644 -0.190725 217.884567
69959 23 17 30
-0.381801 0.830817 -0.404933 205.169434
72263 23 17 31
-0.214431 0.798559 -0.562426 184.266769
44663 23 18 19
0.254761 0.746706 0.614432 263.370514
46967 23 18 20
0.331311 0.766981 0.549521 283.654022
49271 23 18 21
0.498473 0.833897 0.236940 294.768860
51575 23 18 22
0.558601 0.726098 -0.400932 293.473419
53879 23 18 23
0.391680 0.521184 -0.758257 281.465240
56183 23 18 24
0.188116 0.551189 -0.812898 265.366302
63095 23 18 27
-0.609862 0.783392 0.119857 251.751678
65399 23 18 28
-0.656418 0.753052 -0.045036 253.145386
67703 23 18 29
-0.606512 0.731568 -0.311371 247.885132
70007 23 18 30
-0.440993 0.729825 -0.522379 234.587433
72311 23 18 31
-0.219708 0.762335 -0.608748 215.214218
40103 23 19 17
0.603382 0.432641 0.669889 241.135406
42407 23 19 18
0.541432 0.365831 0.756980 260.936615
44711 23 19 19
0.571736 0.271482 0.774220 280.937256
47015 23 19 20
0.743884 0.126605 0.656207 296.431244
49319 23 19 21
0.973176 -0.230060 0.000476 302.368896
51623 23 19 22
0.511254 -0.458930 -0.726637 296.411438
53927 23 19 23
0.189884 -0.508194 -0.840050 281.293243
56231 23 19 24
-0.032717 -0.623172 -0.781400 264.510590
60839 23 19 26
-0.762939 -0.549680 0.340258 254.269531
63143 23 19 27
-0.877653 -0.173222 0.446899 260.369019
65447 23 19 28
-0.991036 0.108362 0.078134 264.712433
67751 23 19 29
-0.843527 0.341538 -0.414504 261.778503
74663 23 19 32
-0.060272 0.817724 -0.572446 221.381470
35543 23 20 15
0.748473 -0.347381 0.564902 208.510040
37847 23 20 16
0.706235 -0.432949 0.560168 224.256149
40151 23 20 17
0.650527 -0.466706 0.599166 240.509125
42455 23 20 18
0.624838 -0.483233 0.613240 258.548828
44759 23 20 19
0.634373 -0.547871 0.545352 276.109833
47063 23 20 20
0.635987 -0.709287 0.304027 288.304932
49367 23 20 21
0.481359 -0.859467 -0.172079 290.217194
51671 23 20 22
0.209030 -0.829234 -0.518341 280.152527
53975 23 20 23
0.018489 -0.808704 -0.587925 261.863586
56279 23 20 24
-0.117513 -0.881720 -0.456904 243.792496
63191 23 20 27
-0.381198 -0.814112 0.438075 248.034744
65495 23 20 28
-0.528621 -0.784250 0.324827 257.378937
67799 23 20 29
-0.752306 -0.654057 -0.079026 259.963409
74711 23 20 32
-0.246995 0.759789 -0.601427 241.269058
77015 23 20 33
-0.066419 0.727197 -0.683208 227.529602
33287 23 21 14
0.492395 -0.719933 0.489125 171.172165
35591 23 21 15
0.450164 -0.816467 0.361571 187.161682
37895 23 21 16
0.433803 -0.835230 0.337944 200.636719
49415 23 21 21
0.338642 -0.924403 -0.175504 262.022095
51719 23 21 22
0.135496 -0.887810 -0.439811 249.558304
54023 23 21 23
-0.020943 -0.863632 -0.503688 229.327393
65543 23 21 28
-0.268057 -0.869184 0.415530 235.981094
67847 23 21 29
-0.374005 -0.888617 0.265480 245.223404
74759 23 21 32
-0.754255 -0.439236 -0.488027 245.691391
77063 23 21 33
-0.395100 -0.136947 -0.908373 236.447495
79367 23 21 34
-0.123453 0.015516 -0.992229 216.466599
81671 23 21 35
-0.014655 0.075488 -0.997039 184.248550
83975 23 21 36
0.029770 0.103927 -0.994139 143.047485
31031 23 22 13
0.331451 -0.806157 0.490155 119.805344
33335 23 22 14
0.291908 -0.901743 0.318825 136.837570
35639 23 22 15
0.276371 -0.933048 0.230306 148.747833
49463 23 22 21
0.313184 -0.937558 -0.151329 224.055099
51767 23 22 22
0.140265 -0.903959 -0.403961 211.649872
72503 23 22 31
-0.469228 -0.882108 0.041368 233.062088
74807 23 22 32
-0.455410 -0.873713 -0.170960 231.515213
77111 23 22 33
-0.341157 -0.827734 -0.445498 222.981598
81719 23 22 35
-0.042819 -0.507585 -0.860537 175.345688
84023 23 22 36
0.037704 -0.346925 -0.937135 137.746185
47207 23 23 20
0.433045 -0.882916 0.181468 182.070984
49511 23 23 21
0.350932 -0.930569 -0.104343 184.146866
51815 23 23 22
0.201012 -0.904923 -0.375112 174.417770
70247 23 23 30
-0.364710 -0.914061 0.177422 202.643448
72551 23 23 31
-0.390126 -0.920543 -0.020076 205.169250
74855 23 23 32
-0.358146 -0.915036 -0.185581 201.186249
49559 23 24 21
0.459398 -0.888199 -0.007510 149.779312
70295 23 24 30
-0.368969 -0.927150 0.065225 172.319580
72599 23 24 31
-0.351666 -0.926469 -0.134113 170.829330
74903 23 24 32
-0.311471 -0.912403 -0.265532 162.412170
72647 23 25 31
-0.322258 -0.896222 -0.304856 137.671860
65831 23 27 28
-0.515840 0.476169 -0.712160 141.808624
56663 23 28 24
-0.305078 0.716659 0.627158 150.742081
65879 23 28 28
-0.214600 0.440108 -0.871924 148.683212
68183 23 28 29
-0.096594 0.158383 -0.982642 131.816605
63623 23 29 27
-0.217561 0.567043 -0.794437 166.585175
65927 23 29 28
0.016022 0.254651 -0.966900 154.550751
68231 23 29 29
0.078918 0.129862 -0.988387 135.094757
56759 23 30 24
-0.244158 -0.056061 0.968114 160.787323
63671 23 30 27
0.222058 -0.020709 -0.974813 169.227081
65975 23 30 28
0.252733 -0.021970 -0.967287 156.598724
54503 23 31 23
0.170284 -0.348783 0.921604 145.651627
59111 23 31 25
0.118500 -0.605410 0.787043 166.270554
61415 23 31 26
0.514149 -0.852892 0.090696 170.138290
63719 23 31 27
0.510565 -0.466833 -0.722073 166.383636
66023 23 31 28
0.434814 -0.287772 -0.853302 153.575928
77543 23 31 33
0.253840 -0.070409 -0.964680 57.234947
49943 23 32 21
0.594248 -0.299601 0.746398 109.511086
52247 23 32 22
0.454400 -0.461108 0.762168 124.412689
61463 23 32 26
0.626701 -0.779244 0.004933 163.288254
63767 23 32 27
0.571556 -0.595138 -0.564921 158.752487
66071 23 32 28
0.504655 -0.462430 -0.729028 145.244064
49991 23 33 21
0.594576 -0.581043 0.555760 99.834068
52295 23 33 22
0.495319 -0.628493 0.599713 112.894592
61511 23 33 26
0.642483 -0.762171 -0.079444 153.332443
63815 23 33 27
0.545183 -0.645880 -0.534429 147.101562
66119 23 33 28
0.486389 -0.563752 -0.667539 131.944977
61559 23 34 26
0.577909 -0.798287 -0.169585 140.437851
63863 23 34 27
0.465948 -0.688671 -0.555540 131.867950
59303 23 35 25
0.479145 -0.815113 0.325593 123.167725
61607 23 35 26
0.449899 -0.860029 -0.240707 124.069923
63911 23 35 27
0.358431 -0.734174 -0.576641 113.341591
57047 23 36 24
0.334398 -0.748736 0.572338 94.407356
59351 23 36 25
0.348341 -0.907626 0.234251 104.583603
61655 23 36 26
0.306260 -0.911412 -0.274831 103.962967
63959 23 36 27
0.250700 -0.779538 -0.573995 92.187752
57095 23 37 24
0.233041 -0.833076 0.501674 74.916237
59399 23 37 25
0.220717 -0.964193 0.147021 82.961601
61703 23 37 26
0.188038 -0.941339 -0.280220 81.160400
64007 23 37 27
0.161108 -0.820196 -0.548929 69.908966
57143 23 38 24
0.140709 -0.898359 0.416115 55.200661
59447 23 38 25
0.122049 -0.989554 0.076729 60.649422
61751 23 38 26
0.102783 -0.955533 -0.276393 58.249687
28296 24 13 12
0.441519 0.830768 0.338948 88.474617
30600 24 13 13
0.513274 0.856247 -0.058242 92.587227
32904 24 13 14
0.507731 0.783335 -0.358602 85.609383
28344 24 14 12
0.611737 0.673365 0.415159 110.958321
26088 24 15 11
0.564926 0.348959 0.747721 107.564316
28392 24 15 12
0.736332 0.475539 0.481329 128.977432
53736 24 15 23
-0.086292 0.974747 -0.205967 171.287735
56040 24 15 24
-0.088563 0.935657 -0.341618 155.674988
69864 24 15 30
-0.439675 0.888639 -0.130409 105.039253
72168 24 15 31
-0.357892 0.881974 -0.306652 95.894295
26136 24 16 11
0.621097 0.199701 0.757864 117.417397
53784 24 16 23
-0.148261 0.949259 -0.277356 222.214066
56088 24 16 24
-0.155806 0.897160 -0.413314 204.563751
69912 24 16 30
-0.533573 0.825869 -0.182318 144.932800
72216 24 16 31
-0.428168 0.832479 -0.351640 132.788300
51528 24 17 22
-0.312856 0.944455 -0.100629 269.955444
53832 24 17 23
-0.302657 0.842399 -0.445827 260.234283
56136 24 17 24
-0.310066 0.772402 -0.554304 241.764374
69960 24 17 30
-0.639133 0.732307 -0.235023 182.056183
72264 24 17 31
-0.513621 0.770317 -0.377895 168.393158
46968 24 18 20
-0.359409 0.780575 0.511399 282.565002
49272 24 18 21
-0.568799 0.792549 0.219851 293.293121
51576 24 18 22
-0.685528 0.591683 -0.424220 291.607880
53880 24 18 23
-0.581765 0.313742 -0.750410 278.367676
56184 24 18 24
-0.589806 0.273141 -0.759949 259.537018
70008 24 18 30
-0.760103 0.591745 -0.268479 211.550262
74616 24 18 32
-0.428357 0.774356 -0.465708 182.427063
30888 24 19 13
0.647483 0.012027 0.761985 192.608765
33192 24 19 14
0.719434 0.147397 0.678741 213.447601
35496 24 19 15
0.680071 0.385706 0.623486 226.923187
42408 24 19 18
-0.142092 0.584476 0.798873 266.591278
44712 24 19 19
-0.352399 0.494482 0.794545 283.920807
47016 24 19 20
-0.704920 0.330447 0.627609 297.246582
49320 24 19 21
-0.975419 -0.142578 -0.168016 301.049072
51624 24 19 22
-0.659332 -0.391136 -0.642101 292.798309
53928 24 19 23
-0.536377 -0.456779 -0.709685 275.225159
56232 24 19 24
-0.587853 -0.499716 -0.636171 255.700623
60840 24 19 26
-0.971954 -0.235113 -0.005303 238.016495
63144 24 19 27
-0.994979 0.026923 0.096396 239.899216
65448 24 19 28
-0.983235 0.180764 -0.023957 241.222626
67752 24 19 29
-0.948706 0.267252 -0.168917 237.790619
74664 24 19 32
-0.625191 0.680052 -0.382970 209.907944
76968 24 19 33
-0.401665 0.754850 -0.518524 193.793076
30936 24 20 13
0.419503 -0.443725 0.791912 185.620209
33240 24 20 14
0.383774 -0.604213 0.698316 207.690857
35544 24 20 15
0.291246 -0.721734 0.627913 222.937836
37848 24 20 16
0.181356 -0.708377 0.682137 236.022415
40152 24 20 17
0.079046 -0.599718 0.796298 250.767242
42456 24 20 18
-0.034767 -0.532830 0.845508 267.630646
44760 24 20 19
-0.211756 -0.632407 0.745131 283.313538
47064 24 20 20
-0.445538 -0.861326 0.244158 292.415802
49368 24 20 21
-0.458263 -0.812746 -0.359777 290.323578
51672 24 20 22
-0.392050 -0.718618 -0.574356 276.183655
53976 24 20 23
-0.372538 -0.714127 -0.592653 254.509338
60888 24 20 26
-0.639554 -0.746284 0.184474 223.378723
63192 24 20 27
-0.772567 -0.565589 0.288529 231.290497
65496 24 20 28
-0.916008 -0.372757 0.148264 238.315826
67800 24 20 29
-0.981755 -0.182422 -0.053669 239.587006
74712 24 20 32
-0.914688 0.322366 -0.243777 226.261642
77016 24 20 33
-0.717118 0.492288 -0.493350 216.154617
30984 24 21 13
0.179081 -0.771525 0.610474 162.912720
33288 24 21 14
0.095943 -0.895842 0.433891 182.677948
35592 24 21 15
0.049226 -0.936310 0.347706 196.966980
42504 24 21 18
0.085810 -0.857484 0.507304 246.069794
44808 24 21 19
0.031088 -0.917549 0.396406 262.297821
47112 24 21 20
-0.092610 -0.994396 0.050993 269.868439
49416 24 21 21
-0.197187 -0.916396 -0.348334 264.626099
51720 24 21 22
-0.232342 -0.808983 -0.539967 247.047653
65544 24 21 28
-0.666461 -0.684326 0.295850 220.455261
67848 24 21 29
-0.823758 -0.555436 0.113634 227.359711
74760 24 21 32
-0.954827 -0.280206 -0.098949 226.571945
77064 24 21 33
-0.905906 -0.222373 -0.360395 220.450912
79368 24 21 34
-0.674603 -0.091686 -0.732465 204.750244
81672 24 21 35
-0.391758 0.037182 -0.919317 176.864166
83976 24 21 36
-0.222825 0.107939 -0.968864 139.142456
28728 24 22 12
0.114958 -0.784929 0.608828 106.064026
31032 24 22 13
0.044399 -0.902146 0.429140 127.829865
33336 24 22 14
-0.004777 -0.958760 0.284178 143.227386
47160 24 22 20
0.048631 -0.997575 0.049798 234.829102
49464 24 22 21
-0.050677 -0.950036 -0.307998 229.650146
67896 24 22 29
-0.669403 -0.711820 0.212628 204.653656
70200 24 22 30
-0.770660 -0.633462 0.069347 209.671478
79416 24 22 34
-0.573314 -0.660013 -0.485483 190.694931
81720 24 22 35
-0.385756 -0.530616 -0.754744 167.181000
84024 24 22 36
-0.222359 -0.352511 -0.909006 134.249741
47208 24 23 20
0.142216 -0.983516 0.111677 195.114288
49512 24 23 21
0.071097 -0.966288 -0.247453 192.671646
67944 24 23 29
-0.611712 -0.754833 0.236720 177.063873
70248 24 23 30
-0.686617 -0.724353 0.062203 182.613235
72552 24 23 31
-0.695209 -0.716948 -0.051674 182.577927
84072 24 23 36
-0.176770 -0.679698 -0.711873 112.772560
86376 24 23 37
-0.089995 -0.528300 -0.844275 82.697510
47256 24 24 20
0.241912 -0.941400 0.235043 158.819641
49560 24 24 21
0.223542 -0.964820 -0.138385 160.804214
67992 24 24 29
-0.645206 -0.740733 0.187148 151.041061
70296 24 24 30
-0.664341 -0.747297 -0.014073 153.750839
72600 24 24 31
-0.637814 -0.756023 -0.147046 150.250137
45048 24 26 19
0.387296 -0.555475 0.735833 94.380524
47352 24 26 20
0.470197 -0.579878 0.665324 113.173729
49656 24 26 21
0.642326 -0.567069 0.515607 125.360085
51960 24 26 22
0.939610 -0.305149 0.154975 129.997116
65784 24 26 28
-0.958667 0.172223 -0.226490 127.189720
72696 24 26 31
-0.602735 -0.595170 -0.531490 99.275398
72744 24 27 31
-0.551611 -0.306522 -0.775738 87.339920
65880 24 28 28
-0.508660 0.496909 -0.703098 141.598877
65928 24 29 28
-0.426766 0.395590 -0.813252 150.116699
68232 24 29 29
-0.324386 0.273415 -0.905549 131.705078
65976 24 30 28
-0.336878 0.198038 -0.920486 155.500656
61416 24 31 26
-0.906969 -0.281993 0.312870 167.816223
63720 24 31 27
-0.626643 -0.286317 -0.724804 166.273071
66024 24 31 28
-0.178893 -0.145691 -0.973022 156.132553
75240 24 31 32
-0.069297 0.069162 -0.995196 77.277802
77544 24 31 33
-0.127026 0.052399 -0.990514 58.306835
61464 24 32 26
-0.602483 -0.775415 0.189065 163.934570
63768 24 32 27
-0.292541 -0.712286 -0.638019 161.498627
72984 24 32 31
0.149145 -0.323167 -0.934515 94.332039
75288 24 32 32
0.067616 -0.302576 -0.950724 75.030579
77592 24 32 33
-0.019487 -0.278140 -0.960343 56.186069
43080 24 33 18
0.721624 -0.363571 0.589130 81.289986
45384 24 33 19
0.742043 -0.469021 0.478948 93.239059
47688 24 33 20
0.678116 -0.578248 0.453639 102.662354
49992 24 33 21
0.562308 -0.649827 0.511405 111.953148
61512 24 33 26
-0.300077 -0.953066 -0.040223 156.172012
63816 24 33 27
-0.119102 -0.813429 -0.569340 151.582855
73032 24 33 31
0.207888 -0.607467 -0.766659 83.457542
43128 24 34 18
0.553469 -0.683927 0.475305 68.064224
52344 24 34 22
0.385116 -0.752066 0.534866 107.237175
59256 24 34 25
-0.064334 -0.908292 0.413361 142.402512
61560 24 34 26
-0.182477 -0.963740 -0.194698 143.998886
63864 24 34 27
-0.087494 -0.826819 -0.555621 136.458893
70776 24 34 30
0.196756 -0.738745 -0.644626 83.630661
59304 24 35 25
-0.074012 -0.961878 0.263273 127.086220
61608 24 35 26
-0.165228 -0.950325 -0.263783 126.877571
63912 24 35 27
-0.107181 -0.827448 -0.551218 116.644676
59352 24 36 25
-0.110521 -0.981251 0.157899 106.951042
61656 24 36 26
-0.174246 -0.943043 -0.283388 105.200386
63960 24 36 27
-0.135843 -0.832290 -0.537438 93.613716
59400 24 37 25
-0.140231 -0.986391 0.085841 83.546066
61704 24 37 26
-0.183428 -0.942177 -0.280458 80.853722
64008 24 37 27
-0.158463 -0.843743 -0.512823 69.717567
30601 25 13 13
0.080734 0.996513 0.021068 101.814362
32905 25 13 14
0.161275 0.933198 -0.321140 96.700516
30649 25 14 13
0.201512 0.977056 0.068951 131.088760
32953 25 14 14
0.270398 0.904352 -0.330201 126.415665
28393 25 15 12
0.238429 0.710505 0.662068 145.038391
30697 25 15 13
0.361663 0.915715 0.175118 156.923584
33001 25 15 14
0.386230 0.878299 -0.281812 154.518906
53737 25 15 23
-0.323614 0.923923 -0.204062 159.713226
56041 25 15 24
-0.319695 0.881262 -0.348099 144.402878
72169 25 15 31
-0.532296 0.823091 -0.197947 78.594521
26137 25 16 11
0.253645 0.319622 0.912965 134.557068
28441 25 16 12
0.357090 0.515920 0.778661 162.683777
30745 25 16 13
0.489236 0.796613 0.355043 178.321899
33049 25 16 14
0.466555 0.871028 -0.153745 180.130096
53785 25 16 23
-0.455268 0.849039 -0.268075 206.825058
56089 25 16 24
-0.440883 0.795802 -0.415116 189.123459
72217 25 16 31
-0.626268 0.751470 -0.207559 109.792885
74521 25 16 32
-0.499483 0.783732 -0.369162 98.192986
28489 25 17 12
0.389906 0.303950 0.869245 174.825775
30793 25 17 13
0.508641 0.614879 0.602667 194.915039
33097 25 17 14
0.478158 0.875052 0.075156 202.240631
53833 25 17 23
-0.666453 0.639839 -0.382684 241.187317
56137 25 17 24
-0.630170 0.589009 -0.505919 222.345016
58441 25 17 25
-0.627464 0.611912 -0.481511 200.649185
74569 25 17 32
-0.598479 0.726052 -0.338632 129.091125
28537 25 18 12
0.326766 0.063021 0.943002 180.653519
30841 25 18 13
0.375669 0.272807 0.885692 204.974182
33145 25 18 14
0.361485 0.753184 0.549585 217.748474
35449 25 18 15
0.127521 0.988091 0.086108 221.833252
49273 25 18 21
-0.864588 0.490439 0.109349 272.520477
56185 25 18 24
-0.807165 0.151880 -0.570453 237.512985
58489 25 18 25
-0.842267 0.248181 -0.478532 218.653046
60793 25 18 26
-0.872978 0.379772 -0.306077 204.331772
63097 25 18 27
-0.873249 0.450992 -0.184505 194.606461
74617 25 18 32
-0.731186 0.627048 -0.268661 157.945023
76921 25 18 33
-0.557285 0.709530 -0.431279 143.204346
28585 25 19 12
0.186046 -0.238397 0.953181 177.883698
30889 25 19 13
0.077866 -0.298522 0.951221 204.774094
33193 25 19 14
-0.184483 -0.324866 0.927593 221.324051
35497 25 19 15
-0.636337 -0.024538 0.771020 230.441360
37801 25 19 16
-0.738077 0.403278 0.540933 236.854645
60841 25 19 26
-0.983834 -0.088602 -0.155630 210.081284
63145 25 19 27
-0.992847 0.093543 -0.074194 206.502930
76969 25 19 33
-0.747560 0.565942 -0.347655 170.457504
28633 25 20 12
0.024455 -0.537349 0.843006 163.938843
30937 25 20 13
-0.147115 -0.698882 0.699943 190.553482
33241 25 20 14
-0.328744 -0.797850 0.505334 208.175919
35545 25 20 15
-0.456063 -0.787570 0.414414 220.156067
37849 25 20 16
-0.554389 -0.683526 0.474810 231.062241
40153 25 20 17
-0.653253 -0.498039 0.570278 243.677917
42457 25 20 18
-0.762757 -0.335559 0.552812 257.604919
44761 25 20 19
-0.878241 -0.299527 0.372795 269.655945
47065 25 20 20
-0.923524 -0.381117 0.043046 275.387177
60889 25 20 26
-0.849238 -0.527286 0.027665 199.529312
63193 25 20 27
-0.941895 -0.324578 0.086507 202.147919
65497 25 20 28
-0.987383 -0.158216 -0.006492 203.871490
77017 25 20 33
-0.943584 0.235481 -0.232804 187.015945
28681 25 21 12
-0.089604 -0.738868 0.667866 138.530045
30985 25 21 13
-0.221582 -0.852043 0.474262 161.877594
33289 25 21 14
-0.309217 -0.893849 0.324682 177.960754
42505 25 21 18
-0.448534 -0.761309 0.468216 239.534500
44809 25 21 19
-0.578485 -0.759278 0.298081 253.143448
47113 25 21 20
-0.650502 -0.758364 -0.041595 257.534943
49417 25 21 21
-0.587916 -0.722018 -0.364754 250.192200
51721 25 21 22
-0.475781 -0.691654 -0.543367 232.406006
65545 25 21 28
-0.880938 -0.461065 0.106614 191.043228
67849 25 21 29
-0.941593 -0.336281 -0.017821 192.647614
77065 25 21 33
-0.968946 -0.216317 -0.119792 187.240005
79369 25 21 34
-0.901907 -0.132432 -0.411127 177.422714
81673 25 21 35
-0.702739 -0.001814 -0.711445 155.992432
28729 25 22 12
-0.146775 -0.845857 0.512819 105.353600
31033 25 22 13
-0.233433 -0.911369 0.338992 123.470848
42553 25 22 18
-0.248124 -0.860575 0.444797 205.791580
44857 25 22 19
-0.334086 -0.895575 0.293822 222.219711
47161 25 22 20
-0.414047 -0.910083 -0.017712 227.954453
65593 25 22 28
-0.755873 -0.628983 0.181761 169.149750
67897 25 22 29
-0.849974 -0.525155 0.041903 173.552155
79417 25 22 34
-0.788831 -0.553370 -0.267444 162.922729
81721 25 22 35
-0.676062 -0.478023 -0.560744 146.421082
84025 25 22 36
-0.508599 -0.326714 -0.796609 119.988319
44905 25 23 19
-0.197054 -0.915668 0.350316 184.269409
47209 25 23 20
-0.265480 -0.961525 0.070633 193.088211
67945 25 23 29
-0.791987 -0.608027 0.055316 149.664948
84073 25 23 36
-0.433181 -0.651787 -0.622518 100.957245
86377 25 23 37
-0.327202 -0.506411 -0.797801 75.573196
44953 25 24 19
-0.116077 -0.877410 0.465487 147.925171
47257 25 24 20
-0.170648 -0.957770 0.231420 160.457489
84121 25 24 36
-0.344384 -0.813118 -0.469296 73.960686
86425 25 24 37
-0.268594 -0.714111 -0.646454 56.198036
47353 25 26 20
0.021209 -0.616176 0.787323 119.263840
49657 25 26 21
0.089207 -0.693872 0.714551 131.327255
51961 25 26 22
0.691277 -0.639689 0.336056 135.983063
68089 25 26 29
-0.838704 -0.103313 -0.534698 105.888260
70393 25 26 30
-0.800714 -0.300268 -0.518359 93.701118
72697 25 26 31
-0.749687 -0.421552 -0.510160 79.720009
49705 25 27 21
0.158712 -0.299965 0.940655 125.541840
52009 25 27 22
0.378961 -0.019902 0.925199 134.837311
72745 25 27 31
-0.687197 -0.152635 -0.710256 71.970398
49753 25 28 21
0.177488 -0.101006 0.978926 122.806656
52057 25 28 22
0.169568 0.041950 0.984625 135.043411
54361 25 28 23
0.183197 0.499619 0.846652 142.048889
52105 25 29 22
0.081041 0.079826 0.993509 135.643875
72937 25 31 31
-0.369059 0.177840 -0.912233 92.488647
75241 25 31 32
-0.402048 0.169070 -0.899874 71.978699
77545 25 31 33
-0.410662 0.131049 -0.902321 52.759674
43033 25 32 18
0.655454 0.061217 0.752750 100.332054
45337 25 32 19
0.746695 0.025320 0.664684 111.842575
70681 25 32 30
-0.270293 -0.242045 -0.931856 113.055450
72985 25 32 31
-0.284897 -0.190371 -0.939464 92.673172
75289 25 32 32
-0.317980 -0.171975 -0.932370 72.152512
43081 25 33 18
0.516422 -0.538782 0.665600 95.454010
45385 25 33 19
0.545053 -0.677969 0.493230 106.257179
70729 25 33 30
-0.168751 -0.605257 -0.777937 103.107483
73033 25 33 31
-0.172141 -0.550058 -0.817192 83.899185
75337 25 33 32
-0.206163 -0.498149 -0.842226 64.460464
43129 25 34 18
0.319187 -0.816329 0.481379 79.294823
45433 25 34 19
0.315528 -0.887045 0.337036 89.215096
52345 25 34 22
0.298340 -0.816110 0.494931 115.035980
70777 25 34 30
-0.110072 -0.767596 -0.631412 84.903458
32906 26 13 14
-0.240569 0.947974 -0.208499 95.264473
35210 26 13 15
-0.114320 0.909177 -0.400411 84.782715
30650 26 14 13
-0.374719 0.913869 0.156298 127.748528
32954 26 14 14
-0.250292 0.945608 -0.207797 126.678017
35258 26 14 15
-0.098478 0.907166 -0.409086 115.649361
30698 26 15 13
-0.410438 0.877056 0.249627 155.553543
33002 26 15 14
-0.277887 0.944684 -0.174216 156.403076
35306 26 15 15
-0.107654 0.913873 -0.391467 146.760315
44522 26 15 19
-0.148395 0.963272 0.223797 126.452911
26138 26 16 11
-0.252577 0.404459 0.878987 134.529099
30746 26 16 13
-0.473703 0.784684 0.399845 178.278976
33050 26 16 14
-0.375067 0.923408 -0.081496 182.063919
35354 26 16 15
-0.194211 0.921273 -0.336954 175.640839
46874 26 16 20
-0.408677 0.870585 0.273980 178.010513
56090 26 16 24
-0.615667 0.681296 -0.395966 161.548645
26186 26 17 11
-0.199216 0.210770 0.957021 145.663956
33098 26 17 14
-0.629881 0.769839 0.102946 201.421310
35402 26 17 15
-0.453583 0.862715 -0.223572 199.438492
49226 26 17 21
-0.740189 0.662177 0.116794 221.145996
56138 26 17 24
-0.761524 0.466977 -0.449459 190.575012
58442 26 17 25
-0.745488 0.484407 -0.457817 168.701935
76874 26 17 33
-0.651005 0.669696 -0.357350 90.168488
26234 26 18 11
-0.175944 -0.032269 0.983871 148.937164
28538 26 18 12
-0.409131 -0.011103 0.912408 179.976593
35450 26 18 15
-0.897017 0.441966 0.005170 214.169693
37754 26 18 16
-0.773353 0.630248 -0.068654 213.058563
49274 26 18 21
-0.939101 0.341355 0.039575 241.030457
51578 26 18 22
-0.945219 0.227952 -0.233663 237.339050
58490 26 18 25
-0.872703 0.206762 -0.442311 184.775635
60794 26 18 26
-0.886972 0.301248 -0.350043 167.602737
63098 26 18 27
-0.890934 0.369182 -0.264464 153.674377
76922 26 18 33
-0.772815 0.566880 -0.285314 114.832726
28586 26 19 12
-0.431607 -0.368698 0.823272 173.991699
35498 26 19 15
-0.941260 -0.270726 0.201833 215.247665
37802 26 19 16
-0.983957 -0.056152 0.169336 219.777802
40106 26 19 17
-0.967313 0.155521 0.200297 224.562424
60842 26 19 26
-0.966489 0.003125 -0.256688 174.263123
63146 26 19 27
-0.974416 0.121548 -0.189047 165.236404
76970 26 19 33
-0.903616 0.384535 -0.188707 135.180832
28634 26 20 12
-0.425561 -0.622512 0.656793 156.192139
37850 26 20 16
-0.802879 -0.523285 0.285584 209.589630
40154 26 20 17
-0.874552 -0.367943 0.315873 220.338303
63194 26 20 27
-0.983326 -0.157469 -0.090959 164.554596
77018 26 20 33
-0.990482 0.107998 -0.085333 146.157959
79322 26 20 34
-0.918555 0.219544 -0.328721 137.613953
28682 26 21 12
-0.400656 -0.764788 0.504553 128.106415
40202 26 21 17
-0.669557 -0.638339 0.379759 199.511932
42506 26 21 18
-0.762852 -0.554152 0.333125 215.194107
65546 26 21 28
-0.956013 -0.286545 -0.062697 152.273529
79370 26 21 34
-0.966078 -0.136762 -0.219064 139.472031
81674 26 21 35
-0.864403 -0.028259 -0.502004 124.762375
40250 26 22 17
-0.502420 -0.750939 0.428561 166.365860
42554 26 22 18
-0.581664 -0.717232 0.383726 186.304657
44858 26 22 19
-0.678191 -0.698119 0.229537 200.499802
65594 26 22 28
-0.892763 -0.449272 -0.033592 136.932144
67898 26 22 29
-0.921048 -0.377974 -0.093843 134.122375
79418 26 22 34
-0.883368 -0.451626 -0.125278 126.396835
81722 26 22 35
-0.836595 -0.393521 -0.381117 116.218040
84026 26 22 36
-0.719105 -0.278424 -0.636685 96.738937
44906 26 23 19
-0.547450 -0.778941 0.305858 168.165100
47210 26 23 20
-0.615205 -0.783176 0.090323 176.409225
65642 26 23 28
-0.856928 -0.510310 -0.072513 119.722557
84074 26 23 36
-0.646249 -0.572089 -0.505050 81.310860
44954 26 24 19
-0.477033 -0.769643 0.424368 136.538620
47258 26 24 20
-0.567604 -0.786003 0.245002 148.529755
56522 26 25 24
0.636452 0.292270 -0.713797 134.140854
49706 26 27 21
-0.559524 -0.171459 0.810885 122.161278
52010 26 27 22
-0.619586 -0.052352 0.783181 133.040771
61226 26 27 26
0.227868 0.820316 -0.524555 139.708099
49754 26 28 21
-0.471845 -0.025723 0.881306 120.580490
52058 26 28 22
-0.556136 0.006500 0.831066 132.826813
54362 26 28 23
-0.522910 0.137436 0.841235 141.064987
52106 26 29 22
-0.525329 0.087596 0.846379 133.332535
54410 26 29 23
-0.589853 0.073756 0.804135 141.841690
52154 26 30 22
-0.498753 0.216640 0.839234 135.068359
54458 26 30 23
-0.646071 0.120547 0.753698 142.625702
42986 26 31 18
0.173399 0.591531 0.787416 102.478905
54506 26 31 23
-0.682864 0.103994 0.723106 143.599899
40730 26 32 17
0.137483 -0.030818 0.990025 91.083603
43034 26 32 18
0.110362 -0.024365 0.993593 107.528419
45338 26 32 19
-0.042498 -0.063792 0.997058 117.262650
40778 26 33 17
0.046304 -0.516988 0.854739 84.829353
43082 26 33 18
-0.002426 -0.710914 0.703275 100.944275
45386 26 33 19
-0.070366 -0.861029 0.503665 110.700340
54602 26 33 23
-0.182714 -0.849808 0.494410 138.482803
68426 26 33 29
-0.527946 -0.599947 -0.601113 111.414528
70730 26 33 30
-0.480271 -0.514080 -0.710677 94.743904
73034 26 33 31
-0.464717 -0.436331 -0.770489 75.747643
45434 26 34 19
-0.049153 -0.940313 0.336742 92.653427
54650 26 34 23
-0.031622 -0.919861 0.390967 127.362061
68474 26 34 29
-0.434730 -0.752695 -0.494429 93.032661
70778 26 34 30
-0.382374 -0.717242 -0.582541 77.967957
35211 27 13 15
-0.411606 0.872840 -0.262165 75.964363
35259 27 14 15
-0.467717 0.848672 -0.246977 105.382584
35307 27 15 15
-0.560786 0.800010 -0.213314 134.779892
44523 27 15 19
-0.341714 0.931450 0.125031 117.279549
46827 27 15 20
-0.416663 0.903147 0.103525 122.173836
35355 27 16 15
-0.712083 0.685309 -0.152605 160.602554
44571 27 16 19
-0.521136 0.833687 0.182711 150.224976
46875 27 16 20
-0.591057 0.791686 0.154548 157.175522
26187 27 17 11
-0.620005 0.232877 0.749241 130.127914
35403 27 17 15
-0.897403 0.437416 -0.057756 179.349289
46923 27 17 20
-0.799859 0.572408 0.180481 184.343872
49227 27 17 21
-0.847406 0.530788 0.012954 188.500412
51531 27 17 22
-0.854975 0.479639 -0.197395 184.424088
58443 27 17 25
-0.800621 0.409524 -0.437374 131.420288
26235 27 18 11
-0.620047 -0.021343 0.784275 134.207932
28539 27 18 12
-0.828418 -0.032899 0.559143 158.490540
35451 27 18 15
-0.996553 0.064669 0.051961 187.723358
37755 27 18 16
-0.979787 0.198895 -0.021424 188.062805
49275 27 18 21
-0.972085 0.234502 -0.007740 204.085495
51579 27 18 22
-0.953249 0.196780 -0.229333 199.174210
58491 27 18 25
-0.878741 0.205710 -0.430695 145.917831
60795 27 18 26
-0.888063 0.262610 -0.377334 127.638748
63099 27 18 27
-0.894728 0.313112 -0.318470 111.991684
76923 27 18 33
-0.882560 0.439128 -0.168092 82.041122
28587 27 19 12
-0.791017 -0.338559 0.509578 151.535217
37803 27 19 16
-0.978694 -0.174004 0.108998 188.047653
40107 27 19 17
-0.994134 -0.040591 0.100246 191.945999
51627 27 19 22
-0.963326 -0.064894 -0.260369 201.712387
60843 27 19 26
-0.942161 0.065297 -0.328740 134.874573
63147 27 19 27
-0.953315 0.133850 -0.270694 122.088547
76971 27 19 33
-0.959991 0.266726 -0.085292 95.816071
28635 27 20 12
-0.703256 -0.571175 0.423309 133.375351
37851 27 20 16
-0.876775 -0.432336 0.210598 174.750046
40155 27 20 17
-0.926444 -0.317047 0.202934 184.110413
51675 27 20 22
-0.922664 -0.259620 -0.285113 195.084869
60891 27 20 26
-0.949458 -0.121049 -0.289616 133.726913
63195 27 20 27
-0.973580 -0.051939 -0.222359 123.862206
77019 27 20 33
-0.998835 0.047829 -0.006458 102.406235
79323 27 20 34
-0.969212 0.134701 -0.206115 98.372147
26379 27 21 11
-0.486788 -0.683306 0.544178 89.527298
28683 27 21 12
-0.611545 -0.713341 0.342282 106.682838
40203 27 21 17
-0.811299 -0.505348 0.293969 164.541000
42507 27 21 18
-0.877969 -0.416678 0.235690 177.548248
54027 27 21 23
-0.792887 -0.386739 -0.470917 169.680847
65547 27 21 28
-0.967631 -0.165367 -0.190640 110.964622
79371 27 21 34
-0.984603 -0.130531 -0.116273 98.489830
81675 27 21 35
-0.933077 -0.043512 -0.357034 89.393219
42555 27 22 18
-0.768290 -0.562152 0.306129 153.444077
44859 27 22 19
-0.833726 -0.517874 0.191594 165.547440
54075 27 22 23
-0.745321 -0.482642 -0.459949 157.041550
56379 27 22 24
-0.691710 -0.387358 -0.609500 143.817062
65595 27 22 28
-0.937422 -0.276277 -0.211922 102.074623
81723 27 22 35
-0.909722 -0.321827 -0.262361 82.555702
44907 27 23 19
-0.749464 -0.607500 0.263148 139.272949
47211 27 23 20
-0.797541 -0.586053 0.143074 148.000504
56427 27 23 24
-0.656428 -0.343104 -0.671849 136.480072
44955 27 24 19
-0.703667 -0.611392 0.362012 113.462997
47259 27 24 20
-0.770975 -0.580573 0.261787 125.131958
56475 27 24 24
-0.744655 -0.119023 -0.656752 133.162460
56523 27 25 24
-0.909725 0.351047 -0.221735 133.905777
58827 27 25 25
-0.365696 0.616443 -0.697327 129.400467
58875 27 26 25
-0.377441 0.839539 -0.390783 136.972092
42795 27 27 18
-0.580803 0.046795 0.812698 62.034870
49707 27 27 21
-0.812264 -0.059701 0.580226 107.427513
52011 27 27 22
-0.822686 -0.034259 0.567463 120.710312
58923 27 27 25
-0.610464 0.790402 0.050972 144.028625
61227 27 27 26
-0.273917 0.713343 -0.645067 140.086273
63531 27 27 27
-0.254724 0.536703 -0.804404 126.747673
52059 27 28 22
-0.818000 0.021446 0.574819 120.588417
54363 27 28 23
-0.803651 0.002500 0.595096 132.124542
61275 27 28 26
-0.572538 0.566247 -0.592929 147.416367
63579 27 28 27
-0.325543 0.434382 -0.839841 136.991577
52107 27 29 22
-0.828941 0.096504 0.550948 121.760262
54411 27 29 23
-0.837246 0.018179 0.546525 132.218079
52155 27 30 22
-0.845442 0.191831 0.498426 124.606743
54459 27 30 23
-0.887043 0.084880 0.453817 133.052811
61371 27 30 26
-0.914311 -0.403142 -0.038874 147.076599
63675 27 30 27
-0.758212 -0.170836 -0.629230 142.651810
65979 27 30 28
-0.552988 0.064118 -0.830718 128.877029
40683 27 31 17
-0.353781 0.359889 0.863318 85.378654
42987 27 31 18
-0.597453 0.492757 0.632645 99.026985
54507 27 31 23
-0.935343 0.116111 0.334145 134.764206
56811 27 31 24
-0.975925 -0.087070 0.199971 138.470963
66027 27 31 28
-0.714769 -0.192003 -0.672488 127.597008
40731 27 32 17
-0.433804 -0.111040 0.894139 88.069496
43035 27 32 18
-0.722035 -0.110574 0.682964 102.505707
45339 27 32 19
-0.907484 -0.083960 0.411610 110.503838
54555 27 32 23
-0.968494 -0.045712 0.244805 135.600006
56859 27 32 24
-0.981035 -0.189936 -0.038650 136.813599
66075 27 32 28
-0.761573 -0.433133 -0.482082 120.533974
68379 27 32 29
-0.702583 -0.277391 -0.655310 106.319466
40779 27 33 17
-0.400406 -0.530769 0.746967 80.585876
43083 27 33 18
-0.562687 -0.630552 0.534591 94.963989
45387 27 33 19
-0.672401 -0.646941 0.359644 103.666512
54603 27 33 23
-0.854867 -0.467328 0.225404 132.495789
56907 27 33 24
-0.871983 -0.452904 -0.185802 132.502655
66123 27 33 28
-0.710259 -0.597051 -0.372911 107.452026
68427 27 33 29
-0.676033 -0.526683 -0.515349 95.421951
45435 27 34 19
-0.437421 -0.837848 0.326610 86.534134
47739 27 34 20
-0.436740 -0.813930 0.383114 94.916992
54651 27 34 23
-0.550065 -0.799489 0.241342 122.998116
56955 27 34 24
-0.662429 -0.721995 -0.199778 123.192039
66171 27 34 28
-0.630571 -0.693357 -0.348763 89.269035
68475 27 34 29
-0.593828 -0.681116 -0.428310 78.186958
70779 27 34 30
-0.564906 -0.631137 -0.531551 64.818237
54699 27 35 23
-0.317334 -0.912143 0.259412 106.949196
37612 28 15 16
-0.695406 0.707011 -0.128627 105.819931
44524 28 15 19
-0.582182 0.811314 0.053238 100.537102
46828 28 15 20
-0.604510 0.796529 0.010512 102.007103
37660 28 16 16
-0.833718 0.546058 -0.082067 128.731094
44572 28 16 19
-0.755860 0.647854 0.094661 127.003433
46876 28 16 20
-0.769839 0.636140 0.051712 130.129089
49180 28 16 21
-0.779906 0.620358 -0.083082 129.634430
26188 28 17 11
-0.820636 0.230849 0.522749 102.412712
37708 28 17 16
-0.953866 0.299164 -0.025288 144.615158
46924 28 17 20
-0.915996 0.391812 0.086223 150.601501
49228 28 17 21
-0.916232 0.396678 -0.056254 151.468109
51532 28 17 22
-0.890612 0.392264 -0.230086 145.075928
26236 28 18 11
-0.844908 0.002825 0.534903 106.972824
37756 28 18 16
-0.998949 0.023120 0.039587 150.848618
40060 28 18 17
-0.995534 0.093276 0.014560 151.741379
42364 28 18 18
-0.989303 0.134673 0.056066 152.940247
49276 28 18 21
-0.988016 0.151424 -0.029905 163.100830
51580 28 18 22
-0.961004 0.170938 -0.217376 157.698730
53884 28 18 23
-0.912676 0.184311 -0.364763 144.274292
26284 28 19 11
-0.817654 -0.261722 0.512780 102.327850
28588 28 19 12
-0.914709 -0.274264 0.296794 117.379951
40108 28 19 17
-0.988324 -0.130696 0.078326 150.635757
49324 28 19 21
-0.999010 -0.042892 -0.011816 165.209839
51628 28 19 22
-0.980620 -0.019528 -0.194946 160.852966
53932 28 19 23
-0.932076 0.014634 -0.361968 148.589600
26332 28 20 11
-0.742760 -0.488411 0.457998 88.855751
28636 28 20 12
-0.834457 -0.489063 0.253967 101.864212
40156 28 20 17
-0.942670 -0.296186 0.153774 140.550232
49372 28 20 21
-0.984006 -0.178116 0.002773 160.113647
51676 28 20 22
-0.973491 -0.158911 -0.164507 156.925491
53980 28 20 23
-0.930781 -0.111517 -0.348153 146.467438
63196 28 20 27
-0.951001 0.013261 -0.308904 85.396500
28684 28 21 12
-0.738172 -0.639047 0.216149 79.820518
40204 28 21 17
-0.875716 -0.422321 0.234022 123.097870
42508 28 21 18
-0.920102 -0.346086 0.183402 133.286804
54028 28 21 23
-0.928393 -0.199238 -0.313673 140.583817
56332 28 21 24
-0.882954 -0.121327 -0.453511 127.092590
42556 28 22 18
-0.856452 -0.452398 0.248648 113.958687
54076 28 22 23
-0.937893 -0.255826 -0.234330 133.046753
56380 28 22 24
-0.889761 -0.130008 -0.437519 123.031578
47212 28 23 20
-0.873785 -0.447526 0.190317 112.835381
54124 28 23 23
-0.960089 -0.267512 -0.081652 125.495163
56428 28 23 24
-0.929701 -0.080731 -0.359359 120.118958
47260 28 24 20
-0.853523 -0.442170 0.275651 95.040627
54172 28 24 23
-0.967841 -0.210117 0.138329 119.346809
56476 28 24 24
-0.984964 0.023886 -0.171101 119.396187
56524 28 25 24
-0.988046 0.118134 0.099045 120.918365
58828 28 25 25
-0.868476 0.375118 -0.324093 118.722054
58876 28 26 25
-0.917557 0.387738 -0.088026 126.462234
61180 28 26 26
-0.694234 0.506221 -0.511645 119.692276
58924 28 27 25
-0.959008 0.240031 0.150626 132.696609
61228 28 27 26
-0.809413 0.430695 -0.399191 130.223618
63532 28 27 27
-0.569919 0.435049 -0.697083 116.464134
40540 28 28 17
-0.606390 0.504644 0.614513 44.867451
42844 28 28 18
-0.764452 0.426222 0.483681 54.518768
61276 28 28 26
-0.954868 0.183599 -0.233492 136.447968
63580 28 28 27
-0.678466 0.287655 -0.675973 126.050079
40588 28 29 17
-0.598082 0.563886 0.569500 54.810436
42892 28 29 18
-0.749566 0.536829 0.387254 64.141701
61324 28 29 26
-0.989633 -0.126917 -0.067217 136.867645
63628 28 29 27
-0.813205 0.032242 -0.581083 129.913925
40636 28 30 17
-0.661998 0.472981 0.581418 65.540611
42940 28 30 18
-0.804046 0.489857 0.336971 75.195091
61372 28 30 26
-0.948504 -0.316765 -0.001029 132.097961
63676 28 30 27
-0.881207 -0.226194 -0.415103 127.637207
65980 28 30 28
-0.711615 -0.046256 -0.701045 113.363853
40684 28 31 17
-0.750176 0.225276 0.621681 73.311951
42988 28 31 18
-0.901351 0.267872 0.340310 83.814362
54508 28 31 23
-0.967142 0.093920 0.236254 115.303955
56812 28 31 24
-0.985478 -0.059021 0.159213 120.159363
66028 28 31 28
-0.797631 -0.248752 -0.549460 109.372673
40732 28 32 17
-0.769166 -0.136043 0.624401 74.361229
43036 28 32 18
-0.926023 -0.110373 0.360971 85.720497
52252 28 32 22
-0.955684 0.055801 0.289058 111.406372
54556 28 32 23
-0.988320 0.028148 0.149771 117.094070
56860 28 32 24
-0.995648 -0.091029 -0.019957 118.565186
66076 28 32 28
-0.813416 -0.412414 -0.410205 100.205002
40780 28 33 17
-0.686888 -0.456151 0.565784 66.951736
43084 28 33 18
-0.808893 -0.465715 0.358890 78.483788
45388 28 33 19
-0.872563 -0.420354 0.248870 85.804077
54604 28 33 23
-0.978280 -0.171402 0.116577 115.685089
56908 28 33 24
-0.962011 -0.224675 -0.155097 115.096550
66124 28 33 28
-0.776157 -0.533179 -0.336603 86.603264
45436 28 34 19
-0.695283 -0.653851 0.298431 71.571060
54652 28 34 23
-0.881439 -0.452715 0.134593 108.745140
56956 28 34 24
-0.872380 -0.435360 -0.222295 107.579567
54700 28 35 23
-0.703770 -0.689172 0.172480 95.947884
57004 28 35 24
-0.729886 -0.643572 -0.230394 95.168205
54748 28 36 23
-0.517543 -0.831691 0.201098 79.173164
57052 28 36 24
-0.568762 -0.794422 -0.213082 78.963425
57100 28 37 24
-0.412799 -0.888373 -0.200975 61.354408
54892 28 39 23
-0.037279 -0.989722 0.138063 31.454819
37661 29 16 16
-0.924962 0.379745 0.015441 95.417465
37709 29 17 16
-0.985036 0.165779 0.047125 106.027809
40061 29 18 17
-0.999236 -0.007972 0.038253 110.714096
42365 29 18 18
-0.998669 0.018671 0.048077 112.308937
51581 29 18 22
-0.970536 0.143743 -0.193384 114.834961
26285 29 19 11
-0.918958 -0.210745 0.333321 72.519806
51629 29 19 22
-0.989540 -0.000114 -0.144261 117.814903
53933 29 19 23
-0.950690 0.053045 -0.305572 108.075134
26333 29 20 11
-0.852755 -0.424919 0.303731 62.570015
54029 29 21 23
-0.974332 -0.100032 -0.201668 105.499611
56429 29 23 24
-0.979147 -0.001035 -0.203152 93.585609
56477 29 24 24
-0.998049 0.042060 -0.046134 94.175354
58877 29 26 25
-0.974755 0.223101 0.008863 102.756668
61229 29 27 26
-0.944107 0.257527 -0.205771 107.466766
63533 29 27 27
-0.786784 0.333063 -0.519653 95.974556
61277 29 28 26
-0.992887 0.081031 -0.087236 112.592300
63581 29 28 27
-0.869888 0.182240 -0.458349 104.201706
61325 29 29 26
-0.994368 -0.105985 0.000006 112.143311
63629 29 29 27
-0.930479 -0.018988 -0.365854 106.725418
61373 29 30 26
-0.970384 -0.240074 0.026822 106.738083
63677 29 30 27
-0.941667 -0.203608 -0.267968 103.274529
65981 29 30 28
-0.833756 -0.095512 -0.543809 90.704628
66029 29 31 28
-0.863773 -0.254027 -0.435163 85.302773
56957 29 34 24
-0.953646 -0.248322 -0.169990 84.008240
57101 29 37 24
-0.671902 -0.698864 -0.245228 51.083031
57149 29 38 24
-0.524594 -0.803944 -0.280133 38.824093
54893 29 39 23
-0.333791 -0.938941 0.083508 29.571589
54942 30 40 23
-0.468734 -0.880870 -0.066004 18.813927
54943 31 40 23
-0.758199 -0.640572 -0.121659 14.995931
