2.000000
36 36 36
19.423962 -38.044189 33.697867
-16.576038 -74.044189 -2.302133
110.736974 2828.174741 618.838933
18766 10 17 14
0.770779 0.293110 0.565674 53.685200
18802 10 18 14
0.696537 0.015971 0.717343 56.363323
20098 10 18 15
0.933619 0.187856 0.305068 64.629578
20134 10 19 15
0.866618 -0.217721 0.448966 64.277992
21430 10 19 16
0.995838 -0.023625 -0.088025 67.101913
22762 10 20 17
0.962873 -0.091910 -0.253826 62.837864
33274 10 24 25
0.950025 -0.308188 -0.049718 56.757866
34570 10 24 26
0.862535 -0.303764 -0.404674 52.171436
34606 10 25 26
0.710936 -0.600185 -0.366535 43.307842
18767 11 17 14
0.690223 0.151077 0.707650 65.034821
20063 11 17 15
0.892552 0.393400 0.220425 71.968864
22763 11 20 17
0.950200 0.100617 -0.294952 77.632637
24059 11 20 18
0.789471 0.334499 -0.514632 71.173676
24095 11 21 18
0.958493 0.104438 -0.265300 74.876740
33275 11 24 25
0.835424 -0.520775 -0.175672 75.734764
34571 11 24 26
0.662038 -0.483250 -0.572866 67.961906
28704 12 5 22
0.836559 0.209627 -0.506187 88.971748
26148 12 6 20
0.976745 0.128666 -0.171508 112.405060
22296 12 7 17
0.886713 0.424017 0.184254 116.628853
23592 12 7 18
0.976562 0.213524 0.027096 119.511749
26184 12 7 20
0.915057 -0.206856 -0.346239 110.891769
19740 12 8 15
0.835374 0.464049 0.294633 116.380196
22332 12 8 17
0.993888 0.102739 -0.040393 123.652298
23628 12 8 18
0.974473 -0.103946 -0.198992 120.626938
19776 12 9 15
0.976805 0.169115 0.131348 125.496956
17220 12 10 13
0.847096 0.234550 0.476880 116.003021
19812 12 10 15
0.982553 -0.176103 -0.059807 125.234482
17256 12 11 13
0.941111 -0.162939 0.296246 117.022636
14700 12 12 11
0.625647 -0.194120 0.755568 87.765350
26364 12 12 20
0.884134 -0.196468 -0.423919 86.277267
14736 12 13 11
0.622838 -0.474592 0.621961 79.200493
20064 12 17 15
0.950832 0.003567 0.309686 82.357773
20100 12 18 15
0.674016 -0.076954 0.734698 82.197891
20136 12 19 15
0.399470 -0.211848 0.891933 80.881897
25392 12 21 19
0.801454 0.525514 -0.285494 84.983818
25428 12 22 19
0.945445 0.289122 -0.150144 92.197807
26724 12 22 20
0.941589 0.314085 -0.121495 89.234451
31908 12 22 24
0.979675 0.156076 0.126001 103.764816
33204 12 22 25
0.920932 0.184547 -0.343259 101.872971
34500 12 22 26
0.649587 0.175458 -0.739765 89.090012
33240 12 23 25
0.844967 -0.361500 -0.394143 100.667816
34536 12 23 26
0.531267 -0.260057 -0.806304 88.494217
33276 12 24 25
0.526634 -0.768555 -0.363290 89.697624
34572 12 24 26
0.318681 -0.643560 -0.695898 78.439995
21648 12 25 16
0.952857 -0.175960 0.247186 85.000679
20388 12 26 15
0.887496 -0.385084 0.253104 72.828590
28200 12 27 21
0.798403 -0.530677 -0.284489 76.174835
28236 12 28 21
0.655367 -0.708573 -0.261569 60.767376
28669 13 4 22
0.479491 0.746984 -0.460547 94.923279
26113 13 5 20
0.658618 0.750197 0.058536 123.087387
27409 13 5 21
0.725294 0.590519 -0.353888 120.366867
28705 13 5 22
0.631530 0.335246 -0.699128 108.797867
24853 13 6 19
0.791680 0.579891 0.192274 132.484390
26149 13 6 20
0.944844 0.222925 -0.239944 132.416000
27445 13 6 21
0.793576 -0.088117 -0.602057 125.279518
28741 13 6 22
0.617370 -0.191859 -0.762918 110.042114
22297 13 7 17
0.667641 0.697175 0.261155 134.321716
23593 13 7 18
0.890343 0.448746 0.076915 136.923080
24889 13 7 19
0.946420 -0.132523 -0.294493 135.809113
26185 13 7 20
0.746444 -0.420645 -0.515634 130.061691
19741 13 8 15
0.667120 0.627736 0.401122 135.778824
21037 13 8 16
0.813303 0.555533 0.172981 141.161392
22333 13 8 17
0.952731 0.254180 -0.166420 141.431229
23629 13 8 18
0.857593 -0.223733 -0.463118 137.869019
19777 13 9 15
0.916405 0.274996 0.290825 144.194595
21073 13 9 16
0.983057 -0.049432 -0.176511 144.873611
22369 13 9 17
0.849292 -0.274717 -0.450814 140.684509
17221 13 10 13
0.408943 0.287948 0.865940 130.061447
18517 13 10 14
0.818175 -0.033546 0.573990 140.532700
19813 13 10 15
0.933336 -0.358912 -0.008139 143.556519
14665 13 11 11
0.080130 0.207967 0.974848 96.360756
15961 13 11 12
0.201106 0.083971 0.975964 117.365959
17257 13 11 13
0.525272 -0.268185 0.807568 130.830933
26329 13 11 20
0.691345 -0.007136 -0.722490 108.198967
27625 13 11 21
0.520013 -0.052681 -0.852532 91.546951
28921 13 11 22
0.406506 -0.094096 -0.908790 70.895569
14701 13 12 11
0.154496 -0.153221 0.976040 97.285446
15997 13 12 12
0.327902 -0.405795 0.853118 114.761360
17293 13 12 13
0.597939 -0.660231 0.454494 124.522743
26365 13 12 20
0.686140 -0.215246 -0.694896 106.216652
27661 13 12 21
0.503671 -0.225879 -0.833843 88.552322
28957 13 12 22
0.389830 -0.212753 -0.895973 67.356873
14737 13 13 11
0.279195 -0.473925 0.835132 90.220772
23809 13 13 18
0.910094 -0.355301 -0.213282 118.867409
26401 13 13 20
0.629255 -0.463848 -0.623605 98.041428
23845 13 14 18
0.795654 -0.527697 -0.297441 107.330933
21505 13 21 16
0.681696 0.349494 0.642764 93.960075
22801 13 21 17
0.631294 0.752702 0.186833 97.763222
22837 13 22 17
0.803352 0.448977 0.391210 103.053253
26725 13 22 20
0.845846 0.532707 0.027713 106.322052
31909 13 22 24
0.997696 -0.065198 0.018743 122.218063
33205 13 22 25
0.733399 -0.076194 -0.675515 117.398712
22873 13 23 17
0.880467 0.252047 0.401560 106.731628
24169 13 23 18
0.909369 0.318600 0.267474 110.484299
31945 13 23 24
0.707440 -0.696267 -0.121410 116.866867
33241 13 23 25
0.377828 -0.678690 -0.629783 111.175278
34537 13 23 26
0.178576 -0.453045 -0.873419 96.059708
24205 13 24 18
0.947078 0.040059 0.318494 112.567390
25501 13 24 19
0.980883 0.105012 0.163834 115.736351
34573 13 24 26
0.016973 -0.706677 -0.707333 81.972160
21649 13 25 16
0.916336 -0.295560 0.270135 102.550934
22945 13 25 17
0.877603 -0.366149 0.309432 106.401222
20389 13 26 15
0.796431 -0.567707 0.208344 91.153107
21685 13 26 16
0.714481 -0.677571 0.174396 94.464851
22981 13 26 17
0.674307 -0.690560 0.261605 98.126198
24277 13 26 18
0.707247 -0.620316 0.339131 103.458794
28165 13 26 21
0.783850 -0.471487 -0.404079 106.161186
20425 13 27 15
0.612120 -0.783833 0.104474 76.603012
24313 13 27 18
0.547163 -0.776163 0.313343 89.275017
25609 13 27 19
0.616071 -0.751316 0.236601 95.766205
26905 13 27 20
0.668424 -0.742668 -0.040665 98.257896
28201 13 27 21
0.609354 -0.692070 -0.386945 93.312737
26941 13 28 20
0.503356 -0.863741 -0.024165 79.026169
28237 13 28 21
0.460511 -0.825478 -0.326366 74.597626
18230 14 2 14
0.701042 0.492085 0.516132 55.125744
19526 14 2 15
0.797702 0.511109 0.320061 63.516674
28670 14 4 22
0.053415 0.856946 -0.512630 101.748962
29966 14 4 23
0.045582 0.645143 -0.762701 85.421494
15746 14 5 12
0.636228 0.432757 0.638698 60.520039
26114 14 5 20
0.108650 0.989860 0.091503 130.376083
27410 14 5 21
0.108735 0.877177 -0.467694 128.091980
30002 14 5 23
0.116554 0.254487 -0.960027 97.149666
27446 14 6 21
0.172854 -0.143157 -0.974488 133.255814
28742 14 6 22
0.206608 -0.192648 -0.959271 119.684113
23594 14 7 18
-0.652221 0.757995 -0.007140 139.819290
24890 14 7 19
-0.738268 -0.514095 -0.436654 138.935944
21038 14 8 16
0.210801 0.977346 -0.018907 147.568054
18518 14 10 14
-0.313957 -0.240713 0.918416 143.198776
27626 14 11 21
0.124931 -0.057220 -0.990514 98.392586
23774 14 12 18
0.770542 -0.013643 -0.637243 137.445099
25070 14 12 19
0.400201 -0.102567 -0.910670 129.223389
26366 14 12 20
0.201702 -0.170612 -0.964473 115.213242
14738 14 13 11
-0.197161 -0.288003 0.937114 91.137367
23810 14 13 18
0.672808 -0.505305 -0.540367 134.326950
25106 14 13 19
0.410100 -0.523107 -0.747113 124.255959
26402 14 13 20
0.279158 -0.466143 -0.839513 108.834747
21254 14 14 16
0.866938 -0.496944 0.038283 133.457535
22550 14 14 17
0.704771 -0.644473 -0.296568 131.250198
23846 14 14 18
0.506760 -0.706441 -0.494102 123.581993
21290 14 15 16
0.704900 -0.688301 -0.171342 123.668900
30542 14 20 23
0.829353 0.438296 0.346512 124.261505
31838 14 20 24
0.841303 0.527985 -0.115933 127.120110
33134 14 20 25
0.653410 0.492189 -0.575158 119.403236
31874 14 21 24
0.964262 0.217026 -0.151980 133.383301
33170 14 21 25
0.569313 0.171351 -0.804066 126.422882
26726 14 22 20
0.664806 0.688252 0.290416 117.218864
28022 14 22 21
0.801938 0.487096 0.345881 121.280556
31910 14 22 24
0.610899 -0.721242 -0.326516 131.613342
33206 14 22 25
0.221100 -0.467766 -0.855751 124.432739
28058 14 23 21
0.942939 0.320655 0.089702 126.030891
25502 14 24 19
0.653121 0.276577 0.704938 124.443977
19058 14 25 14
0.888825 -0.068425 0.453110 106.173378
26834 14 25 20
0.949795 -0.282158 0.135187 128.180161
28130 14 25 21
0.796034 -0.347787 -0.495353 125.803719
19094 14 26 14
0.774520 -0.586920 0.235889 101.021286
28166 14 26 21
0.583358 -0.628212 -0.514822 118.700737
15242 14 27 11
0.812945 -0.110105 0.571837 68.360764
16538 14 27 12
0.837241 -0.357267 0.413990 78.896400
26906 14 27 20
0.477661 -0.878374 -0.017300 109.809837
15278 14 28 11
0.872763 -0.314443 0.373376 63.850147
26942 14 28 20
0.386292 -0.921307 -0.044406 89.788361
16935 15 2 13
0.257092 0.620816 0.740602 52.159355
18231 15 2 14
0.367937 0.645493 0.669298 65.762894
20823 15 2 16
0.635764 0.749836 0.183168 83.229248
15747 15 5 12
0.418081 0.492359 0.763408 73.810974
30003 15 5 23
-0.239784 0.338823 -0.909782 95.304672
30039 15 6 23
-0.124094 -0.064336 -0.990183 98.637299
17115 15 7 13
0.325375 0.406834 0.853591 114.439644
22515 15 13 17
-0.428942 -0.715447 -0.551492 142.739319
14775 15 14 11
-0.300481 -0.194025 0.933844 80.582191
21255 15 14 16
-0.239555 -0.964072 0.114795 138.998032
22551 15 14 17
-0.099892 -0.865887 -0.490164 136.483170
23847 15 14 18
-0.031697 -0.778339 -0.627043 128.230988
18699 15 15 14
0.038140 -0.515695 0.855923 122.886429
19995 15 15 15
0.020279 -0.914431 0.404233 129.967682
21291 15 15 16
-0.011092 -0.958370 -0.285315 129.982071
18735 15 16 14
0.210457 -0.756910 0.618705 114.066719
21327 15 16 16
0.070981 -0.906405 -0.416404 116.072861
30471 15 18 23
0.791469 0.603462 0.097008 118.800407
31767 15 18 24
0.673884 0.678908 -0.291485 116.058914
31803 15 19 24
0.716230 0.631171 -0.297720 130.958710
30543 15 20 23
0.822070 0.306147 0.480078 137.745590
31839 15 20 24
0.800800 0.439982 -0.406369 138.791977
17691 15 23 13
0.641240 0.369314 0.672620 98.893021
18987 15 23 14
0.764149 0.371324 0.527442 111.161736
28059 15 23 21
0.891523 0.427284 0.150382 133.047546
19023 15 24 14
0.834399 0.267387 0.481957 115.822472
28095 15 24 21
0.918988 0.063367 -0.389160 134.579636
16503 15 26 12
0.760943 -0.065092 0.645546 99.201347
17799 15 26 13
0.808337 -0.416916 0.415658 108.108803
15279 15 28 11
0.867014 -0.285001 0.408732 81.325470
14019 15 29 10
0.808562 -0.252187 0.531628 66.826149
14055 15 30 10
0.812665 -0.423448 0.400333 59.978283
19528 16 2 15
-0.007623 0.781453 0.623917 81.723007
20824 16 2 16
0.165615 0.919496 0.356508 91.025490
20860 16 3 16
0.319317 0.748860 0.580729 104.072350
22156 16 3 17
0.519384 0.840865 0.152267 109.009560
23452 16 3 18
0.471226 0.854779 -0.217485 108.109871
20896 16 4 16
0.390091 0.627271 0.674062 111.783920
22192 16 4 17
0.641905 0.635445 0.429147 117.117577
15748 16 5 12
-0.004495 0.543162 0.839616 78.969482
17044 16 5 13
0.011131 0.714279 0.699772 95.782150
15784 16 6 12
-0.012278 0.336201 0.941710 89.420380
17080 16 6 13
0.000113 0.579143 0.815226 108.903358
15820 16 7 12
-0.079035 0.081611 0.993526 94.526726
17116 16 7 13
-0.087146 0.267581 0.959586 117.456314
18412 16 7 14
-0.105947 0.651035 0.751617 132.242935
28816 16 8 22
-0.110493 -0.551791 -0.826630 101.659798
18484 16 9 14
-0.398251 -0.336797 0.853208 134.607895
19780 16 9 15
-0.533919 -0.467238 0.704712 145.174927
28852 16 9 22
0.031848 -0.515767 -0.856137 92.257950
14776 16 14 11
-0.571601 0.061322 0.818237 71.029091
14812 16 15 11
-0.383137 -0.131563 0.914274 70.414856
18700 16 15 14
-0.776023 -0.167780 0.607979 116.840721
19996 16 15 15
-0.880306 -0.406630 0.244363 123.512222
21292 16 15 16
-0.740167 -0.647825 -0.180208 123.787193
14848 16 16 11
-0.170535 -0.321819 0.931316 65.567978
18736 16 16 14
-0.606033 -0.554967 0.569856 111.538269
21328 16 16 16
-0.522173 -0.757296 -0.392222 112.464211
16180 16 17 12
-0.010430 -0.427344 0.904029 76.501579
17476 16 17 13
-0.095131 -0.507701 0.856265 92.674652
18772 16 17 14
-0.273909 -0.716686 0.641354 103.346733
29176 16 18 22
0.734544 0.441405 0.515371 129.306259
30472 16 18 23
0.730860 0.682486 0.007544 134.643707
30508 16 19 23
0.833773 0.495876 0.242755 142.357224
31804 16 19 24
0.474576 0.601748 -0.642399 139.898132
31840 16 20 24
0.113313 -0.240871 -0.963920 142.397537
20212 16 21 15
0.849263 0.477595 0.225068 117.676338
17692 16 23 13
0.578985 0.343539 0.739431 111.802925
18988 16 23 14
0.790340 0.273611 0.548179 121.198753
28096 16 24 21
0.815801 0.147948 -0.559089 139.257446
29392 16 24 22
0.202056 -0.221303 -0.954043 132.403427
29428 16 25 22
0.248069 -0.342724 -0.906092 128.740692
30724 16 25 23
0.099216 -0.450779 -0.887105 111.484573
17800 16 26 13
0.833126 -0.491249 0.254119 117.202454
19096 16 26 14
0.550776 -0.760562 -0.343790 116.553848
14056 16 30 10
0.701831 -0.439411 0.560671 75.702835
14092 16 31 10
0.626850 -0.642777 0.440337 64.297417
23417 17 2 18
0.003403 0.974191 -0.225702 93.968689
22157 17 3 17
-0.148816 0.906767 0.394497 111.623550
23453 17 3 18
0.083537 0.981115 -0.174455 112.979935
15785 17 6 12
-0.434272 0.287313 0.853732 83.565872
17117 17 7 13
-0.516716 0.165869 0.839936 110.437408
18413 17 7 14
-0.611411 0.437089 0.659644 126.240334
17153 17 8 13
-0.475616 -0.144494 0.867704 110.415260
18449 17 8 14
-0.577291 -0.018614 0.816326 130.008911
19745 17 8 15
-0.737838 0.371659 0.563440 140.417633
21041 17 8 16
-0.395338 0.813782 -0.425989 141.315964
28817 17 8 22
-0.247014 -0.381160 -0.890899 98.837357
18485 17 9 14
-0.473850 -0.342298 0.811356 125.647758
19781 17 9 15
-0.530323 -0.338230 0.777405 140.084381
21077 17 9 16
-0.957578 0.203567 -0.203975 144.618332
28853 17 9 22
0.004533 -0.391531 -0.920154 92.581512
27809 17 16 21
0.790926 0.368658 0.488392 116.682793
29105 17 16 22
0.720811 0.692177 0.036378 121.389984
30401 17 16 23
0.494587 0.762957 -0.416270 117.191734
36881 17 16 28
0.279284 0.875617 -0.394075 59.595409
16181 17 17 12
-0.407470 -0.158671 0.899328 72.586258
17477 17 17 13
-0.612410 -0.129116 0.779925 86.966263
29141 17 17 22
0.684404 0.648768 0.332703 132.532425
30437 17 17 23
0.468340 0.811201 -0.350157 132.228867
36917 17 17 28
0.297887 0.813633 -0.499264 76.384201
38213 17 17 29
0.262563 0.658101 -0.705665 64.692131
29177 17 18 22
0.666760 0.477177 0.572480 140.537521
30473 17 18 23
0.506325 0.802762 -0.314972 142.688095
38249 17 18 29
0.283461 0.404979 -0.869277 75.345970
35693 17 19 27
0.313052 0.486731 -0.815531 110.904007
36989 17 19 28
0.339157 0.259803 -0.904143 97.811440
18881 17 20 14
0.414943 0.644471 0.642245 112.453659
20177 17 20 15
0.452974 0.861634 0.228911 118.413689
24065 17 20 18
0.678810 0.705019 0.205342 118.565468
25361 17 20 19
0.703062 0.598594 0.383914 123.744865
26657 17 20 20
0.731005 0.475609 0.489314 131.423798
37025 17 20 28
0.274465 -0.152125 -0.949488 98.552284
38321 17 20 29
0.222002 -0.202725 -0.953739 78.570320
20213 17 21 15
0.702939 0.669045 0.241360 126.084877
26693 17 21 20
0.846373 0.410421 0.339421 138.099731
37061 17 21 28
0.196213 -0.426873 -0.882768 92.356369
38357 17 21 29
0.173584 -0.391176 -0.903797 71.300835
18953 17 22 14
0.607457 0.280665 0.743117 125.512985
20249 17 22 15
0.993886 0.023929 0.107786 128.684799
35801 17 22 27
0.099461 -0.688579 -0.718309 97.775772
37097 17 22 28
0.137628 -0.587397 -0.797511 80.369736
18989 17 23 14
0.625751 -0.099007 0.773714 126.332069
34541 17 23 26
-0.028682 -0.840706 -0.540732 94.334106
35837 17 23 27
0.059092 -0.771476 -0.633509 81.156952
13877 17 25 10
0.412492 0.364407 0.834900 86.275505
30725 17 25 23
-0.075424 -0.350681 -0.933453 112.001457
19097 17 26 14
0.744395 -0.432656 -0.508612 121.300926
28169 17 26 21
0.304327 -0.512631 -0.802867 139.783005
30761 17 26 23
-0.006667 -0.454215 -0.890867 102.112984
28205 17 27 21
0.252154 -0.703043 -0.664943 129.321167
25685 17 29 19
0.599175 -0.771644 -0.213437 110.758064
14093 17 31 10
0.361476 -0.707902 0.606803 75.155075
14129 17 32 10
0.269809 -0.849555 0.453277 57.755962
15425 17 32 11
0.388941 -0.905023 0.172214 64.855423
22158 18 3 17
-0.551493 0.697724 0.457206 105.123428
23454 18 3 18
-0.426642 0.904281 0.015872 109.921829
23490 18 4 18
-0.617467 0.742106 0.260791 121.031799
24786 18 4 19
-0.351170 0.748233 -0.562874 118.934784
26082 18 4 20
-0.250950 0.617100 -0.745796 108.431450
23526 18 5 18
-0.771387 0.119652 0.625016 124.089088
24822 18 5 19
-0.552658 0.180078 -0.813721 123.375641
27450 18 6 21
-0.531784 0.141405 -0.834991 107.259773
28782 18 7 22
-0.514097 0.032627 -0.857111 94.755447
21042 18 8 16
-0.673211 0.707538 0.214888 136.630356
28818 18 8 22
-0.370745 -0.107821 -0.922455 93.967857
30114 18 8 23
-0.339061 -0.078752 -0.937463 76.035431
19782 18 9 15
-0.622048 -0.163176 0.765787 130.925034
21078 18 9 16
-0.725289 0.186883 0.662594 141.266632
19818 18 10 15
-0.460509 -0.394348 0.795249 124.280426
21114 18 10 16
-0.412708 -0.395706 0.820420 139.440247
22410 18 10 17
0.748688 0.145660 0.646722 145.056885
21150 18 11 16
-0.320264 -0.518184 0.793042 131.739807
22446 18 11 17
0.020377 -0.683261 0.729890 142.334946
27810 18 16 21
0.721962 0.404487 0.561392 127.842651
29106 18 16 22
0.533729 0.833209 -0.144557 130.832291
30438 18 17 23
0.085836 0.781407 -0.618090 136.468567
36954 18 18 28
-0.304274 0.628945 -0.715434 90.285446
38250 18 18 29
-0.269576 0.398511 -0.876651 75.450752
35694 18 19 27
-0.316724 0.498523 -0.806945 110.893921
36990 18 19 28
-0.315456 0.262235 -0.911987 98.008453
18882 18 20 14
0.004496 0.850020 0.526730 115.507324
20178 18 20 15
-0.151350 0.969385 0.193353 120.016830
21474 18 20 16
-0.074604 0.995278 0.062100 121.109589
22770 18 20 17
0.197715 0.950187 0.240944 122.605537
25362 18 20 19
0.541111 0.666713 0.512535 134.424164
26658 18 20 20
0.668483 0.537495 0.514033 141.876404
26694 18 21 20
0.826393 0.499860 0.259258 147.523407
28026 18 22 21
0.348668 -0.188780 -0.918037 146.397781
34542 18 23 26
-0.143929 -0.866909 -0.477235 92.732330
13842 18 24 10
0.174288 0.426595 0.887491 83.590996
15138 18 24 11
0.155529 0.430730 0.888978 102.414474
34578 18 24 26
-0.149400 -0.844425 -0.514419 73.989792
13878 18 25 10
0.163183 0.418030 0.893657 93.438965
13914 18 26 10
0.194228 0.311071 0.930328 101.429314
16506 18 26 12
0.262720 0.623928 0.735997 124.613388
17802 18 26 13
0.643846 0.760181 0.087107 126.713837
28170 18 26 21
-0.285359 -0.375544 -0.881781 139.813492
29466 18 26 22
-0.315234 -0.354516 -0.880310 121.526543
30762 18 26 23
-0.289951 -0.397759 -0.870469 98.164825
12654 18 27 9
0.167036 0.081075 0.982612 83.708282
13950 18 27 10
0.223075 0.117779 0.967660 105.808159
28206 18 27 21
-0.194074 -0.601004 -0.775326 130.171799
25650 18 28 19
0.437987 -0.818446 -0.371905 139.128815
26946 18 28 20
0.040245 -0.798064 -0.601227 129.679672
28242 18 28 21
-0.107613 -0.717542 -0.688151 112.892326
23094 18 29 17
0.834134 -0.551538 0.005084 132.209000
24390 18 29 18
0.590500 -0.774764 -0.225943 130.156174
25686 18 29 19
0.267362 -0.852748 -0.448707 122.480095
15354 18 30 11
0.251882 -0.713838 0.653445 108.685562
19242 18 30 14
0.764099 -0.644874 -0.017039 118.562759
23130 18 30 17
0.579877 -0.801650 -0.145260 116.279358
24426 18 30 18
0.385065 -0.866274 -0.318269 110.134285
25722 18 30 19
0.198389 -0.864962 -0.460958 98.685303
14094 18 31 10
-0.010692 -0.715811 0.698212 79.127846
15390 18 31 11
0.133327 -0.883401 0.449250 92.496422
17982 18 31 13
0.447707 -0.894145 -0.007938 100.629929
19278 18 31 14
0.519209 -0.853237 -0.049067 99.693466
23166 18 31 17
0.394189 -0.896854 -0.200668 92.063240
14130 18 32 10
-0.042267 -0.845687 0.532002 60.337563
24787 19 4 19
-0.720553 0.605340 -0.338181 110.771454
26083 19 4 20
-0.532230 0.531911 -0.658637 100.281235
26119 19 5 20
-0.620366 0.278991 -0.733014 108.491562
27451 19 6 21
-0.584663 0.157903 -0.795762 97.642479
22411 19 10 17
-0.753551 0.023599 0.656966 141.932617
23707 19 10 18
-0.391723 0.845365 -0.363195 144.241806
22447 19 11 17
-0.502503 -0.401410 0.765742 138.879120
22483 19 12 17
-0.365751 -0.552248 0.749165 129.537079
23779 19 12 18
-0.171461 -0.716005 0.676711 141.576309
25075 19 12 19
0.671455 -0.683303 -0.286785 144.714951
28963 19 12 22
0.244660 0.304185 -0.920659 106.948845
27703 19 13 21
0.459499 0.122715 -0.879660 129.097900
29071 19 15 22
0.061737 0.600428 -0.797292 125.957870
30367 19 15 23
-0.101813 0.542141 -0.834096 112.940437
31663 19 15 24
-0.143237 0.529669 -0.836022 95.210930
27811 19 16 21
0.577865 0.652947 0.489625 134.682922
29107 19 16 22
-0.039190 0.837683 -0.544748 133.806091
20179 19 20 15
-0.435801 0.893652 0.107065 115.903656
21475 19 20 16
-0.448887 0.867565 0.214084 117.635338
16327 19 21 12
0.234901 0.456431 0.858192 105.347939
15067 19 22 11
0.159009 0.237506 0.958283 92.805817
25435 19 22 19
-0.077464 0.713018 0.696853 152.332169
26731 19 22 20
-0.492925 0.114616 -0.862489 152.727539
28027 19 22 21
-0.313392 -0.401892 -0.860388 146.160950
15103 19 23 11
-0.016278 0.216073 0.976242 97.175781
25471 19 23 19
0.292616 0.762002 0.577692 155.240173
34543 19 23 26
-0.319222 -0.837453 -0.443587 87.749931
25507 19 24 19
0.877481 0.154442 -0.454064 156.234451
34579 19 24 26
-0.326955 -0.829604 -0.452611 68.567680
15211 19 26 11
-0.433102 0.458977 0.775734 115.263748
16507 19 26 12
-0.533121 0.631486 0.563034 122.996208
29467 19 26 22
-0.581899 -0.291869 -0.759082 108.828232
12655 19 27 9
-0.172379 0.060058 0.983198 83.818398
13951 19 27 10
-0.274852 0.117784 0.954245 105.477463
12691 19 28 9
-0.199813 -0.139540 0.969847 82.726006
25651 19 28 19
-0.291774 -0.699396 -0.652467 139.721771
26947 19 28 20
-0.420060 -0.621331 -0.661436 124.300056
23095 19 29 17
0.378588 -0.873682 -0.305535 143.700806
24391 19 29 18
-0.014583 -0.852866 -0.521926 136.078796
15355 19 30 11
-0.325056 -0.643928 0.692600 107.456253
16651 19 30 12
-0.194876 -0.828369 0.525194 119.324265
17947 19 30 13
0.084998 -0.945306 0.314917 126.198410
19243 19 30 14
0.315717 -0.936687 0.151461 129.940033
20539 19 30 15
0.379077 -0.924982 0.026632 131.584473
23131 19 30 17
0.122199 -0.939694 -0.319440 125.307205
24427 19 30 18
-0.054594 -0.881086 -0.469794 114.659462
25723 19 30 19
-0.170995 -0.813310 -0.556136 98.909752
17983 19 31 13
-0.019553 -0.989252 0.144908 106.096390
21871 19 31 16
0.119217 -0.980602 -0.155584 105.349411
23167 19 31 17
0.035571 -0.955095 -0.294156 98.591911
24788 20 4 19
-0.829882 0.513562 -0.218061 94.385201
24824 20 5 19
-0.895037 0.344428 -0.283334 103.730385
26120 20 5 20
-0.764517 0.287396 -0.576990 94.055084
23600 20 7 18
-0.889518 0.453892 -0.052338 116.817375
22448 20 11 17
-0.730763 -0.216235 0.647479 125.381744
28928 20 11 22
-0.224652 0.353375 -0.908107 99.285149
22484 20 12 17
-0.592430 -0.358707 0.721358 117.325935
25076 20 12 19
-0.951538 -0.209760 0.224891 141.535797
28964 20 12 22
-0.243823 0.289174 -0.925704 107.133011
25112 20 13 19
-0.636889 -0.562011 0.527746 136.626846
26408 20 13 20
-0.810424 -0.360666 -0.461664 138.011795
27704 20 13 21
-0.447365 0.075213 -0.891183 129.359909
29000 20 13 22
-0.330944 0.217271 -0.918297 112.761490
25148 20 14 19
-0.305725 -0.567697 0.764364 129.124847
26444 20 14 20
-0.751652 -0.657895 0.046831 134.166061
27740 20 14 21
-0.579069 0.019800 -0.815038 129.709991
32924 20 14 25
-0.393474 0.421588 -0.816971 61.577854
34220 20 14 26
-0.409998 0.485726 -0.771992 47.114334
35516 20 14 27
-0.435922 0.545935 -0.715491 35.769337
31664 20 15 24
-0.461909 0.403492 -0.789832 88.041649
29216 20 19 22
-0.007786 0.388287 -0.921506 154.924057
16292 20 20 12
0.034646 0.749969 0.660565 95.696854
31844 20 20 24
-0.276067 -0.350311 -0.895025 138.818619
33140 20 20 25
-0.429958 -0.045029 -0.901725 127.039421
16328 20 21 12
0.079699 0.475803 0.875934 108.279213
31880 20 21 24
-0.262855 -0.844104 -0.467327 129.865555
26732 20 22 20
-0.901204 -0.146457 -0.407898 146.839005
34544 20 23 26
-0.462033 -0.776969 -0.427604 78.413292
22916 20 24 17
0.137927 0.675786 0.724078 150.029663
24212 20 24 18
-0.398057 0.850891 0.342834 155.415970
25508 20 24 19
-0.742905 0.058163 -0.666865 153.088776
22952 20 25 17
0.470866 0.632240 0.615270 156.878464
24248 20 25 18
-0.317126 0.605491 -0.729940 158.786514
15212 20 26 11
-0.740443 0.320279 0.590903 104.924088
22988 20 26 17
0.839384 0.462970 0.284769 161.284653
24284 20 26 18
-0.257651 -0.247353 -0.934041 158.876907
12656 20 27 9
-0.498250 0.040180 0.866102 75.253403
13952 20 27 10
-0.646958 0.085548 0.757712 95.159027
15248 20 27 11
-0.755650 0.176292 0.630805 110.019173
12692 20 28 9
-0.494664 -0.165957 0.853092 73.542297
13988 20 28 10
-0.624992 -0.142914 0.767437 94.407104
16652 20 30 12
-0.581097 -0.620300 0.526834 110.150681
20540 20 30 15
-0.152729 -0.986632 0.056837 133.462143
17984 20 31 13
-0.385597 -0.886407 0.256121 100.042328
21872 20 31 16
-0.188041 -0.963598 -0.190049 103.815674
20937 21 5 16
-0.664300 0.478623 0.574130 69.043831
20973 21 6 16
-0.709373 0.370788 0.599422 79.136269
22305 21 7 17
-0.889973 0.271343 0.366499 97.604614
22341 21 8 17
-0.917758 0.145588 0.369492 102.209824
23637 21 8 18
-0.970924 0.238078 0.025014 106.865074
24933 21 8 19
-0.894337 0.304887 -0.327423 103.522202
24969 21 9 19
-0.919644 0.321994 -0.224888 110.406532
28929 21 11 22
-0.568263 0.300479 -0.766022 88.699532
25077 21 12 19
-0.980182 -0.020118 0.197075 124.187874
25113 21 13 19
-0.932946 -0.127431 0.336708 122.281372
25149 21 14 19
-0.850196 -0.063103 0.522670 120.025970
22665 21 17 17
0.248124 0.312329 0.916998 101.729996
25293 21 18 19
0.193078 0.132265 0.972228 137.162170
26589 21 18 20
-0.031709 0.468928 0.882667 147.092865
27921 21 19 21
-0.875973 -0.118440 0.467593 153.453278
29217 21 19 22
-0.759545 0.207568 -0.616448 152.061279
30513 21 19 23
-0.562568 0.325137 -0.760134 143.941605
16293 21 20 12
-0.099951 0.770247 0.629865 94.959671
27957 21 20 21
-0.613533 -0.757894 0.221750 149.527176
29253 21 20 22
-0.573952 -0.753731 -0.320109 148.803040
30549 21 20 23
-0.574865 -0.521486 -0.630542 142.962112
31845 21 20 24
-0.597566 -0.229253 -0.768348 132.419861
33141 21 20 25
-0.606887 -0.021781 -0.794490 117.413788
34437 21 20 26
-0.619021 0.065117 -0.782670 98.693283
15033 21 21 11
-0.146404 0.283323 0.947784 88.134499
16329 21 21 12
-0.119288 0.436093 0.891960 107.959801
31881 21 21 24
-0.494966 -0.728356 -0.473820 122.746239
33177 21 21 25
-0.589151 -0.526043 -0.613334 111.134872
34473 21 21 26
-0.624714 -0.329841 -0.707770 95.281967
16365 21 22 12
-0.206931 -0.170028 0.963468 110.128769
17661 21 22 13
-0.107153 -0.347476 0.931546 120.988525
34509 21 22 26
-0.583753 -0.597715 -0.549517 82.915665
24213 21 24 18
-0.759084 0.600498 -0.251383 149.859253
20397 21 26 15
-0.091681 0.511321 0.854486 147.844162
21693 21 26 16
-0.107337 0.661977 0.741799 159.470261
22989 21 26 17
-0.720446 0.367809 -0.587941 161.722321
24285 21 26 18
-0.540416 -0.207426 -0.815429 153.143799
13953 21 27 10
-0.793508 0.051089 0.606412 76.874832
20433 21 27 15
-0.190974 0.319142 0.928266 154.936981
21729 21 27 16
-0.568036 0.136674 0.811576 163.330490
21765 21 28 16
-0.494490 -0.857978 -0.139115 159.677933
20974 22 6 16
-0.799684 0.303552 0.518036 61.750313
21010 22 7 16
-0.840786 0.107799 0.530526 66.459709
22306 22 7 17
-0.946047 0.157833 0.282990 76.429016
26302 22 10 20
-0.941711 0.237433 -0.238341 87.691307
27598 22 10 21
-0.836457 0.290280 -0.464842 77.812614
27634 22 11 21
-0.882791 0.203587 -0.423359 84.804382
28930 22 11 22
-0.763965 0.219605 -0.606738 70.077873
23926 22 16 18
-0.256576 0.613666 0.746714 111.904633
21370 22 17 16
0.141807 0.456494 0.878353 86.825317
22666 22 17 17
0.073365 0.380002 0.922072 105.099655
23962 22 17 18
-0.100560 0.420760 0.901581 121.162125
25258 22 17 19
-0.432546 0.635909 0.639158 132.178558
23998 22 18 18
-0.060421 -0.002520 0.998170 124.329445
25294 22 18 19
-0.389870 0.058721 0.918996 136.351013
26590 22 18 20
-0.826766 0.401735 0.393785 143.197601
27886 22 18 21
-0.766849 0.572720 -0.289714 143.027893
25330 22 19 19
-0.346357 -0.333109 0.876969 134.192047
27922 22 19 21
-0.998763 -0.049695 -0.001822 146.743637
30514 22 19 23
-0.687006 0.297716 -0.662863 132.422974
27958 22 20 21
-0.716691 -0.687349 0.117919 142.640488
30550 22 20 23
-0.711956 -0.329373 -0.620187 132.648972
31846 22 20 24
-0.701664 -0.137785 -0.699059 119.178246
17626 22 21 13
-0.141219 0.684073 0.715612 117.575592
16366 22 22 12
-0.321282 -0.211342 0.923099 105.237656
17662 22 22 13
-0.176774 -0.319925 0.930806 119.785583
21694 22 26 16
-0.762230 0.405951 0.504192 153.857437
22990 22 26 17
-0.870073 0.052779 -0.490089 154.145050
20434 22 27 15
-0.639676 0.135406 0.756624 147.288498
21730 22 27 16
-0.976315 -0.091276 0.196155 156.237396
19174 22 28 14
-0.635812 -0.121907 0.762156 129.369156
20470 22 28 15
-0.735380 -0.328811 0.592537 145.705002
21766 22 28 16
-0.781651 -0.612548 -0.117500 150.698792
19210 22 29 14
-0.641632 -0.473123 0.603708 121.172729
21371 23 17 16
0.068441 0.571244 0.817922 89.034546
23963 23 17 18
-0.506464 0.574625 0.642884 116.337379
25259 23 17 19
-0.744469 0.617793 0.253175 123.371178
25295 23 18 19
-0.814522 0.196363 0.545889 129.353394
17627 23 21 13
-0.252324 0.487011 0.836153 114.651123
17663 23 22 13
-0.275506 -0.249431 0.928375 116.606880
18959 23 22 14
0.227129 -0.234728 0.945154 128.066071
20435 23 27 15
-0.792333 0.017685 0.609833 130.355423
20471 23 28 15
-0.829140 -0.268484 0.490350 127.316223
20543 23 30 15
-0.610160 -0.763716 0.210816 95.003563
21839 23 30 16
-0.550217 -0.823082 -0.140702 96.199509
21372 24 17 16
-0.011994 0.749025 0.662433 89.591362
17664 24 22 13
-0.359933 -0.200141 0.911258 109.987869
18960 24 22 14
-0.132458 -0.232636 0.963502 128.196121
20256 24 22 15
0.685322 -0.090652 0.722576 137.756622
18996 24 23 14
-0.205517 -0.592871 0.778631 119.704071
25512 24 24 19
0.231961 -0.677709 -0.697786 131.129272
26808 24 24 20
0.218431 -0.647594 -0.730007 118.485405
26844 24 25 20
0.007647 -0.681732 -0.731562 102.132301
23064 24 28 17
-0.789531 -0.485475 -0.375440 106.407837
23100 24 29 17
-0.681384 -0.611009 -0.402969 90.840935
20544 24 30 15
-0.706723 -0.659755 0.255474 74.931862
21840 24 30 16
-0.673515 -0.736394 -0.064041 77.917007
23136 24 30 17
-0.573455 -0.725692 -0.380159 71.364655
26521 25 16 20
-0.657856 0.724598 -0.205387 75.771095
27817 25 16 21
-0.594242 0.706922 -0.383584 68.673843
21373 25 17 16
-0.117223 0.892627 0.435288 88.461922
21409 25 18 16
0.053835 0.903840 0.424471 104.007004
30553 25 20 23
-0.406345 0.192550 -0.893201 97.713104
20221 25 21 15
0.081702 0.599805 0.795964 137.661682
27997 25 21 21
-0.098114 0.258971 -0.960889 132.386551
18961 25 22 14
-0.344801 -0.217781 0.913063 123.409950
20257 25 22 15
-0.082171 -0.272579 0.958618 140.119629
28033 25 22 21
0.095140 -0.385255 -0.917893 130.830887
29329 25 22 22
-0.052108 -0.430264 -0.901198 113.185814
25477 25 23 19
0.410113 -0.709398 -0.573202 143.613510
26773 25 23 20
0.170258 -0.657900 -0.733607 135.510971
28069 25 23 21
0.056242 -0.614296 -0.787069 120.665115
29365 25 23 22
-0.008913 -0.585115 -0.810901 99.410690
25513 25 24 19
-0.086354 -0.879796 -0.467442 132.624695
26809 25 24 20
-0.033347 -0.770161 -0.636978 121.139153
25549 25 25 19
-0.290576 -0.836523 -0.464536 114.872345
26845 25 25 20
-0.153882 -0.779047 -0.607788 100.576996
22993 25 26 17
-0.824387 -0.560823 0.076573 107.857422
24289 25 26 18
-0.641325 -0.709206 -0.292794 105.198051
23029 25 27 17
-0.886223 -0.456056 -0.081374 95.614952
23065 25 28 17
-0.864394 -0.460905 -0.200970 83.561531
26522 26 16 20
-0.659454 0.726814 -0.191995 60.531605
20078 26 17 15
-0.173948 0.816454 0.550587 75.906189
21374 26 17 16
-0.290243 0.925737 0.242425 84.536110
26558 26 17 20
-0.677255 0.708434 -0.198615 76.843102
27854 26 17 21
-0.637958 0.697460 -0.326434 70.871849
27890 26 18 21
-0.639302 0.704040 -0.309224 87.547752
29222 26 19 22
-0.584331 0.591114 -0.556004 93.490479
29258 26 20 22
-0.587673 0.408236 -0.698558 105.847839
30554 26 20 23
-0.497712 0.245483 -0.831878 86.433434
27998 26 21 21
-0.635767 0.282294 -0.718408 126.952293
29294 26 21 22
-0.532137 0.041675 -0.845632 111.240189
30590 26 21 23
-0.437906 -0.065820 -0.896608 88.906075
20258 26 22 15
-0.471428 -0.268923 0.839902 134.578140
21554 26 22 16
-0.464147 -0.371650 0.804017 148.271317
22850 26 22 17
-0.669091 -0.594885 0.445453 153.048019
28034 26 22 21
-0.517215 -0.271739 -0.811570 126.753510
20294 26 23 15
-0.434945 -0.595975 0.675008 122.805130
21590 26 23 16
-0.411049 -0.741388 0.530455 138.075485
26774 26 23 20
-0.473136 -0.621861 -0.624044 132.282318
28070 26 23 21
-0.395083 -0.571092 -0.719558 116.289909
26810 26 24 20
-0.417229 -0.746439 -0.518410 115.059151
20079 27 17 15
-0.434075 0.772991 0.462671 69.063660
18819 27 18 14
-0.396790 0.501721 0.768657 69.054413
20115 27 18 15
-0.473675 0.674940 0.565764 85.896202
20151 27 19 15
-0.515472 0.562054 0.646826 100.981415
21447 27 19 16
-0.557071 0.776627 0.294147 112.377769
27999 27 21 21
-0.823409 0.179147 -0.538427 110.741287
29295 27 21 22
-0.745911 0.052958 -0.663937 94.382736
21555 27 22 16
-0.774306 -0.295099 0.559792 136.902069
22851 27 22 17
-0.941213 -0.293977 0.166420 144.495102
21448 28 19 16
-0.783645 0.561809 0.265085 95.649582
22744 28 19 17
-0.754912 0.652279 -0.068115 98.140106
24076 28 20 18
-0.800358 0.536737 -0.267096 109.950554
24112 28 21 18
-0.936549 0.243567 -0.252092 120.907722
21556 28 22 16
-0.863774 -0.244982 0.440315 114.120781
22852 28 22 17
-0.962506 -0.240581 0.125313 122.852608
24148 28 22 18
-0.961643 -0.190041 -0.197808 121.606667
21592 28 23 16
-0.762012 -0.512711 0.395556 101.152504
22888 28 23 17
-0.827894 -0.542911 0.140851 110.342270
24184 28 23 18
-0.852401 -0.507916 -0.124230 110.489044
24113 29 21 18
-0.973543 0.123810 -0.192056 92.564575
24149 29 22 18
-0.970408 -0.180361 -0.160554 91.631256
