2.000000
48 48 48
19.601955 -37.954796 33.650698
-28.398045 -85.954796 -14.349302
156.732801 4659.704881 1139.821330
58144 16 11 25
0.953840 0.281161 0.105539 78.751320
46720 16 13 20
0.822798 0.478149 0.307210 63.304760
47200 16 23 20
0.870212 0.197830 0.451214 66.729202
47248 16 24 20
0.785696 0.045961 0.616904 69.581192
49552 16 24 21
0.948494 0.210961 0.236335 78.684029
51856 16 24 22
0.912754 0.341368 -0.224382 78.582024
51904 16 25 22
0.988150 0.136787 -0.069640 83.726807
54256 16 26 23
0.967105 0.067878 -0.245152 82.097069
52000 16 27 22
0.959529 -0.193605 0.204504 80.198097
70528 16 29 30
0.985089 -0.046948 0.165519 79.850899
72880 16 30 31
0.912410 -0.392092 -0.117357 74.850189
75184 16 30 32
0.814571 -0.380194 -0.438095 67.496674
62705 17 10 27
0.855302 0.476540 -0.203389 100.683121
44561 17 16 19
0.940891 0.143506 0.306807 133.462646
44609 17 17 19
0.972423 -0.139919 0.186589 133.539474
49265 17 18 21
0.931692 -0.326463 -0.159285 117.397575
49505 17 23 21
0.978865 0.167119 0.117874 92.863350
51905 17 25 22
0.966404 0.254058 -0.038959 101.019112
54257 17 26 23
0.925722 0.274418 -0.260257 102.672798
56561 17 26 24
0.800384 0.396474 -0.449659 94.505180
52097 17 29 22
0.977743 0.006344 0.209710 101.803596
72881 17 30 31
0.767653 -0.597141 -0.232660 98.035568
79793 17 30 34
0.341559 -0.326419 -0.881356 45.712769
65010 18 10 28
0.668689 0.538128 -0.513101 119.337112
60450 18 11 26
0.911244 0.408174 -0.055041 165.667450
53586 18 12 23
0.788098 0.482877 0.381748 153.108994
55890 18 12 24
0.891298 0.339657 0.300368 167.116257
58194 18 12 25
0.981475 0.160845 0.104091 175.176376
60498 18 12 26
0.983448 -0.004336 -0.181138 173.825272
53634 18 13 23
0.927669 0.305389 0.214867 168.882599
55938 18 13 24
0.995328 0.040512 0.087639 174.377655
49074 18 14 21
0.857784 0.452652 0.243542 168.121643
51378 18 14 22
0.959110 0.270724 0.082565 174.108185
53682 18 14 23
0.998476 0.015364 -0.053010 174.534164
55986 18 14 24
0.962652 -0.218438 -0.159956 170.839325
46818 18 15 20
0.875591 0.351402 0.331447 173.022873
49122 18 15 21
0.984382 0.166128 0.058254 179.821625
51426 18 15 22
0.988465 -0.039054 -0.146331 178.016571
44562 18 16 19
0.833509 0.195696 0.516688 168.246414
46866 18 16 20
0.986145 0.000586 0.165882 179.405045
49170 18 16 21
0.978929 -0.163739 -0.122018 179.624771
51474 18 16 22
0.937943 -0.238226 -0.252016 172.629807
40002 18 17 17
0.492745 0.089298 0.865580 122.434395
42306 18 17 18
0.704792 -0.026005 0.708937 150.813126
44610 18 17 19
0.906361 -0.204275 0.369841 168.293640
60738 18 17 26
0.887581 -0.131551 -0.441468 118.964462
40050 18 18 17
0.538500 -0.237096 0.808581 119.789970
42354 18 18 18
0.724862 -0.378698 0.575468 143.859818
40098 18 19 17
0.547158 -0.463836 0.696760 106.957268
56226 18 19 24
0.944007 -0.257719 -0.205989 129.296722
49506 18 23 21
0.972358 -0.190615 0.134855 112.131645
49554 18 24 21
0.878083 -0.185264 0.441189 109.097374
49602 18 25 21
0.625650 -0.118343 0.771076 107.042122
49650 18 26 21
0.541639 -0.014604 0.840485 106.005501
51954 18 26 22
0.830266 0.333171 0.446827 116.129929
58914 18 27 25
0.824360 0.506274 -0.253214 115.971130
61218 18 27 26
0.868478 0.484028 -0.107066 111.129219
54354 18 28 23
0.970803 0.219286 0.097240 129.751816
61266 18 28 26
0.956641 0.275791 -0.093692 121.672401
70482 18 28 30
0.994462 0.037378 0.098226 141.278000
72786 18 28 31
0.928146 0.040337 -0.370024 137.986725
75090 18 28 32
0.667274 0.055027 -0.742777 120.873520
54402 18 29 23
0.995028 0.092267 0.037496 133.055695
72834 18 29 31
0.770644 -0.494049 -0.402522 132.418915
75138 18 29 32
0.520753 -0.375685 -0.766601 116.261856
70578 18 30 30
0.658102 -0.746291 -0.099757 121.018539
72882 18 30 31
0.465055 -0.803550 -0.371525 115.012749
75186 18 30 32
0.310341 -0.691597 -0.652213 100.128433
49890 18 31 21
0.978553 -0.122950 0.165280 128.390274
52194 18 31 22
0.970313 -0.240536 -0.025208 130.427338
49938 18 32 21
0.888495 -0.454766 0.061359 118.233177
63762 18 32 27
0.877380 -0.406145 -0.255442 110.853821
63810 18 33 27
0.750446 -0.605077 -0.265920 96.227119
63858 18 34 27
0.605445 -0.760767 -0.233815 76.186478
65011 19 10 28
0.389155 0.681158 -0.620147 142.104691
58147 19 11 25
0.659324 0.673880 0.333433 189.966492
60451 19 11 26
0.737696 0.670722 -0.077048 194.153488
62755 19 11 27
0.660747 0.504407 -0.555866 185.151306
65059 19 11 28
0.511324 0.319181 -0.797917 162.182724
55891 19 12 24
0.699564 0.491790 0.518413 193.126907
58195 19 12 25
0.920195 0.265163 0.287976 202.356018
60499 19 12 26
0.955961 -0.030294 -0.291927 202.464783
62803 19 12 27
0.726337 -0.142536 -0.672397 190.296631
65107 19 12 28
0.554873 -0.141564 -0.819802 165.115311
46723 19 13 20
0.582451 0.656977 0.478677 156.242706
55939 19 13 24
0.969805 0.038539 0.240816 199.266769
58243 19 13 25
0.886158 -0.450835 -0.107107 200.379288
60547 19 13 26
0.726416 -0.554453 -0.406082 194.521729
65155 19 13 28
0.542490 -0.397933 -0.739834 153.531769
49075 19 14 21
0.722970 0.608485 0.327201 194.541931
51379 19 14 22
0.880937 0.464058 0.092733 199.580078
53683 19 14 23
0.987961 0.041552 -0.149016 199.135300
55987 19 14 24
0.854372 -0.428292 -0.294303 195.373322
65203 19 14 28
0.551989 -0.451070 -0.701316 135.464645
44515 19 15 19
0.430988 0.456547 0.778341 177.115891
46819 19 15 20
0.684794 0.436802 0.583319 197.044937
49123 19 15 21
0.956765 0.252762 0.143920 204.951706
44563 19 16 19
0.416709 0.199073 0.886974 187.189804
46867 19 16 20
0.846016 -0.074129 0.527979 201.501587
49171 19 16 21
0.941620 -0.314648 -0.119782 204.184555
40003 19 17 17
0.074294 0.099813 0.992229 133.127457
42307 19 17 18
0.177689 -0.024959 0.983770 165.155487
44611 19 17 19
0.457252 -0.317493 0.830734 186.463821
60739 19 17 26
0.759948 -0.124524 -0.637944 147.392120
63043 19 17 27
0.640290 -0.188907 -0.744542 125.701660
65347 19 17 28
0.540297 -0.225537 -0.810686 99.519600
40051 19 18 17
0.121467 -0.202704 0.971677 131.501312
42355 19 18 18
0.256863 -0.399936 0.879814 159.366013
44659 19 18 19
0.522350 -0.624028 0.581153 176.748459
56179 19 18 24
0.944473 -0.118589 -0.306442 173.084229
58483 19 18 25
0.857201 -0.163486 -0.488343 160.737381
60787 19 18 26
0.727072 -0.228882 -0.647286 142.210693
40099 19 19 17
0.228689 -0.433666 0.871570 120.647858
56227 19 19 24
0.899968 -0.300635 -0.315716 166.258362
60835 19 19 26
0.679358 -0.394098 -0.618999 131.114822
44851 19 22 19
0.637138 -0.443562 0.630323 118.335190
44899 19 23 19
0.524998 -0.476323 0.705332 103.660843
47203 19 23 20
0.659986 -0.526147 0.536273 121.769394
70339 19 25 30
0.822238 0.566088 -0.058902 130.679901
51955 19 26 22
0.597811 0.635558 0.488557 123.504105
72691 19 26 31
0.764908 0.502406 -0.403118 144.019409
54307 19 27 23
0.589242 0.802361 0.094919 134.968002
61219 19 27 26
0.781333 0.617729 0.089049 132.465408
54355 19 28 23
0.761985 0.627958 0.158263 144.028976
61267 19 28 26
0.901707 0.429109 0.052812 144.250977
70483 19 28 30
0.958381 -0.285488 -0.001310 164.978531
72787 19 28 31
0.722162 -0.277098 -0.633797 158.550323
56707 19 29 24
0.959280 0.280816 -0.030393 150.479370
59011 19 29 25
0.973748 0.227410 -0.010028 150.214691
75139 19 29 32
0.213411 -0.553161 -0.805276 126.991760
49843 19 30 21
0.891548 0.363730 0.269893 153.073227
52147 19 30 22
0.975712 0.215615 -0.038670 155.512161
61363 19 30 26
0.994149 -0.082002 -0.070303 150.820587
47587 19 31 20
0.914721 0.049105 0.401091 149.713806
49891 19 31 21
0.988243 -0.136264 0.069335 156.244415
52195 19 31 22
0.911965 -0.342824 -0.225371 154.346909
54499 19 31 23
0.841967 -0.480882 -0.244632 149.581985
63715 19 31 27
0.857335 -0.383377 -0.343509 142.536743
43027 19 32 18
0.783578 -0.070373 0.617295 110.991600
47635 19 32 20
0.871566 -0.436302 0.223636 143.560837
49939 19 32 21
0.794142 -0.604318 -0.064330 145.904526
54547 19 32 23
0.643517 -0.748896 -0.158243 136.249115
56851 19 32 24
0.679437 -0.733104 0.030397 134.679031
59155 19 32 25
0.743931 -0.659589 0.107278 136.616714
61459 19 32 26
0.790738 -0.606824 -0.080609 137.373398
63763 19 32 27
0.709259 -0.579808 -0.400966 131.871109
66067 19 32 28
0.532172 -0.604248 -0.593024 118.919930
59203 19 33 25
0.589510 -0.795010 0.142960 118.376678
61507 19 33 26
0.614163 -0.787993 -0.043247 120.259567
63811 19 33 27
0.554301 -0.747381 -0.366295 114.764214
63859 19 34 27
0.433956 -0.849153 -0.301032 91.399773
46388 20 6 20
0.362037 0.794950 0.486810 54.163364
46436 20 7 20
0.498688 0.626621 0.598879 71.046005
48740 20 7 21
0.593445 0.722982 0.353723 83.220901
46484 20 8 20
0.615255 0.452311 0.645660 84.647949
48788 20 8 21
0.717993 0.516349 0.466766 99.709656
58052 20 9 25
0.338868 0.940807 0.007114 147.339767
58100 20 10 25
0.279187 0.939128 0.200231 178.725754
65012 20 10 28
0.012528 0.748906 -0.662558 150.100510
67316 20 10 29
0.016263 0.590112 -0.807158 119.902229
60452 20 11 26
0.038892 0.988486 -0.146229 203.615463
62756 20 11 27
0.030557 0.700922 -0.712583 194.800018
65060 20 11 28
0.058667 0.439359 -0.896394 172.357147
67364 20 11 29
0.078293 0.294697 -0.952378 138.349045
55940 20 13 24
-0.646181 -0.064658 0.760440 204.930832
58244 20 13 25
-0.314840 -0.948741 -0.027682 206.378723
46868 20 16 20
-0.200783 -0.313983 0.927955 206.161865
62996 20 16 27
0.409827 -0.322218 -0.853357 147.809326
65300 20 16 28
0.372108 -0.334097 -0.865976 123.386078
40004 20 17 17
-0.306732 0.078204 0.948578 128.299194
42308 20 17 18
-0.374573 -0.036464 0.926480 161.273666
56132 20 17 24
0.727703 0.157798 -0.667494 193.056549
65348 20 17 28
0.340104 -0.263702 -0.902657 114.112259
56180 20 18 24
0.811652 0.004221 -0.584126 194.908401
58484 20 18 25
0.603257 -0.104468 -0.790675 180.841019
60788 20 18 26
0.451122 -0.207786 -0.867937 160.244507
37796 20 19 16
-0.133655 -0.200871 0.970457 89.978188
40100 20 19 17
-0.155333 -0.274762 0.948882 121.819260
51620 20 19 22
0.953953 -0.248433 0.168094 200.473572
53924 20 19 23
0.922908 -0.301772 -0.239113 199.741058
56228 20 19 24
0.740874 -0.374957 -0.557236 190.991928
58532 20 19 25
0.563838 -0.406919 -0.718682 174.169464
51668 20 20 22
0.858709 -0.512382 0.009189 193.353256
53972 20 20 23
0.732520 -0.597417 -0.326354 189.279999
56276 20 20 24
0.592367 -0.617716 -0.517231 176.854889
51716 20 21 22
0.686211 -0.704446 -0.181303 178.808319
54020 20 21 23
0.563531 -0.717598 -0.409251 169.810745
70340 20 25 30
0.800428 0.580311 -0.150177 162.575424
68084 20 26 29
0.862208 0.362332 0.353996 174.670319
70388 20 26 30
0.881565 0.455511 -0.123906 178.466965
72692 20 26 31
0.651927 0.441229 -0.616691 167.957153
61220 20 27 26
0.703008 0.623284 0.342487 148.737274
72740 20 27 31
0.578342 0.019803 -0.815554 174.725266
75044 20 27 32
0.369868 0.053625 -0.927536 151.729553
77348 20 27 33
0.340071 0.046898 -0.939229 119.424355
61268 20 28 26
0.796173 0.503053 0.336224 158.874908
63572 20 28 27
0.890577 0.242779 0.384618 164.267853
65876 20 28 28
0.887039 -0.140489 0.439801 170.567780
70484 20 28 30
0.482669 -0.847404 -0.221215 177.465103
72788 20 28 31
0.238424 -0.620255 -0.747287 168.510513
63620 20 29 27
0.989647 -0.110395 0.091718 165.391571
47540 20 30 20
0.661491 0.582108 0.472843 162.639923
59060 20 30 25
0.867149 -0.185343 0.462278 161.197464
47588 20 31 20
0.914763 0.139190 0.379255 171.793243
63716 20 31 27
0.658846 -0.556830 -0.505828 155.953690
43028 20 32 18
0.721186 -0.051652 0.690813 138.654343
45332 20 32 19
0.813231 -0.278894 0.510758 158.190048
47636 20 32 20
0.810537 -0.575964 0.106281 166.583725
40772 20 33 17
0.723248 -0.191056 0.663634 109.926109
43076 20 33 18
0.759788 -0.412440 0.502608 130.455734
61508 20 33 26
0.519365 -0.852142 -0.064139 134.151779
38564 20 35 16
0.769773 -0.394387 0.501905 71.279686
51045 21 7 22
0.272390 0.949602 0.155113 102.225128
44181 21 8 19
0.139273 0.551446 0.822503 74.734917
51093 21 8 22
0.438210 0.825111 0.356601 126.525177
58053 21 9 25
0.160764 0.972165 -0.170442 155.877380
58101 21 10 25
-0.013272 0.999376 0.032746 182.095566
42021 21 11 18
0.331130 0.557053 0.761607 104.042679
67365 21 11 29
-0.192936 0.371959 -0.907977 135.638519
67413 21 12 29
-0.101044 0.062501 -0.992917 144.189575
42117 21 13 18
0.215786 0.292889 0.931478 137.117966
44421 21 13 19
0.286352 0.471622 0.834012 168.956100
55941 21 13 24
-0.999944 -0.009701 0.004320 198.423172
67461 21 13 29
0.031628 -0.212570 -0.976634 141.107697
67509 21 14 29
0.139399 -0.360797 -0.922168 130.142532
65253 21 15 28
0.187264 -0.497169 -0.847204 144.586136
44565 21 16 19
-0.484662 -0.199910 0.851551 177.358002
65397 21 18 28
0.289519 -0.184946 -0.939134 115.570869
40101 21 19 17
-0.448362 -0.065743 0.891431 111.650780
51621 21 19 22
-0.114742 -0.334969 0.935216 207.680450
53925 21 19 23
0.401685 -0.770419 -0.495079 209.422760
40149 21 20 17
-0.255079 -0.168297 0.952161 108.048004
49365 21 20 21
-0.278233 -0.404014 0.871412 195.243271
51669 21 20 22
-0.065578 -0.970927 0.230218 201.970627
53973 21 20 23
0.126280 -0.898305 -0.420834 199.584076
56277 21 20 24
0.213940 -0.758684 -0.615327 188.378143
47109 21 21 20
-0.118402 -0.503051 0.856108 175.403183
49413 21 21 21
-0.102799 -0.895397 0.433241 186.398819
51717 21 21 22
0.001359 -0.982287 -0.187376 187.707779
44853 21 22 19
0.071109 -0.545791 0.834899 144.398193
47157 21 22 20
0.042421 -0.773434 0.632455 162.552811
65637 21 23 28
0.866036 0.442903 0.231988 147.156937
67989 21 24 29
0.823478 0.561864 0.078687 171.617844
70293 21 24 30
0.677121 0.651102 -0.342889 166.973648
68037 21 25 29
0.858418 0.452664 0.241274 186.425247
70341 21 25 30
0.721794 0.587255 -0.366258 185.144745
68085 21 26 29
0.882716 0.156075 0.443231 193.052475
70389 21 26 30
0.814449 0.283751 -0.506121 193.694504
47493 21 29 20
0.515788 0.723323 0.459092 159.537369
63621 21 29 27
0.905452 -0.418179 0.072689 173.742233
47541 21 30 20
0.554846 0.752281 0.355273 175.729126
43029 21 32 18
0.659678 -0.019438 0.751297 160.832474
45333 21 32 19
0.792903 -0.308624 0.525410 177.260208
40773 21 33 17
0.667142 -0.171500 0.724920 133.828323
38517 21 34 16
0.655212 -0.209001 0.725958 103.136971
40821 21 34 17
0.735963 -0.409537 0.539109 124.069176
38565 21 35 16
0.709920 -0.381116 0.592253 93.658813
51046 22 7 22
-0.124447 0.963691 0.236248 104.205780
48790 22 8 21
-0.186826 0.721524 0.666708 115.682106
51094 22 8 22
-0.085033 0.886680 0.454498 130.989044
53398 22 8 23
0.031858 0.993845 0.106095 138.454895
51142 22 9 22
-0.031545 0.713069 0.700384 149.618271
53446 22 9 23
0.085473 0.911819 0.401597 160.696915
41974 22 10 18
-0.086361 0.645144 0.759164 87.980209
42022 22 11 18
-0.057598 0.594560 0.801986 109.133553
44326 22 11 19
-0.061669 0.736197 0.673951 134.015442
42070 22 12 18
-0.068447 0.432875 0.898851 127.738655
44374 22 12 19
-0.072476 0.643320 0.762159 156.062881
46678 22 12 20
-0.071196 0.860337 0.504729 173.970749
42118 22 13 18
-0.128301 0.178199 0.975594 139.118805
44422 22 13 19
-0.149366 0.360535 0.920708 171.634247
46726 22 13 20
-0.165146 0.700933 0.693844 192.272614
65158 22 13 28
-0.291385 -0.185966 -0.938356 167.304626
39862 22 14 17
-0.204923 -0.055424 0.977208 101.015198
65206 22 14 28
-0.083684 -0.437011 -0.895555 159.442932
67510 22 14 29
-0.029378 -0.286314 -0.957685 132.049530
49126 22 15 21
-0.437081 -0.433360 0.788137 211.772049
62950 22 15 27
0.089992 -0.552181 -0.828853 165.501755
65254 22 15 28
0.073363 -0.465923 -0.881778 147.898438
44566 22 16 19
-0.510166 -0.320866 0.797982 159.825668
51574 22 18 22
-0.490127 -0.207965 0.846479 204.127014
40150 22 20 17
-0.511227 0.028229 0.858982 95.868347
47062 22 20 20
-0.749475 0.014161 0.661881 166.799408
49366 22 20 21
-0.805494 -0.173946 0.566500 183.285233
40198 22 21 17
-0.360187 -0.123490 0.924670 94.595016
47110 22 21 20
-0.758395 -0.217804 0.614328 164.581772
49414 22 21 21
-0.817768 -0.464771 0.339476 176.089523
51718 22 21 22
-0.668931 -0.743285 -0.007641 179.731888
40246 22 22 17
-0.193996 -0.292560 0.936362 88.253975
44854 22 22 19
-0.462137 -0.385843 0.798470 139.343124
47158 22 22 20
-0.642178 -0.534219 0.549743 155.805191
40294 22 23 17
-0.023991 -0.377718 0.925610 78.112831
44902 22 23 19
-0.219323 -0.528474 0.820130 127.480331
47206 22 23 20
-0.398847 -0.706247 0.584925 142.932816
67942 22 23 29
0.709952 0.673848 -0.204689 176.686935
72550 22 23 31
0.363452 0.671109 -0.646155 141.732635
81766 22 23 35
0.477076 0.565712 -0.672583 63.256920
65686 22 24 28
0.807423 0.372041 0.457879 187.996399
67990 22 24 29
0.786180 0.612432 -0.082755 193.437073
70294 22 24 30
0.465364 0.646439 -0.604610 184.501266
54214 22 25 23
0.755966 0.646422 -0.103213 138.144714
70342 22 25 30
0.410690 0.459800 -0.787348 196.377991
49654 22 26 21
0.719021 0.540278 0.437160 144.158691
70390 22 26 30
0.077449 -0.334480 -0.939215 198.255203
49702 22 27 21
0.728955 0.585926 0.353998 153.500717
40582 22 29 17
0.488669 0.488033 0.723205 108.741432
63670 22 30 27
0.742835 -0.368207 -0.559124 176.410248
65974 22 30 28
0.243483 -0.511625 -0.823987 166.792740
45334 22 32 19
0.828268 -0.250943 0.500998 190.226013
47638 22 32 20
0.741984 -0.525033 -0.416893 190.829819
49942 22 32 21
0.566914 -0.417483 -0.710153 182.269470
36310 22 36 15
0.464101 -0.400774 0.789931 79.289261
38614 22 36 16
0.616679 -0.529307 0.582702 100.541138
38662 22 37 16
0.578848 -0.675708 0.456458 81.994431
53399 23 8 23
-0.331693 0.920528 0.206416 133.628891
55703 23 8 24
-0.193819 0.972996 -0.125349 134.768234
53447 23 9 23
-0.403364 0.792016 0.458266 156.912766
55751 23 9 24
-0.262865 0.964830 -0.002495 162.192551
42071 23 12 18
-0.445386 0.370514 0.815077 117.675621
46679 23 12 20
-0.533672 0.694678 0.482304 164.903564
44423 23 13 19
-0.544098 0.246178 0.802093 159.722870
46727 23 13 20
-0.608111 0.486419 0.627374 182.409775
67463 23 13 29
-0.286470 0.038656 -0.957309 130.962723
44471 23 14 19
-0.522752 -0.091068 0.847607 162.281723
46775 23 14 20
-0.603663 0.034577 0.796489 189.588898
49079 23 14 21
-0.663232 0.416710 0.621671 204.972778
51383 23 14 22
-0.247267 0.960906 -0.124578 208.652725
65207 23 14 28
-0.195549 -0.245855 -0.949376 156.095795
46823 23 15 20
-0.501887 -0.314025 0.805914 184.589508
49127 23 15 21
-0.488559 -0.266581 0.830810 205.524765
65255 23 15 28
0.021646 -0.313519 -0.949335 149.042694
53783 23 16 23
0.954439 0.176156 -0.240862 216.204819
65351 23 17 28
0.340317 -0.071702 -0.937573 137.755859
56231 23 19 24
0.040714 -0.990490 -0.131423 202.610184
40151 23 20 17
-0.675183 0.142501 0.723755 77.157974
56279 23 20 24
-0.123423 -0.992354 -0.000694 186.713760
70151 23 21 30
0.362985 0.640715 -0.676555 128.695679
42551 23 22 18
-0.625497 -0.107140 0.772836 101.917419
44855 23 22 19
-0.778944 -0.119982 0.615508 121.866768
63287 23 22 27
0.876853 0.303882 0.372539 178.714569
65591 23 22 28
0.762070 0.641354 -0.088963 182.304230
67895 23 22 29
0.480316 0.712669 -0.511273 173.590729
79415 23 22 34
0.170673 0.801967 -0.572467 68.943161
67943 23 23 29
0.483505 0.729147 -0.484321 192.656937
81767 23 23 35
0.146411 0.634889 -0.758604 71.038834
65687 23 24 28
0.811629 0.384300 0.439968 205.041595
67991 23 24 29
0.562973 0.634080 -0.530098 205.168594
47303 23 25 20
0.216651 0.550179 0.806453 134.297775
77255 23 25 33
0.067466 0.387564 -0.919371 137.033173
79559 23 25 34
0.120932 0.274304 -0.954009 114.446442
47351 23 26 20
0.477056 0.612202 0.630576 144.703857
49655 23 26 21
0.476496 0.795989 0.373300 153.401306
56567 23 26 24
0.675979 0.601701 0.425451 165.275696
58871 23 26 25
0.712310 0.463770 0.526812 175.918549
61175 23 26 26
0.766475 0.311551 0.561652 188.728714
79607 23 26 34
0.076448 -0.052276 -0.995702 117.149780
81911 23 26 35
0.091823 -0.129300 -0.987345 90.189651
49703 23 27 21
0.635598 0.714397 0.292663 164.265961
61223 23 27 26
0.891065 0.159535 0.424914 193.762573
63527 23 27 27
0.953525 -0.230563 0.193984 198.805054
77351 23 27 33
-0.031145 -0.351520 -0.935662 137.782501
79655 23 27 34
0.030189 -0.322694 -0.946022 111.692352
45143 23 28 19
0.555921 0.549502 0.623698 156.658432
47447 23 28 20
0.614914 0.647571 0.450036 168.762970
49751 23 28 21
0.738042 0.666914 0.102566 172.900757
68183 23 28 29
-0.071266 -0.858230 -0.508293 179.850204
75095 23 28 32
-0.146610 -0.720689 -0.677579 144.871368
77399 23 28 33
-0.059917 -0.599273 -0.798299 124.283211
72839 23 29 31
-0.189874 -0.847629 -0.495453 138.138962
75143 23 29 32
-0.132166 -0.810569 -0.570535 123.039223
38327 23 30 16
0.385926 0.421089 0.820820 114.356354
68327 23 31 29
0.011745 -0.383654 -0.923402 140.006744
47639 23 32 20
0.890273 -0.119757 -0.439399 199.123123
63767 23 32 27
0.553023 -0.224924 -0.802231 180.365997
68375 23 32 29
0.084196 -0.388922 -0.917415 128.363937
70679 23 32 30
0.011953 -0.502685 -0.864387 98.098412
63815 23 33 27
0.485111 -0.482427 -0.729336 171.399612
59255 23 34 25
0.851552 -0.501082 -0.154194 180.554581
54695 23 35 23
0.886505 -0.462319 -0.019222 168.472565
59303 23 35 25
0.671897 -0.689332 -0.270880 159.056183
52439 23 36 22
0.803219 -0.594968 -0.029196 148.294189
54743 23 36 23
0.760627 -0.642625 -0.092089 145.937820
38663 23 37 16
0.356432 -0.714460 0.602082 96.750404
53448 24 9 23
-0.598153 0.654528 0.462392 143.157104
55752 24 9 24
-0.536467 0.836462 0.111957 151.965469
58056 24 9 25
-0.389659 0.864778 -0.316741 148.687210
55800 24 10 24
-0.666480 0.671804 0.323240 169.177139
58104 24 10 25
-0.543420 0.774766 -0.323161 169.095673
60408 24 10 26
-0.378719 0.675143 -0.633051 157.119141
62712 24 10 27
-0.330265 0.614105 -0.716799 135.201736
62808 24 12 27
-0.486396 0.336349 -0.806405 163.993759
65112 24 12 28
-0.447900 0.326120 -0.832485 141.424408
65160 24 13 28
-0.423439 0.145338 -0.894190 148.655319
67464 24 13 29
-0.377568 0.129053 -0.916945 119.207764
49080 24 14 21
-0.693975 0.284229 0.661523 190.817841
51384 24 14 22
-0.527395 0.725656 0.441902 203.350143
65208 24 14 28
-0.282080 -0.019076 -0.959201 150.240692
67512 24 14 29
-0.282770 -0.025674 -0.958844 120.888672
49128 24 15 21
-0.579084 -0.127492 0.805238 192.718262
51432 24 15 22
-0.515005 0.193792 0.834994 211.032883
49176 24 16 21
-0.450568 -0.350188 0.821192 184.067490
51480 24 16 22
-0.348378 -0.305565 0.886151 209.004486
53784 24 16 23
0.288368 0.039596 0.956701 221.492172
44616 24 17 19
-0.574606 -0.307105 0.758627 101.153366
51528 24 17 22
-0.318780 -0.437444 0.840846 198.821014
53832 24 17 23
-0.048008 -0.532039 0.845358 217.729965
56184 24 18 24
0.352367 -0.885647 0.302435 216.903656
65400 24 18 28
0.394149 0.173902 -0.902444 152.130905
56232 24 19 24
0.037890 -0.907368 0.418626 203.582504
58632 24 21 25
0.501411 -0.669061 0.548585 178.538025
47160 24 22 20
-0.903439 0.055375 0.425125 111.069641
63288 24 22 27
0.814881 0.396578 0.422724 195.060028
65592 24 22 28
0.509239 0.779711 -0.364316 195.626602
77112 24 22 33
-0.114071 0.742111 -0.660499 84.868378
58728 24 23 25
0.598929 0.037631 0.799917 165.791702
67944 24 23 29
0.102412 0.663448 -0.741181 198.917374
58776 24 24 25
0.576299 0.291170 0.763609 170.118988
79512 24 24 34
-0.271830 0.530463 -0.802943 102.447945
81816 24 24 35
-0.277756 0.395137 -0.875625 81.874992
51912 24 25 22
-0.019230 0.952153 0.305015 146.827530
54216 24 25 23
0.249810 0.826877 0.503855 152.786026
63432 24 25 27
0.743417 0.167051 0.647630 211.588089
49656 24 26 21
0.117315 0.961677 0.247819 157.609314
51960 24 26 22
0.105759 0.960989 0.255569 160.872009
56568 24 26 24
0.420952 0.631473 0.651185 176.313141
79656 24 27 34
-0.214935 -0.330930 -0.918852 108.879463
58968 24 28 25
0.825958 0.143166 0.545249 202.785889
61272 24 28 26
0.978600 -0.203594 0.029852 207.146255
63576 24 28 27
0.530314 -0.583063 -0.615471 203.128494
40584 24 29 17
0.341198 0.422623 0.839627 141.869125
59016 24 29 25
0.946582 0.004450 0.322432 203.569534
75144 24 29 32
-0.201146 -0.815497 -0.542684 118.098198
38328 24 30 16
0.199018 0.399723 0.894770 125.909424
40632 24 30 17
0.220185 0.447763 0.866618 155.756973
33768 24 31 14
0.130706 0.284983 0.949579 70.920532
38376 24 31 16
0.145485 0.348891 0.925802 139.577866
45288 24 31 19
0.151222 0.756771 0.635948 198.752609
47592 24 31 20
0.549753 0.835032 0.022212 201.721481
49896 24 31 21
0.827425 0.532963 -0.176970 200.377075
52200 24 31 22
0.928749 0.368997 -0.035599 198.690567
63720 24 31 27
0.100523 -0.026601 -0.994579 188.999008
36120 24 32 15
0.128590 0.178399 0.975519 114.636154
38424 24 32 16
0.126025 0.201111 0.971428 149.200012
43032 24 32 18
0.103233 0.292955 0.950537 195.059143
45336 24 32 19
0.377592 0.470174 0.797722 204.245422
63768 24 32 27
0.072757 -0.144549 -0.986819 187.646194
66072 24 32 28
-0.102153 -0.222939 -0.969465 160.137558
68376 24 32 29
-0.163766 -0.313492 -0.935363 127.143829
36168 24 33 15
0.109586 0.001395 0.993976 118.000282
38472 24 33 16
0.119373 -0.014322 0.992746 152.279892
49992 24 33 21
0.999750 0.022095 0.003570 208.278015
59208 24 33 25
0.926497 -0.225393 -0.301334 210.711456
61512 24 33 26
0.423394 -0.438892 -0.792535 201.032837
63816 24 33 27
0.070047 -0.428188 -0.900971 180.115112
56952 24 34 24
0.878309 -0.457408 -0.139108 207.708984
59256 24 34 25
0.587522 -0.678028 -0.441697 201.377426
61560 24 34 26
0.253826 -0.703646 -0.663668 186.399658
63864 24 34 27
0.071778 -0.639343 -0.765564 161.481232
47784 24 35 20
0.804878 -0.579555 0.127627 194.571518
54696 24 35 23
0.762061 -0.639310 -0.102692 196.746780
57000 24 35 24
0.577805 -0.765522 -0.283050 191.236069
59304 24 35 25
0.347135 -0.818357 -0.458028 179.078400
40920 24 36 17
0.191851 -0.708424 0.679212 147.761459
45528 24 36 19
0.551766 -0.808907 0.203035 171.897476
47832 24 36 20
0.637205 -0.766417 0.081091 175.894028
54744 24 36 23
0.526163 -0.828981 -0.189589 172.388107
38664 24 37 16
0.031787 -0.712252 0.701204 103.143753
40968 24 37 17
0.155493 -0.846285 0.509532 123.370728
45576 24 37 19
0.412918 -0.901697 0.128226 143.750107
47880 24 37 20
0.474878 -0.879234 0.037941 146.669846
54792 24 37 23
0.376687 -0.898694 -0.224622 137.679779
53449 25 9 23
-0.664157 0.601323 0.444191 121.843559
58057 25 9 25
-0.600249 0.772783 -0.206174 132.466736
60361 25 9 26
-0.481254 0.725483 -0.492005 119.433708
58105 25 10 25
-0.723799 0.660644 -0.199159 154.516541
60457 25 11 26
-0.643080 0.479689 -0.596948 158.549088
62761 25 11 27
-0.533658 0.438918 -0.722883 138.436325
62809 25 12 27
-0.555951 0.346749 -0.755436 150.746140
62905 25 14 27
-0.322115 0.262128 -0.909687 166.125122
51433 25 15 22
-0.658243 0.097728 0.746436 197.781326
51481 25 16 22
-0.569809 -0.206012 0.795535 195.523056
53785 25 16 23
-0.639619 -0.057774 0.766518 216.849625
56089 25 16 24
-0.691507 0.722239 0.013723 223.974716
53833 25 17 23
-0.501899 -0.373685 0.780036 211.281433
56137 25 17 24
-0.639798 -0.441651 0.628971 224.308899
65353 25 17 28
0.068960 0.178161 -0.981582 154.542999
53881 25 18 23
-0.414437 -0.493055 0.764943 197.984329
56185 25 18 24
-0.361086 -0.673047 0.645465 216.409531
58489 25 18 25
0.022435 -0.876795 -0.480341 220.316147
60793 25 18 26
0.244022 -0.026966 -0.969395 210.621002
63097 25 18 27
0.181783 0.148139 -0.972116 189.870850
65401 25 18 28
0.110528 0.212347 -0.970923 161.045654
60889 25 20 26
0.594831 -0.766901 -0.240914 202.203690
77017 25 20 33
-0.131957 0.594223 -0.793402 49.580311
65545 25 21 28
-0.059801 0.558067 -0.827638 187.166962
67849 25 21 29
-0.149739 0.508899 -0.847703 165.483109
63289 25 22 27
0.534385 0.815561 0.222021 203.860794
42649 25 24 18
-0.146635 0.730555 0.666923 88.085457
79513 25 24 34
-0.495754 0.452768 -0.741100 91.786125
63433 25 25 27
0.713736 0.165788 0.680511 222.298447
42745 25 26 18
0.328043 0.698079 0.636454 132.859283
49657 25 26 21
-0.000350 0.996405 0.084712 158.113586
40489 25 27 17
0.334480 0.443071 0.831752 126.886475
42793 25 27 18
0.426561 0.560628 0.709748 152.479141
58921 25 27 25
0.121088 0.421450 0.898731 205.072540
61225 25 27 26
0.424685 -0.045979 0.904173 214.649902
40537 25 28 17
0.273121 0.322194 0.906419 140.049316
58969 25 28 25
0.218353 0.450250 0.865793 209.888641
61273 25 28 26
0.247944 -0.857225 -0.451320 212.940506
63577 25 28 27
0.004690 -0.718136 -0.695887 206.863724
40585 25 29 17
0.103473 0.278479 0.954852 149.186996
59017 25 29 25
0.805072 0.494815 0.327134 212.793686
61321 25 29 26
0.000372 -0.381823 -0.924235 209.553528
75145 25 29 32
-0.266658 -0.803228 -0.532652 110.789551
59065 25 30 25
0.800076 0.359012 -0.480614 215.063629
38425 25 32 16
-0.282784 0.180875 0.941975 146.849014
40729 25 32 17
-0.403233 0.205429 0.891741 173.269791
43033 25 32 18
-0.489645 0.258914 0.832593 191.576111
66073 25 32 28
-0.409240 -0.193070 -0.891766 150.600021
36169 25 33 15
-0.213077 -0.022998 0.976765 116.302063
38473 25 33 16
-0.306813 -0.025689 0.951423 149.445755
61513 25 33 26
-0.359209 -0.386744 -0.849351 200.568420
52345 25 34 22
0.875609 -0.467527 0.121361 225.421295
54649 25 34 23
0.667363 -0.701634 -0.249672 224.715225
59257 25 34 25
-0.203449 -0.714408 -0.669500 205.707718
61561 25 34 26
-0.308195 -0.624229 -0.717882 184.862823
63865 25 34 27
-0.322234 -0.558401 -0.764430 156.016876
40873 25 35 17
-0.336433 -0.448796 0.827886 162.449173
43177 25 35 18
-0.282281 -0.566052 0.774534 182.882172
47785 25 35 20
0.299452 -0.823428 0.481971 206.646683
54697 25 35 23
0.197332 -0.928263 -0.315260 209.846863
57001 25 35 24
-0.043173 -0.874722 -0.482699 199.317459
59305 25 35 25
-0.181589 -0.802799 -0.567926 181.758011
43225 25 36 18
-0.209505 -0.776703 0.594004 165.857376
45529 25 36 19
-0.036490 -0.905813 0.422104 179.518509
47833 25 36 20
0.137102 -0.963174 0.231299 187.837616
57049 25 36 24
-0.068921 -0.892397 -0.445958 168.440338
38665 25 37 16
-0.286643 -0.650309 0.703516 98.477905
45577 25 37 19
-0.033084 -0.966601 0.254141 150.822891
52489 25 37 22
0.073001 -0.984685 -0.158324 155.327423
54793 25 37 23
0.008390 -0.953224 -0.302148 145.849579
58106 26 10 25
-0.802829 0.579011 -0.142166 130.900894
58154 26 11 25
-0.836000 0.520088 -0.174963 148.315704
60458 26 11 26
-0.754730 0.447451 -0.479760 137.445084
65114 26 12 28
-0.591677 0.327607 -0.736609 104.452934
53642 26 13 23
-0.683909 0.575485 0.448426 171.598221
55946 26 13 24
-0.741983 0.663246 0.097808 179.213303
58250 26 13 25
-0.731235 0.587605 -0.346433 176.244446
49082 26 14 21
-0.698892 0.138719 0.701646 139.343140
53690 26 14 23
-0.773304 0.426290 0.469338 186.245132
55994 26 14 24
-0.798476 0.598225 0.067549 193.728912
58298 26 14 25
-0.689973 0.589328 -0.420274 189.672012
53834 26 17 23
-0.712081 -0.239869 0.659852 190.422745
65354 26 17 28
-0.285962 0.198326 -0.937493 150.850967
56186 26 18 24
-0.745319 -0.340749 0.573053 202.359299
58490 26 18 25
-0.956341 -0.281149 0.079792 211.691101
60794 26 18 26
-0.741298 -0.030232 -0.670494 205.661880
58538 26 19 25
-0.812291 -0.472292 0.342233 204.348816
60842 26 19 26
-0.831204 -0.225441 -0.508209 203.255539
63146 26 19 27
-0.538195 0.061414 -0.840580 188.478027
65450 26 19 28
-0.407219 0.184696 -0.894461 163.347733
72362 26 19 31
-0.291329 0.381263 -0.877363 74.574860
58586 26 20 25
-0.571393 -0.482812 0.663628 195.778625
60890 26 20 26
-0.929571 -0.261851 -0.259482 199.608948
63194 26 20 27
-0.627299 0.137962 -0.766461 190.339630
72410 26 20 31
-0.374369 0.379304 -0.846154 85.583549
74714 26 20 32
-0.367019 0.415644 -0.832188 62.571453
77018 26 20 33
-0.375767 0.459139 -0.804978 44.403065
65738 26 25 28
0.111658 0.434137 -0.893900 229.007660
68042 26 25 29
-0.066971 0.335881 -0.939520 218.804672
72650 26 25 31
-0.196916 0.403048 -0.893743 172.671280
79562 26 25 34
-0.524143 0.235982 -0.818283 86.278770
42746 26 26 18
0.191828 0.775447 0.601568 141.421921
45050 26 26 19
0.230085 0.920557 0.315652 155.684402
70394 26 26 30
-0.016802 -0.261137 -0.965155 201.468430
72698 26 26 31
-0.146257 -0.052836 -0.987835 178.750504
40490 26 27 17
0.135346 0.405967 0.903810 135.458038
42794 26 27 18
0.260180 0.573952 0.776457 162.294220
70442 26 27 30
-0.030557 -0.777154 -0.628568 188.487015
61274 26 28 26
-0.868221 -0.463145 -0.178015 208.797638
63578 26 28 27
-0.401222 -0.764226 -0.504956 203.030167
75098 26 28 32
-0.284215 -0.682210 -0.673655 126.759476
56714 26 29 24
-0.264266 0.901701 0.342198 209.374725
59018 26 29 25
-0.847627 0.469420 -0.247334 210.765289
45242 26 30 19
-0.322559 0.085474 0.942682 188.917923
49850 26 30 21
0.369982 0.777182 0.509020 207.344391
54458 26 30 23
0.292992 0.924467 0.243960 218.172241
56762 26 30 24
-0.070420 0.985635 -0.153507 219.482834
59066 26 30 25
-0.555156 0.241398 -0.795945 214.274139
61370 26 30 26
-0.527763 -0.156975 -0.834760 200.169617
54506 26 31 23
0.517507 0.853912 0.054967 229.584839
56810 26 31 24
-0.023193 0.633398 -0.773478 226.771790
40730 26 32 17
-0.683356 0.113251 0.721248 157.041122
36170 26 33 15
-0.507359 -0.035028 0.861023 102.878868
38474 26 33 16
-0.620951 -0.033147 0.783148 133.079681
40778 26 33 17
-0.704726 -0.018676 0.709234 158.766922
61514 26 33 26
-0.605018 -0.334422 -0.722576 183.812195
43226 26 36 18
-0.568879 -0.591331 0.571581 152.202225
50138 26 36 21
-0.290151 -0.954027 0.075127 189.559677
52442 26 36 22
-0.272656 -0.944106 -0.185264 187.613770
45578 26 37 19
-0.408697 -0.851219 0.329231 141.963135
52490 26 37 22
-0.248020 -0.950529 -0.187033 151.141052
47930 26 38 20
-0.260704 -0.960132 0.100896 113.318405
54842 26 38 23
-0.227205 -0.921655 -0.314531 99.841660
47978 26 39 20
-0.210409 -0.975487 0.064450 75.150925
51243 27 11 22
-0.632807 0.536929 0.557910 95.605141
53643 27 13 23
-0.826155 0.391911 0.404812 147.004349
55947 27 13 24
-0.890183 0.447351 0.086324 155.660950
49083 27 14 21
-0.717440 0.061688 0.693884 108.236671
55995 27 14 24
-0.941282 0.313535 0.125232 168.523865
58299 27 14 25
-0.898881 0.374838 -0.226957 166.734589
62907 27 14 27
-0.677380 0.352230 -0.645826 132.712448
56043 27 15 24
-0.968393 0.151409 0.198218 176.691452
58347 27 15 25
-0.951632 0.261263 -0.161671 177.523270
60651 27 15 26
-0.821506 0.313199 -0.476481 166.322052
62955 27 15 27
-0.673805 0.306586 -0.672304 145.255615
58443 27 17 25
-0.999433 -0.000092 0.033673 186.334457
65355 27 17 28
-0.594226 0.150286 -0.790133 133.960449
58491 27 18 25
-0.988298 -0.086703 0.125495 184.600952
58539 27 19 25
-0.970652 -0.095260 0.220816 181.229538
56379 27 22 24
0.040213 0.317786 0.947309 174.429382
63291 27 22 27
-0.659341 0.616082 -0.430944 192.260468
65595 27 22 28
-0.598151 0.541011 -0.591205 176.164551
54123 27 23 23
0.301276 0.212332 0.929595 157.239349
61035 27 23 26
-0.438917 0.790769 0.426656 208.475723
63339 27 23 27
-0.581323 0.754662 -0.304219 208.116776
58779 27 24 25
0.068631 -0.005845 0.997625 201.015732
61083 27 24 26
-0.312564 0.320686 0.894128 215.391754
63387 27 24 27
-0.674434 0.738221 -0.012994 220.719223
67995 27 24 29
-0.444248 0.612509 -0.653817 197.617477
63435 27 25 27
-0.838449 0.025903 0.544363 225.578827
65739 27 25 28
-0.774158 0.353999 -0.524752 224.855606
68043 27 25 29
-0.496373 0.408015 -0.766249 213.034622
70347 27 25 30
-0.400739 0.423408 -0.812486 191.397751
40443 27 26 17
-0.058402 0.600126 0.797770 117.917458
42747 27 26 18
0.014593 0.776240 0.630268 144.993118
63483 27 26 27
-0.611378 -0.651538 0.449128 221.282928
68091 27 26 29
-0.493169 -0.425501 -0.758771 214.103409
70395 27 26 30
-0.415555 -0.153869 -0.896459 196.567093
72699 27 26 31
-0.397594 -0.001669 -0.917560 170.819351
75003 27 26 32
-0.414040 0.059092 -0.908339 139.144424
40491 27 27 17
-0.098949 0.327199 0.939760 136.066299
42795 27 27 18
0.000572 0.503856 0.863787 165.906418
70443 27 27 30
-0.307818 -0.718546 -0.623650 183.816681
75051 27 27 32
-0.400115 -0.351435 -0.846405 133.771500
40539 27 28 17
-0.198103 0.008377 0.980145 142.007339
42843 27 28 18
-0.114422 -0.002411 0.993429 172.527634
45147 27 28 19
0.204412 0.147658 0.967684 190.589310
47451 27 28 20
0.734567 0.678521 0.004481 195.837021
65883 27 28 28
-0.309395 -0.870485 -0.382794 183.809814
68187 27 28 29
-0.243266 -0.888870 -0.388241 171.312836
75099 27 28 32
-0.371898 -0.633084 -0.678894 115.047783
49803 27 29 21
0.473971 0.868722 0.143785 202.088303
56715 27 29 24
-0.514470 0.856249 -0.046462 203.350052
45291 27 31 19
-0.515343 -0.019265 0.856767 180.022903
52203 27 31 22
-0.088602 0.869712 0.485541 229.282944
54507 27 31 23
-0.389949 0.835115 -0.387973 230.180405
56811 27 31 24
-0.558714 0.219799 -0.799705 221.544418
49947 27 32 21
-0.291311 0.252366 0.922740 225.712326
52251 27 32 22
-0.538529 0.502923 0.676058 236.358383
54555 27 32 23
-0.644481 0.021492 -0.764318 234.689224
56859 27 32 24
-0.552071 -0.185581 -0.812882 221.375320
49995 27 33 21
-0.475675 -0.151453 0.866484 226.855453
52299 27 33 22
-0.768490 -0.612029 0.186664 235.421036
61515 27 33 26
-0.616165 -0.352406 -0.704380 157.767563
63819 27 33 27
-0.619135 -0.326618 -0.714138 125.799370
54843 27 38 23
-0.348206 -0.877442 -0.329923 87.640297
51244 28 11 22
-0.707169 0.514361 0.485124 73.395355
51292 28 12 22
-0.766809 0.375980 0.520233 88.056396
51340 28 13 22
-0.818122 0.194708 0.541078 98.197792
53644 28 13 23
-0.909812 0.257401 0.325556 114.740440
60652 28 15 26
-0.928485 0.219390 -0.299637 132.244675
62956 28 15 27
-0.822591 0.259599 -0.505917 115.699112
63004 28 16 27
-0.862957 0.156456 -0.480444 124.118599
65308 28 16 28
-0.737972 0.175132 -0.651710 101.387939
58444 28 17 25
-0.996404 -0.004233 0.084621 144.640137
54028 28 21 23
-0.374434 0.506284 0.776837 134.191605
54076 28 22 23
-0.154470 0.520762 0.839610 150.039963
56380 28 22 24
-0.431261 0.598356 0.675266 169.955536
51820 28 23 22
0.142164 0.460784 0.876052 138.712845
54124 28 23 23
0.016422 0.356270 0.934239 161.684280
56428 28 23 24
-0.291639 0.361120 0.885742 180.540207
58732 28 23 25
-0.696553 0.506294 0.508410 192.958939
63340 28 23 27
-0.710214 0.609375 -0.352503 191.045944
58780 28 24 25
-0.611208 -0.025187 0.791069 196.927399
61084 28 24 26
-0.903254 0.283552 0.322072 205.984695
63388 28 24 27
-0.841413 0.506911 -0.187254 206.667816
63436 28 25 27
-0.986648 0.095151 0.132178 213.333145
65740 28 25 28
-0.868285 0.317448 -0.381193 210.297989
70348 28 25 30
-0.587733 0.408150 -0.698559 173.417847
74956 28 25 32
-0.517086 0.362005 -0.775612 110.830017
68092 28 26 29
-0.757101 -0.193576 -0.623960 200.567108
70396 28 26 30
-0.648776 -0.045020 -0.759646 180.976685
75004 28 26 32
-0.540646 0.073971 -0.837992 120.390533
42796 28 27 18
-0.244589 0.379222 0.892394 161.985809
45100 28 27 19
-0.059857 0.683815 0.727196 184.261078
47404 28 27 20
0.340646 0.937017 0.077202 192.202255
70444 28 27 30
-0.522049 -0.578281 -0.626941 170.340134
75052 28 27 32
-0.521988 -0.288773 -0.802583 116.143837
42844 28 28 18
-0.306471 -0.106233 0.945934 166.157532
45148 28 28 19
-0.155395 -0.066093 0.985639 190.559769
47596 28 31 20
-0.441127 -0.066654 0.894966 192.101257
49900 28 31 21
-0.474677 0.162336 0.865060 213.584106
52204 28 31 22
-0.733797 0.534083 0.419879 224.437531
52252 28 32 22
-0.955317 -0.014723 0.295215 227.592255
47692 28 33 20
-0.601894 -0.107072 0.791365 189.133224
49996 28 33 21
-0.703696 -0.218536 0.676058 213.337601
52300 28 33 22
-0.886456 -0.458339 0.064194 223.197662
40828 28 34 17
-0.778033 -0.151594 0.609658 96.031303
47740 28 34 20
-0.647696 -0.292107 0.703678 181.879471
50044 28 34 21
-0.712341 -0.499774 0.492744 203.154572
47788 28 35 20
-0.651341 -0.503646 0.567534 166.384659
50092 28 35 21
-0.646083 -0.701583 0.300597 183.418045
47836 28 36 20
-0.615190 -0.667765 0.419084 142.213959
58445 29 17 25
-0.994865 0.008251 0.100872 99.557068
54077 29 22 23
-0.425824 0.683104 0.593332 141.432556
51821 29 23 22
-0.078371 0.617040 0.783019 139.669037
54125 29 23 23
-0.389605 0.567155 0.725633 157.635254
58733 29 23 25
-0.871597 0.478471 0.106696 175.925873
47309 29 25 20
0.030958 0.887552 0.459666 147.071625
49613 29 25 21
0.218630 0.909594 0.353327 158.519440
40493 29 27 17
-0.415292 0.182679 0.891157 113.226791
45101 29 27 19
-0.307847 0.472638 0.825738 179.412094
47405 29 27 20
0.017539 0.864217 0.502814 195.385223
68141 29 27 29
-0.580215 -0.543094 -0.606960 171.645599
70445 29 27 30
-0.599789 -0.418200 -0.682174 150.440338
47453 29 28 20
-0.086520 0.078024 0.993190 203.204254
72797 29 28 31
-0.493345 -0.597422 -0.632216 105.318230
47501 29 29 20
-0.227958 -0.457971 0.859243 198.453979
49997 29 33 21
-0.786304 -0.247275 0.566199 189.861649
52301 29 33 22
-0.908329 -0.407473 0.094364 201.499588
50093 29 35 21
-0.719818 -0.610523 0.330339 157.903351
54701 29 35 23
-0.567909 -0.683963 -0.457902 151.307861
57005 29 35 24
-0.475666 -0.610889 -0.632895 127.445641
50141 29 36 21
-0.627528 -0.745554 0.224406 130.469055
54749 29 36 23
-0.495315 -0.760713 -0.419499 121.314507
63246 30 21 27
-0.720525 0.567363 -0.398676 92.699516
51822 30 23 22
-0.263225 0.770253 0.580881 135.072525
40494 30 27 17
-0.486890 0.142338 0.861788 93.597717
45102 30 27 19
-0.439390 0.317899 0.840165 166.864243
47406 30 27 20
-0.319557 0.576829 0.751765 191.874161
49710 30 27 21
0.107821 0.972781 0.205112 202.279221
63534 30 27 27
-0.777830 -0.271579 -0.566767 182.987976
45150 30 28 19
-0.458672 -0.107751 0.882049 170.724106
47454 30 28 20
-0.408628 -0.053934 0.911106 198.277573
49758 30 28 21
-0.023956 0.461766 0.886678 211.209229
59022 30 29 25
0.358908 -0.159025 -0.919726 191.525803
52158 30 30 22
-0.659437 -0.659006 0.361736 207.070770
59070 30 30 25
-0.074565 -0.544615 -0.835365 185.305847
61374 30 30 26
-0.021093 -0.615382 -0.787947 166.017776
49902 30 31 21
-0.654430 -0.411187 0.634545 182.343765
61422 30 31 26
-0.157666 -0.631632 -0.759067 145.712433
54558 30 32 23
-0.828950 -0.507569 -0.234978 185.599213
54654 30 34 23
-0.754178 -0.553458 -0.353412 149.620667
50094 30 35 21
-0.787349 -0.511825 0.343681 127.426613
54702 30 35 23
-0.676880 -0.632014 -0.377348 126.284958
52446 30 36 22
-0.678675 -0.732390 -0.054819 108.154442
54750 30 36 23
-0.591738 -0.718105 -0.366295 99.863815
63247 31 21 27
-0.672590 0.636053 -0.378231 69.428558
51823 31 23 22
-0.366544 0.859175 0.357021 126.721489
68095 31 26 29
-0.639959 0.233942 -0.731931 135.410217
47407 31 27 20
-0.494521 0.347081 0.796858 179.716675
49711 31 27 21
-0.416367 0.679138 0.604491 199.274078
63535 31 27 27
-0.744166 0.218546 -0.631232 174.719086
65839 31 27 28
-0.628366 -0.064184 -0.775266 160.541290
49759 31 28 21
-0.604666 -0.020924 0.796204 206.040512
63583 31 28 27
-0.418941 -0.390194 -0.819901 172.698868
65887 31 28 28
-0.391445 -0.457195 -0.798588 152.855530
52111 31 29 22
-0.621137 -0.712797 0.325744 209.380310
59023 31 29 25
-0.272402 -0.462549 -0.843710 192.505371
61327 31 29 26
-0.260780 -0.566328 -0.781835 178.999374
63631 31 29 27
-0.241496 -0.607331 -0.756855 159.737183
52159 31 30 22
-0.633182 -0.700514 0.329182 194.716873
59071 31 30 25
-0.377881 -0.694091 -0.612735 180.582748
61375 31 30 26
-0.269824 -0.679115 -0.682640 162.157944
56815 31 31 24
-0.614998 -0.709574 -0.343923 174.007507
59119 31 31 25
-0.443857 -0.713283 -0.542419 159.326233
61423 31 31 26
-0.310916 -0.700887 -0.641941 137.414612
54559 31 32 23
-0.813112 -0.578586 -0.063933 158.916992
56863 31 32 24
-0.668748 -0.649820 -0.361261 150.899323
49999 31 33 21
-0.830314 -0.322761 0.454317 123.395943
54607 31 33 23
-0.844279 -0.516908 -0.141419 138.391251
54655 31 34 23
-0.831990 -0.510292 -0.217705 118.392731
58640 32 21 25
-0.672849 0.728179 -0.130497 63.255268
51776 32 22 22
-0.433328 0.879037 0.198796 89.426918
60992 32 22 26
-0.707589 0.663962 -0.241811 77.968506
49520 32 23 21
-0.336952 0.790577 0.511324 104.628159
51824 32 23 22
-0.463699 0.864290 0.194900 115.330994
61040 32 23 26
-0.734213 0.637052 -0.234725 97.861359
49568 32 24 21
-0.378876 0.742059 0.552993 127.980721
63392 32 24 27
-0.714449 0.640561 -0.281503 110.118217
65696 32 24 28
-0.654821 0.619027 -0.433607 98.153595
65744 32 25 28
-0.700782 0.547912 -0.456834 118.589005
65792 32 26 28
-0.750038 0.368380 -0.549308 134.420990
68096 32 26 29
-0.668435 0.249811 -0.700563 112.528954
63536 32 27 27
-0.823912 0.219766 -0.522371 158.692841
65840 32 27 28
-0.737594 0.036189 -0.674274 141.246246
68144 32 27 29
-0.640065 -0.055366 -0.766323 116.185043
49760 32 28 21
-0.727457 -0.109730 0.677322 189.093918
52064 32 28 22
-0.928936 -0.061891 0.365031 203.143234
54368 32 28 23
-0.935640 0.120978 -0.331575 203.783478
49808 32 29 21
-0.664151 -0.458034 0.590854 178.173203
52112 32 29 22
-0.758456 -0.559197 0.334728 194.413651
61328 32 29 26
-0.657958 -0.466854 -0.590880 166.641235
63632 32 29 27
-0.567080 -0.501190 -0.653628 146.124252
47552 32 30 20
-0.577773 -0.496285 0.647981 128.103546
49521 33 23 21
-0.522703 0.734054 0.433527 91.457077
47265 33 24 20
-0.494557 0.493675 0.715331 92.096115
49569 33 24 21
-0.591877 0.632275 0.499909 112.818390
51873 33 24 22
-0.658687 0.740698 0.132278 122.829369
49617 33 25 21
-0.652617 0.527077 0.544317 131.939285
51921 33 25 22
-0.713183 0.678538 0.175944 143.974838
56577 33 26 24
-0.682003 0.635474 -0.362000 154.913162
52017 33 27 22
-0.907046 0.289712 0.305506 176.420853
54321 33 27 23
-0.905624 0.401215 -0.137377 178.874039
65841 33 27 28
-0.826041 0.043935 -0.561894 113.764282
52065 33 28 22
-0.930819 -0.143533 0.336117 178.767883
54369 33 28 23
-0.992892 -0.100248 -0.064162 183.203903
51826 34 23 22
-0.724564 0.685457 0.071801 79.506050
44962 34 24 19
-0.564266 0.312140 0.764312 51.200256
51874 34 24 22
-0.798509 0.590694 0.116035 99.725174
54178 34 24 23
-0.768995 0.618010 -0.163432 98.632454
54226 34 25 23
-0.825133 0.549259 -0.132179 118.569992
56578 34 26 24
-0.844832 0.445577 -0.296177 128.719894
56626 34 27 24
-0.934305 0.216761 -0.283001 141.385925
52066 34 28 22
-0.940710 -0.159119 0.299576 142.453583
54370 34 28 23
-0.989482 -0.144656 -0.000595 148.745346
56674 34 28 24
-0.962497 -0.111346 -0.247389 143.461472
58978 34 28 25
-0.925685 -0.092312 -0.366858 130.794159
54418 34 29 23
-0.905718 -0.422975 0.027703 136.352005
56722 34 29 24
-0.900024 -0.391951 -0.190607 132.556595
