2.000000
24 24 24
41.348868 85.440534 97.510109
17.348867 61.440533 73.510109
95.164170 2751.879268 769.743153
7658 2 7 13
0.824513 0.426329 -0.372051 32.099628
7106 2 8 12
0.968728 0.222080 -0.110668 42.806946
7682 2 8 13
0.897707 0.251977 -0.361428 38.176525
7107 3 8 12
0.940817 0.280647 -0.190002 63.903954
7683 3 8 13
0.823821 0.314213 -0.471793 56.151768
7707 3 9 13
0.890109 0.142284 -0.432969 61.277897
6532 4 8 11
0.962967 0.259339 0.073749 88.839928
7108 4 8 12
0.885559 0.341291 -0.315128 85.923294
7684 4 8 13
0.701016 0.367709 -0.611038 74.352425
6556 4 9 11
0.987010 -0.013868 0.160061 91.796196
7132 4 9 12
0.964181 0.083465 -0.251770 90.874489
7708 4 9 13
0.783412 0.177544 -0.595604 80.878197
7756 4 11 13
0.925757 -0.092475 -0.366637 82.536079
8332 4 11 14
0.744919 0.085463 -0.661658 71.641373
7204 4 12 12
0.906821 -0.388281 0.164051 79.006310
7780 4 12 13
0.948566 -0.261653 -0.178215 79.094406
8356 4 12 14
0.841869 -0.080653 -0.533622 71.924683
8932 4 12 15
0.655160 0.066538 -0.752554 58.805367
7804 4 13 13
0.882085 -0.470852 -0.014964 71.544739
8380 4 13 14
0.863004 -0.350987 -0.363363 67.788750
8956 4 13 15
0.729597 -0.195940 -0.655206 57.729305
9556 4 14 16
0.593493 -0.355287 -0.722176 39.912445
5957 5 8 10
0.885315 0.140302 0.443320 105.504044
6533 5 8 11
0.953549 0.301199 -0.004815 110.888962
7109 5 8 12
0.766878 0.399646 -0.502176 105.221016
7685 5 8 13
0.517647 0.398662 -0.757040 89.751190
8261 5 8 14
0.355111 0.373847 -0.856817 68.344391
5405 5 9 9
0.675727 -0.173914 0.716343 88.737686
5981 5 9 10
0.823254 -0.161287 0.544279 105.164680
6557 5 9 11
0.986181 -0.085251 0.142053 113.057602
7133 5 9 12
0.887457 0.074419 -0.454843 110.155533
7709 5 9 13
0.591641 0.191081 -0.783230 96.852753
8285 5 9 14
0.389082 0.245867 -0.887786 76.323189
5429 5 10 9
0.597352 -0.329633 0.731104 81.872620
6005 5 10 10
0.720538 -0.363523 0.590488 98.763885
6581 5 10 11
0.891144 -0.356328 0.280878 108.608421
7157 5 10 12
0.933792 -0.205218 -0.293118 108.884102
7733 5 10 13
0.674043 0.033617 -0.737927 99.125847
4877 5 11 8
0.470560 -0.387527 0.792714 53.264343
5453 5 11 9
0.536545 -0.426824 0.727970 72.035873
6029 5 11 10
0.638522 -0.461476 0.615897 88.831047
7757 5 11 13
0.795922 -0.088354 -0.598917 98.693748
8333 5 11 14
0.522091 0.135569 -0.842046 84.899910
5477 5 12 9
0.499012 -0.493052 0.712662 60.695328
6053 5 12 10
0.585357 -0.518213 0.623549 77.034096
7205 5 12 12
0.856255 -0.485834 0.175478 96.906815
7781 5 12 13
0.891553 -0.295758 -0.343016 95.816559
8357 5 12 14
0.663989 -0.026056 -0.747288 86.287781
8933 5 12 15
0.441714 0.130563 -0.887605 70.077888
6653 5 13 11
0.631946 -0.602269 0.487767 77.073921
7229 5 13 12
0.737630 -0.611896 0.285457 86.146873
7805 5 13 13
0.823750 -0.560814 -0.083208 88.545792
8381 5 13 14
0.749921 -0.375599 -0.544558 82.967407
8957 5 13 15
0.549053 -0.162360 -0.819866 70.091927
9533 5 13 16
0.386912 -0.031494 -0.921579 52.774220
8405 5 14 14
0.668400 -0.679001 -0.303643 72.829559
8981 5 14 15
0.566130 -0.521262 -0.638579 63.454128
9557 5 14 16
0.430187 -0.350740 -0.831818 49.151337
9005 5 15 15
0.497299 -0.748946 -0.437920 50.682209
9581 5 15 16
0.413077 -0.616400 -0.670387 40.118595
5286 6 4 9
0.509927 0.838073 0.193929 63.736450
5862 6 4 10
0.433719 0.881376 -0.187256 63.654797
5310 6 5 9
0.599622 0.730218 0.327467 81.198494
5886 6 5 10
0.520884 0.848435 -0.094008 83.850304
5334 6 6 9
0.670364 0.550051 0.498052 96.240265
5910 6 6 10
0.637833 0.767851 0.059786 102.910515
5934 6 7 10
0.782175 0.551581 0.289759 117.246178
6510 6 7 11
0.627226 0.721181 -0.294085 117.064034
5958 6 8 10
0.835531 0.110007 0.538319 123.667603
6534 6 8 11
0.904326 0.388988 -0.175737 127.281181
7110 6 8 12
0.523888 0.446137 -0.725605 118.840607
7686 6 8 13
0.293563 0.404854 -0.865975 100.191216
8262 6 8 14
0.188731 0.371482 -0.909056 75.712395
5406 6 9 9
0.541027 -0.286763 0.790606 104.921143
5982 6 9 10
0.694381 -0.317191 0.645929 121.435783
6558 6 9 11
0.961183 -0.263095 0.083119 128.203979
7134 6 9 12
0.663973 0.032566 -0.747047 123.209557
7710 6 9 13
0.338897 0.178520 -0.923731 107.247437
8286 6 9 14
0.203947 0.234946 -0.950372 83.932915
5430 6 10 9
0.445547 -0.430929 0.784722 95.476028
6006 6 10 10
0.539540 -0.508274 0.671233 112.860077
6582 6 10 11
0.745130 -0.588773 0.313254 122.196098
7158 6 10 12
0.746480 -0.350692 -0.565493 121.021088
7734 6 10 13
0.393476 0.021892 -0.919074 109.134689
8310 6 10 14
0.222786 0.178684 -0.958352 88.984421
4878 6 11 8
0.356634 -0.445226 0.821331 63.217831
5454 6 11 9
0.382906 -0.491285 0.782318 83.597740
6030 6 11 10
0.455057 -0.551239 0.699327 101.395569
5478 6 12 9
0.356238 -0.520490 0.776006 71.028191
6054 6 12 10
0.424004 -0.558470 0.712974 88.990562
6630 6 12 11
0.551132 -0.602679 0.577089 102.744362
7206 6 12 12
0.772433 -0.606976 0.186887 109.404968
7782 6 12 13
0.744870 -0.276254 -0.607333 107.078453
8358 6 12 14
0.415335 0.068231 -0.907106 95.644981
5502 6 13 9
0.354305 -0.561761 0.747592 58.043484
6078 6 13 10
0.417046 -0.597391 0.684979 75.409630
6654 6 13 11
0.509575 -0.642800 0.571963 90.258659
7230 6 13 12
0.643634 -0.690891 0.329249 99.677872
7806 6 13 13
0.746111 -0.634658 -0.201313 101.262947
8382 6 13 14
0.576451 -0.332430 -0.746455 93.943489
8958 6 13 15
0.359199 -0.091646 -0.928750 78.777504
7830 6 14 13
0.585071 -0.810940 0.008229 88.552193
8406 6 14 14
0.547946 -0.718839 -0.427816 84.603180
8982 6 14 15
0.415004 -0.504854 -0.756897 72.944321
9558 6 14 16
0.289485 -0.318639 -0.902590 56.060692
9006 6 15 15
0.380870 -0.764195 -0.520523 59.603432
9582 6 15 16
0.293947 -0.609982 -0.735879 46.638821
9606 6 16 16
0.272307 -0.776833 -0.567785 33.526112
5263 7 3 9
0.062146 0.994584 0.083313 50.899773
5839 7 3 10
0.030787 0.961227 -0.274035 48.868534
5287 7 4 9
0.113254 0.979030 0.169336 70.562645
5863 7 4 10
0.062283 0.966474 -0.249098 69.422768
4735 7 5 8
0.221072 0.679060 0.700003 78.967735
5311 7 5 9
0.193648 0.926377 0.322995 90.307877
5887 7 5 10
0.114808 0.977301 -0.178053 91.574036
4759 7 6 8
0.304336 0.462242 0.832894 92.032707
5335 7 6 9
0.306824 0.769653 0.559905 107.336845
5911 7 6 10
0.210849 0.976833 -0.036595 112.381462
5359 7 7 9
0.416084 0.404850 0.814230 118.501610
5935 7 7 10
0.417384 0.867504 0.270607 127.810867
6511 7 7 11
0.196959 0.862365 -0.466405 125.347313
7087 7 7 12
0.080919 0.700524 -0.709026 111.793335
5959 7 8 10
0.640312 0.152054 0.752915 134.341156
6535 7 8 11
0.536442 0.643072 -0.546524 135.904434
7111 7 8 12
0.162253 0.479048 -0.862663 125.413765
7687 7 8 13
0.078340 0.412003 -0.907809 104.982941
8263 7 8 14
0.052637 0.376046 -0.925105 79.071388
5983 7 9 10
0.464480 -0.492585 0.735947 131.287903
6559 7 9 11
0.785273 -0.609240 -0.110331 136.406937
7135 7 9 12
0.279215 0.013999 -0.960127 129.726593
7711 7 9 13
0.120591 0.174645 -0.977219 112.210632
8287 7 9 14
0.075830 0.231961 -0.969765 87.551636
7159 7 10 12
0.399168 -0.437395 -0.805823 127.225548
7735 7 10 13
0.171244 0.024153 -0.984933 114.036057
8311 7 10 14
0.100325 0.180611 -0.978425 92.676872
5455 7 11 9
0.287615 -0.541912 0.789689 91.790947
6031 7 11 10
0.308407 -0.609905 0.730000 109.280502
5479 7 12 9
0.276553 -0.531998 0.800311 78.580772
6055 7 12 10
0.307508 -0.564086 0.766320 97.001106
6631 7 12 11
0.411629 -0.623717 0.664484 110.837311
5503 7 13 9
0.286831 -0.546261 0.786973 65.543533
6079 7 13 10
0.326953 -0.577297 0.748217 84.178856
6655 7 13 11
0.413701 -0.632907 0.654431 99.842445
7231 7 13 12
0.580964 -0.717405 0.384461 109.324631
7807 7 13 13
0.699219 -0.618859 -0.357920 110.175133
6679 7 14 11
0.411182 -0.712169 0.568985 84.935921
7255 7 14 12
0.488030 -0.797649 0.354376 95.803421
7831 7 14 13
0.542128 -0.838851 -0.049258 99.242599
8407 7 14 14
0.473591 -0.690343 -0.546935 93.839417
8983 7 14 15
0.329435 -0.445227 -0.832614 80.211121
9559 7 14 16
0.223171 -0.273228 -0.935703 61.254997
8431 7 15 14
0.404066 -0.865631 -0.295659 77.320076
9007 7 15 15
0.323635 -0.738593 -0.591389 67.113564
9583 7 15 16
0.238652 -0.578713 -0.779831 51.925125
9031 7 16 15
0.303150 -0.856867 -0.416988 48.896008
9607 7 16 16
0.236883 -0.753414 -0.613396 38.108490
5264 8 3 9
-0.306231 0.950548 0.051774 48.407715
5840 8 3 10
-0.298451 0.914759 -0.272292 46.047352
4712 8 4 8
-0.265905 0.829486 0.491170 61.380020
5288 8 4 9
-0.325573 0.938346 0.116226 68.081772
5864 8 4 10
-0.316208 0.914630 -0.251923 66.266472
4736 8 5 8
-0.234704 0.743601 0.626076 78.771133
5312 8 5 9
-0.326673 0.915309 0.235571 88.627243
5888 8 5 10
-0.327348 0.924115 -0.197114 88.737114
4760 8 6 8
-0.158212 0.587743 0.793427 93.844154
5336 8 6 9
-0.297957 0.844461 0.445092 107.299492
5912 8 6 10
-0.338055 0.936232 -0.095855 110.672096
4208 8 7 7
0.070374 0.210865 0.974979 81.427956
4784 8 7 8
-0.027331 0.315564 0.948511 103.927139
5360 8 7 9
-0.198204 0.598611 0.776131 120.674973
5936 8 7 10
-0.356801 0.926428 0.120100 127.919014
6512 8 7 11
-0.292033 0.840412 -0.456535 124.051865
7088 8 7 12
-0.202130 0.711369 -0.673125 110.000481
4232 8 8 7
0.195280 -0.036365 0.980073 83.595001
4808 8 8 8
0.128219 -0.039728 0.990950 106.916283
5384 8 8 9
0.016648 0.037052 0.999175 125.832153
5960 8 8 10
-0.287828 0.512267 0.809158 136.520065
6536 8 8 11
-0.327069 0.738865 -0.589156 136.445419
7112 8 8 12
-0.166540 0.533826 -0.829032 125.164146
7688 8 8 13
-0.093336 0.455688 -0.885233 104.663879
8264 8 8 14
-0.048139 0.411495 -0.910140 79.056816
5408 8 9 9
0.186249 -0.401813 0.896581 122.108727
5984 8 9 10
0.127273 -0.542657 0.830256 135.210968
6560 8 9 11
-0.036815 -0.758529 -0.650598 138.700455
7136 8 9 12
-0.045975 0.126216 -0.990937 131.088791
7712 8 9 13
-0.015509 0.229592 -0.973163 113.246857
8288 8 9 14
0.008995 0.268058 -0.963361 88.595863
7160 8 10 12
0.188989 -0.337878 -0.922020 129.899567
7736 8 10 13
0.090774 0.082922 -0.992413 116.236481
8312 8 10 14
0.074419 0.215627 -0.973636 94.671165
6080 8 13 10
0.333644 -0.533419 0.777269 91.698792
6656 8 13 11
0.414199 -0.570445 0.709247 107.610336
7232 8 13 12
0.630828 -0.643143 0.434077 117.050323
7808 8 13 13
0.758247 -0.447796 -0.473857 117.460243
6104 8 14 10
0.359866 -0.595883 0.717928 78.053299
6680 8 14 11
0.418619 -0.664588 0.618935 94.636475
7256 8 14 12
0.517743 -0.764001 0.385025 105.866936
7832 8 14 13
0.591768 -0.799257 -0.104873 108.872856
8408 8 14 14
0.490059 -0.599694 -0.632621 102.295822
8984 8 14 15
0.334708 -0.366844 -0.867984 87.018944
9560 8 14 16
0.234842 -0.227670 -0.944995 66.269569
7856 8 15 13
0.482103 -0.876070 -0.008833 91.424484
8432 8 15 14
0.433630 -0.822722 -0.367550 86.942833
9008 8 15 15
0.340969 -0.681081 -0.647973 74.654533
9584 8 15 16
0.253204 -0.531281 -0.808473 57.252811
5289 9 4 9
-0.589120 0.804963 0.070519 57.297127
5865 9 4 10
-0.554653 0.803967 -0.214468 55.409763
4737 9 5 8
-0.547590 0.696927 0.463074 69.139915
5313 9 5 9
-0.609498 0.779128 0.146535 76.852013
5889 9 5 10
-0.575152 0.801423 -0.164077 76.412521
4761 9 6 8
-0.516922 0.619429 0.590847 85.484703
5337 9 6 9
-0.616985 0.738941 0.270732 96.341248
5913 9 6 10
-0.598691 0.796213 -0.087261 98.549782
4209 9 7 7
-0.263248 0.364966 0.893029 79.109116
4785 9 7 8
-0.430931 0.471531 0.769387 98.633858
5361 9 7 9
-0.600608 0.639016 0.480550 112.566360
5937 9 7 10
-0.639759 0.767713 0.036410 118.093018
6513 9 7 11
-0.528767 0.778038 -0.339208 114.110916
7089 9 7 12
-0.388421 0.729879 -0.562500 101.417007
3657 9 8 6
0.005133 0.130098 0.991488 62.824699
4233 9 8 7
-0.087477 0.135540 0.986903 85.058510
4809 9 8 8
-0.237304 0.185152 0.953628 105.921982
5385 9 8 9
-0.470693 0.342657 0.813040 122.135361
5961 9 8 10
-0.705329 0.633239 0.318621 130.799072
6537 9 8 11
-0.588870 0.720504 -0.366206 129.992950
7113 9 8 12
-0.363918 0.630550 -0.685544 119.328438
7689 9 8 13
-0.214988 0.547882 -0.808459 100.364464
8265 9 8 14
-0.120158 0.488241 -0.864398 76.569969
3681 9 9 6
0.168962 -0.099392 0.980598 63.190849
4257 9 9 7
0.126321 -0.144434 0.981418 84.954475
4833 9 9 8
0.048581 -0.184337 0.981662 105.875565
5409 9 9 9
-0.082121 -0.201227 0.976096 123.244209
5985 9 9 10
-0.389330 -0.128873 0.912038 134.307678
6561 9 9 11
-0.750652 0.419137 -0.510731 136.669998
7137 9 9 12
-0.236425 0.388439 -0.890628 129.014450
7713 9 9 13
-0.092776 0.367352 -0.925443 111.946594
8289 9 9 14
-0.020683 0.359733 -0.932826 88.385872
3705 9 10 6
0.302625 -0.302162 0.903945 58.698334
4281 9 10 7
0.294995 -0.359764 0.885182 79.018135
6585 9 10 11
0.343264 -0.912876 0.220970 135.249680
7161 9 10 12
0.148578 -0.006885 -0.988877 131.381149
7737 9 10 13
0.096004 0.227482 -0.969038 117.890633
8313 9 10 14
0.099827 0.300686 -0.948484 96.793526
6681 9 14 11
0.489638 -0.585926 0.645713 105.056755
7257 9 14 12
0.614978 -0.674020 0.409266 116.481812
7833 9 14 13
0.711363 -0.687425 -0.146322 119.229416
8409 9 14 14
0.563160 -0.473642 -0.677137 111.790001
8985 9 14 15
0.387876 -0.285303 -0.876444 95.084778
9561 9 14 16
0.283278 -0.184936 -0.941038 72.546677
6705 9 15 11
0.498582 -0.681813 0.535302 89.090408
7281 9 15 12
0.552735 -0.771777 0.314396 100.450607
7857 9 15 13
0.575652 -0.816499 -0.044195 104.004021
8433 9 15 14
0.511946 -0.742801 -0.431460 98.197533
9009 9 15 15
0.400811 -0.599700 -0.692611 83.810242
9585 9 15 16
0.304407 -0.470487 -0.828238 63.989731
4786 10 7 8
-0.620729 0.564645 0.543941 85.519836
3658 10 8 6
-0.255562 0.303887 0.917791 60.073505
4234 10 8 7
-0.369551 0.355378 0.858568 79.818306
4810 10 8 8
-0.508788 0.439925 0.740000 97.807632
5386 10 8 9
-0.639675 0.566419 0.519602 111.540894
5962 10 8 10
-0.690371 0.701878 0.175373 118.905922
6538 10 8 11
-0.606295 0.766423 -0.212138 118.406151
7114 10 8 12
-0.443717 0.737248 -0.509491 109.543053
7690 10 8 13
-0.288406 0.666656 -0.687308 93.317215
8266 10 8 14
-0.168453 0.596398 -0.784814 72.435440
3106 10 9 5
-0.036055 0.077897 0.996309 44.516068
3682 10 9 6
-0.071661 0.087002 0.993627 64.344093
4258 10 9 7
-0.135244 0.106796 0.985040 85.011726
4834 10 9 8
-0.239198 0.157452 0.958120 104.179886
5410 10 9 9
-0.400328 0.284736 0.871013 119.653244
5986 10 9 10
-0.613654 0.563787 0.552786 129.358627
6562 10 9 11
-0.591575 0.780677 -0.201450 131.406555
7138 10 9 12
-0.321716 0.669897 -0.669131 124.588150
7714 10 9 13
-0.144460 0.559270 -0.816302 109.196091
8290 10 9 14
-0.039852 0.496851 -0.866920 87.564232
3130 10 10 5
0.111503 -0.136320 0.984370 43.950001
3706 10 10 6
0.132644 -0.159322 0.978275 63.548908
4282 10 10 7
0.144640 -0.183861 0.972252 84.131119
4858 10 10 8
0.141543 -0.203490 0.968792 103.621506
5434 10 10 9
0.124781 -0.204904 0.970796 120.117218
6010 10 10 10
0.113689 -0.142496 0.983244 131.708420
6586 10 10 11
0.313934 0.882854 0.349306 136.396133
7162 10 10 12
0.087682 0.509173 -0.856186 132.539978
7738 10 10 13
0.096406 0.443519 -0.891065 119.749504
8314 10 10 14
0.120008 0.429132 -0.895234 99.620354
6682 10 14 11
0.563093 -0.507881 0.651907 117.076256
7258 10 14 12
0.705725 -0.565501 0.426803 128.341461
7834 10 14 13
0.816043 -0.550022 -0.177622 130.890030
8410 10 14 14
0.614556 -0.347230 -0.708345 122.871498
8986 10 14 15
0.422898 -0.208739 -0.881808 104.952446
9562 10 14 16
0.316123 -0.144275 -0.937684 80.580132
6706 10 15 11
0.558857 -0.609459 0.562351 103.281891
7282 10 15 12
0.630124 -0.698892 0.338369 115.042007
7858 10 15 13
0.667235 -0.741319 -0.072419 118.430191
8434 10 15 14
0.579622 -0.647954 -0.494160 111.563393
9010 10 15 15
0.446375 -0.508557 -0.736287 95.177719
9586 10 15 16
0.342756 -0.401918 -0.849106 72.736168
5411 11 9 9
-0.517441 0.607322 0.602839 111.442451
5987 11 9 10
-0.551728 0.765172 0.331826 120.733917
6563 11 9 11
-0.494988 0.866736 -0.061293 123.367737
7139 11 9 12
-0.343717 0.834118 -0.431401 118.178986
7715 11 9 13
-0.184910 0.733428 -0.654134 105.189072
8291 11 9 14
-0.062352 0.644302 -0.762225 86.180252
3707 11 10 6
-0.115892 0.049505 0.992027 63.784794
4283 11 10 7
-0.120129 0.099849 0.987724 84.500336
4859 11 10 8
-0.132169 0.178912 0.974947 103.859154
5435 11 10 9
-0.159972 0.319465 0.933997 119.980942
6011 11 10 10
-0.208497 0.608874 0.765377 131.207993
6587 11 10 11
-0.198915 0.974612 0.102788 135.904846
7163 11 10 12
-0.057925 0.832412 -0.551122 132.695587
7739 11 10 13
0.038476 0.659128 -0.751046 121.169174
8315 11 10 14
0.100204 0.572820 -0.813533 102.557144
8891 11 10 15
0.147082 0.527105 -0.836975 79.763550
3731 11 11 6
0.090088 -0.177116 0.980058 62.328960
4307 11 11 7
0.152866 -0.175633 0.972515 83.548630
4883 11 11 8
0.223898 -0.167211 0.960162 103.763367
5459 11 11 9
0.304624 -0.138513 0.942347 121.119095
6035 11 11 10
0.431513 -0.040976 0.901176 134.100906
6611 11 11 11
0.734902 0.352296 0.579488 141.219650
7187 11 11 12
0.546035 0.673879 -0.497728 141.018127
4331 11 12 7
0.329107 -0.341035 0.880559 77.429604
8963 11 13 15
0.345248 0.190489 -0.918976 114.661308
9539 11 13 16
0.279384 0.155299 -0.947537 88.736359
6683 11 14 11
0.568924 -0.473690 0.672267 129.444550
7259 11 14 12
0.720293 -0.509061 0.471205 140.029831
7835 11 14 13
0.854910 -0.465515 -0.228964 142.322800
8411 11 14 14
0.581130 -0.244521 -0.776207 134.070435
8987 11 14 15
0.390663 -0.142297 -0.909469 115.401337
9563 11 14 16
0.297685 -0.106862 -0.948664 89.496925
6707 11 15 11
0.548249 -0.573131 0.609052 117.658691
7283 11 15 12
0.635364 -0.663875 0.394439 129.435394
7859 11 15 13
0.698151 -0.709419 -0.096494 132.803101
8435 11 15 14
0.578273 -0.574004 -0.579758 125.386345
9011 11 15 15
0.428881 -0.425933 -0.796645 107.522758
9587 11 15 16
0.330320 -0.335752 -0.882134 82.705345
6731 11 16 11
0.558152 -0.647909 0.518344 101.772751
7307 11 16 12
0.614232 -0.729990 0.299721 113.013382
7883 11 16 13
0.641522 -0.764012 -0.068817 116.201492
6564 12 9 11
-0.445640 0.894857 0.025204 112.950424
7140 12 9 12
-0.342966 0.904443 -0.253689 109.984871
7716 12 9 13
-0.213919 0.847753 -0.485338 99.913094
8292 12 9 14
-0.088162 0.767835 -0.634553 84.083626
3708 12 10 6
-0.337365 0.232707 0.912158 58.783611
4284 12 10 7
-0.353648 0.331096 0.874819 79.103439
4860 12 10 8
-0.363250 0.453607 0.813812 98.525475
5436 12 10 9
-0.366750 0.605401 0.706388 115.033463
6012 12 10 10
-0.359307 0.789215 0.498034 126.875000
6588 12 10 11
-0.308664 0.943541 0.120239 132.469696
7164 12 10 12
-0.189750 0.930487 -0.313350 130.601578
7740 12 10 13
-0.061833 0.808472 -0.585278 120.933289
8316 12 10 14
0.038718 0.700294 -0.712804 104.475342
8892 12 10 15
0.116886 0.623408 -0.773110 83.593414
3732 12 11 6
-0.160462 0.016756 0.986900 61.536888
4308 12 11 7
-0.131792 0.072661 0.988611 83.787910
4884 12 11 8
-0.090000 0.147362 0.984980 105.178177
5460 12 11 9
-0.037810 0.260053 0.964854 123.438599
6036 12 11 10
0.022992 0.477532 0.878314 136.859207
6612 12 11 11
0.098129 0.888281 0.448695 144.122086
7188 12 11 12
0.127545 0.927264 -0.352013 144.187531
7764 12 11 13
0.132859 0.731495 -0.668778 136.486923
8340 12 11 14
0.155080 0.616751 -0.771731 121.328995
4332 12 12 7
0.085382 -0.170334 0.981680 82.514748
4908 12 12 8
0.174192 -0.173433 0.969318 104.695168
5484 12 12 9
0.275751 -0.172441 0.945635 123.909462
6060 12 12 10
0.394330 -0.136018 0.908847 138.658768
6636 12 12 11
0.603868 0.059251 0.794879 147.968353
7212 12 12 12
0.740764 0.662759 -0.109636 150.896149
4356 12 13 7
0.230608 -0.324664 0.917286 76.389671
4932 12 13 8
0.316347 -0.361225 0.877178 98.297806
5508 12 13 9
0.390287 -0.394331 0.831973 117.887398
6084 12 13 10
0.446884 -0.408320 0.795971 133.954422
8964 12 13 15
0.226162 0.214575 -0.950162 122.065422
9540 12 13 16
0.203031 0.159119 -0.966157 95.962715
6684 12 14 11
0.426669 -0.524093 0.737075 139.020599
7260 12 14 12
0.540170 -0.592386 0.597742 148.368561
7836 12 14 13
0.728905 -0.555702 -0.399867 150.269608
8412 12 14 14
0.370089 -0.171342 -0.913059 142.229080
8988 12 14 15
0.253003 -0.089312 -0.963334 123.675766
9564 12 14 16
0.209541 -0.076063 -0.974837 97.185364
6708 12 15 11
0.384381 -0.612221 0.690968 128.532776
7284 12 15 12
0.449709 -0.729656 0.515136 139.770432
7860 12 15 13
0.555301 -0.822452 -0.123344 143.210220
8436 12 15 14
0.424310 -0.549261 -0.719912 136.013153
9012 12 15 15
0.307013 -0.361272 -0.880469 117.803551
9588 12 15 16
0.246478 -0.279105 -0.928089 91.677872
6732 12 16 11
0.378530 -0.694535 0.611830 114.200539
7308 12 16 12
0.436977 -0.803554 0.404169 125.861740
7884 12 16 13
0.504720 -0.860899 -0.064110 129.656631
8460 12 16 14
0.456950 -0.706656 -0.540217 122.823143
6756 12 17 11
0.371884 -0.770565 0.517622 96.060951
7332 12 17 12
0.423941 -0.850964 0.310055 106.883202
7908 12 17 13
0.476893 -0.877665 -0.047716 110.368843
6780 12 18 11
0.346874 -0.833547 0.429973 75.056717
7356 12 18 12
0.390468 -0.887786 0.243659 84.200027
7932 12 18 13
0.435602 -0.899451 -0.035204 87.161301
8508 12 18 14
0.446230 -0.829111 -0.336829 81.980194
7380 12 19 12
0.342415 -0.917967 0.200220 60.410656
7956 12 19 13
0.380720 -0.924443 -0.021376 62.805195
8532 12 19 14
0.401262 -0.875763 -0.268380 59.076553
6013 13 10 10
-0.403336 0.812295 0.421303 118.505943
6589 13 10 11
-0.354816 0.921209 0.159624 125.684868
7165 13 10 12
-0.272338 0.947961 -0.164932 125.641502
7741 13 10 13
-0.162409 0.884541 -0.437276 118.201340
8317 13 10 14
-0.048978 0.792475 -0.607935 104.375938
4309 13 11 7
-0.347302 0.251841 0.903304 77.785568
4885 13 11 8
-0.331062 0.352372 0.875347 100.090996
5461 13 11 9
-0.309768 0.481635 0.819800 119.732559
6037 13 11 10
-0.294749 0.666685 0.684583 134.438583
6613 13 11 11
-0.280114 0.899282 0.335899 142.612579
7189 13 11 12
-0.209002 0.954652 -0.212032 143.415298
7765 13 11 13
-0.102906 0.818122 -0.565761 136.749146
8341 13 11 14
-0.007839 0.691180 -0.722641 123.181610
4333 13 12 7
-0.188590 0.013657 0.981961 81.128250
4909 13 12 8
-0.147145 0.042311 0.988210 104.884514
5485 13 12 9
-0.096653 0.074717 0.992510 125.537399
6061 13 12 10
-0.058459 0.147816 0.987286 140.963669
6637 13 12 11
-0.094972 0.451386 0.887260 150.082596
7213 13 12 12
-0.207011 0.957249 -0.202042 152.475784
7789 13 12 13
-0.111013 0.675980 -0.728510 147.884094
4357 13 13 7
-0.044087 -0.199717 0.978861 78.709732
4933 13 13 8
0.016395 -0.246067 0.969114 102.359238
5509 13 13 9
0.079675 -0.315372 0.945617 122.967621
6085 13 13 10
0.113708 -0.395355 0.911463 138.803650
6661 13 13 11
0.063422 -0.467887 0.881510 149.279343
8389 13 13 14
-0.107911 0.276451 -0.954950 142.908676
8965 13 13 15
-0.004711 0.212494 -0.977151 124.914200
9541 13 13 16
0.056153 0.147817 -0.987419 99.847000
4957 13 14 8
0.102132 -0.428370 0.897813 94.174561
5533 13 14 9
0.136198 -0.514234 0.846767 114.144356
7261 13 14 12
-0.212975 -0.758485 0.615907 150.351456
7837 13 14 13
-0.511657 -0.656239 -0.554578 151.576721
8413 13 14 14
-0.154232 -0.128696 -0.979617 144.088333
8989 13 14 15
-0.015185 -0.055276 -0.998356 126.701622
9565 13 14 16
0.047178 -0.055491 -0.997344 101.101921
4981 13 15 8
0.123119 -0.533567 0.836748 82.543907
5557 13 15 9
0.123904 -0.606133 0.785653 101.551323
6709 13 15 11
-0.019730 -0.698640 0.715201 132.322464
7285 13 15 12
-0.147079 -0.803276 0.577161 142.373672
7861 13 15 13
-0.234443 -0.965519 -0.113177 145.779343
8437 13 15 14
-0.060032 -0.539392 -0.839912 139.547714
9013 13 15 15
0.044177 -0.309347 -0.949923 122.488747
9589 13 15 16
0.086250 -0.232376 -0.968794 96.857941
5005 13 16 8
0.107841 -0.608264 0.786375 69.162292
5581 13 16 9
0.088043 -0.667421 0.739458 86.809975
6733 13 16 11
-0.026635 -0.754353 0.655929 118.465607
7309 13 16 12
-0.068538 -0.865497 0.496203 129.885025
7885 13 16 13
-0.033351 -0.999435 -0.004268 134.446228
8461 13 16 14
0.074022 -0.774619 -0.628081 128.932358
9037 13 16 15
0.129146 -0.510324 -0.850230 112.460297
5029 13 17 8
0.079368 -0.678301 0.730485 54.966267
5605 13 17 9
0.053311 -0.729449 0.681955 70.597466
6181 13 17 10
0.014673 -0.769037 0.639036 86.185181
6757 13 17 11
-0.014752 -0.822633 0.568382 100.803940
7333 13 17 12
-0.007644 -0.918272 0.395877 112.228401
7909 13 17 13
0.057576 -0.998205 0.016494 117.033058
8485 13 17 14
0.143430 -0.878871 -0.454987 112.180809
9061 13 17 15
0.185144 -0.660872 -0.727304 97.154312
5629 13 18 9
0.028902 -0.791838 0.610046 53.531765
6205 13 18 10
0.004976 -0.830526 0.556958 66.867912
6781 13 18 11
-0.002485 -0.880827 0.473432 79.704567
7357 13 18 12
0.021959 -0.950657 0.309466 89.876213
7933 13 18 13
0.082506 -0.996368 0.021053 94.282356
8509 13 18 14
0.152925 -0.930439 -0.333011 90.343414
9085 13 18 15
0.195990 -0.773298 -0.602991 77.806946
9661 13 18 16
0.210962 -0.621525 -0.754454 59.442230
6805 13 19 11
0.003360 -0.920018 0.391861 57.215553
7381 13 19 12
0.029325 -0.968482 0.247351 65.274254
7957 13 19 13
0.077550 -0.996698 0.024074 68.888069
8533 13 19 14
0.133053 -0.959600 -0.247919 66.075226
9109 13 19 15
0.175026 -0.853379 -0.491029 56.719460
9685 13 19 16
0.196948 -0.725124 -0.659854 43.037182
6038 14 11 10
-0.393692 0.695022 0.601624 127.388222
6614 14 11 11
-0.403945 0.859664 0.312741 136.917587
7190 14 11 12
-0.384175 0.913978 -0.130593 138.584030
7766 14 11 13
-0.306134 0.822441 -0.479451 132.834244
8342 14 11 14
-0.203267 0.713019 -0.671034 120.841858
8918 14 11 15
-0.091846 0.610350 -0.786789 103.869202
5486 14 12 9
-0.336950 0.231980 0.912496 120.764412
6062 14 12 10
-0.380903 0.316447 0.868777 137.517593
6638 14 12 11
-0.580231 0.524313 0.623240 146.991959
7214 14 12 12
-0.707984 0.676972 -0.201166 148.943405
7790 14 12 13
-0.506660 0.558869 -0.656477 144.001801
8366 14 12 14
-0.337512 0.477275 -0.811353 132.776505
8942 14 12 15
-0.191866 0.396196 -0.897896 115.632721
9518 14 12 16
-0.073152 0.304687 -0.949639 93.496361
4934 14 13 8
-0.248675 -0.121341 0.960956 99.283424
5510 14 13 9
-0.238058 -0.197194 0.951022 121.156548
6086 14 13 10
-0.284519 -0.320895 0.903369 137.426590
6662 14 13 11
-0.524206 -0.462284 0.715193 147.066544
7238 14 13 12
-0.940496 -0.338729 0.027005 150.294373
8966 14 13 15
-0.294306 0.164510 -0.941446 121.679932
9542 14 13 16
-0.144035 0.114587 -0.982916 98.770676
10118 14 13 17
-0.048954 0.061885 -0.996882 72.357323
4958 14 14 8
-0.182079 -0.371066 0.910581 93.027046
5534 14 14 9
-0.178405 -0.496728 0.849372 113.541870
6110 14 14 10
-0.230871 -0.627548 0.743560 129.305511
8414 14 14 14
-0.622987 -0.126105 -0.772000 138.427979
8990 14 14 15
-0.335631 -0.045956 -0.940872 122.901039
9566 14 14 16
-0.160270 -0.044928 -0.986050 99.612587
4982 14 15 8
-0.166003 -0.528932 0.832271 81.884933
5558 14 15 9
-0.185955 -0.634564 0.750166 100.674576
8438 14 15 14
-0.611743 -0.428808 -0.664751 134.438934
9014 14 15 15
-0.298341 -0.258973 -0.918654 119.719681
9590 14 15 16
-0.120594 -0.191285 -0.974098 96.449097
5006 14 16 8
-0.184595 -0.624326 0.759040 68.141731
5582 14 16 9
-0.224043 -0.697463 0.680699 85.020210
7886 14 16 13
-0.603294 -0.793832 0.076589 128.929382
8462 14 16 14
-0.474987 -0.713891 -0.514536 125.426491
9038 14 16 15
-0.212542 -0.489283 -0.845830 111.627541
9614 14 16 16
-0.056973 -0.348140 -0.935710 89.192474
5030 14 17 8
-0.209552 -0.691996 0.690818 53.459934
5606 14 17 9
-0.254719 -0.741373 0.620874 68.078156
6182 14 17 10
-0.313894 -0.762226 0.566111 82.276169
6758 14 17 11
-0.376421 -0.775508 0.506848 95.661209
7334 14 17 12
-0.426465 -0.818099 0.385799 106.805923
7910 14 17 13
-0.430953 -0.896231 0.105120 112.793983
8486 14 17 14
-0.317004 -0.878045 -0.358532 110.333260
9062 14 17 15
-0.133202 -0.689389 -0.712040 97.957840
9638 14 17 16
-0.007576 -0.512873 -0.858431 77.625259
5054 14 18 8
-0.221616 -0.749839 0.623400 39.023388
5630 14 18 9
-0.261768 -0.786032 0.560028 50.874493
6206 14 18 10
-0.302701 -0.805648 0.509217 63.080029
6782 14 18 11
-0.333966 -0.829678 0.447326 75.124184
7358 14 18 12
-0.343467 -0.879817 0.328561 85.436531
7934 14 18 13
-0.312075 -0.945079 0.097134 91.202835
8510 14 18 14
-0.218128 -0.943913 -0.247886 89.502808
9086 14 18 15
-0.090799 -0.820479 -0.564419 79.235695
9662 14 18 16
0.010180 -0.660351 -0.750888 62.331249
7958 14 19 13
-0.240203 -0.967167 0.083011 66.668938
8534 14 19 14
-0.168101 -0.969414 -0.178826 65.571892
9110 14 19 15
-0.077582 -0.893592 -0.442125 57.895889
9686 14 19 16
0.003177 -0.771127 -0.636674 45.259068
6615 15 11 11
-0.428507 0.843272 0.324461 128.777054
7191 15 11 12
-0.454551 0.884764 -0.102838 131.042572
7767 15 11 13
-0.430968 0.785110 -0.444824 125.633278
8343 15 11 14
-0.374825 0.676427 -0.633997 114.584488
8919 15 11 15
-0.287359 0.579331 -0.762759 99.556198
9495 15 11 16
-0.176429 0.467628 -0.866139 81.510445
6063 15 12 10
-0.466813 0.374008 0.801376 130.158478
6639 15 12 11
-0.684275 0.522866 0.508310 140.328827
7215 15 12 12
-0.805960 0.538682 -0.245459 141.803650
7791 15 12 13
-0.658889 0.416547 -0.626382 136.023254
8367 15 12 14
-0.539909 0.361806 -0.759996 124.777908
8943 15 12 15
-0.413788 0.310349 -0.855840 109.037071
9519 15 12 16
-0.275928 0.235626 -0.931850 89.336014
10095 15 12 17
-0.156117 0.154262 -0.975618 67.108261
5511 15 13 9
-0.381047 -0.111017 0.917866 114.165459
6087 15 13 10
-0.463145 -0.245665 0.851555 131.479568
6663 15 13 11
-0.723775 -0.434568 0.536004 140.874542
7239 15 13 12
-0.917356 -0.357057 -0.175978 142.597916
7815 15 13 13
-0.817506 -0.096022 -0.567859 138.070557
8967 15 13 15
-0.502038 0.094669 -0.859649 113.088852
9543 15 13 16
-0.334263 0.071171 -0.939789 92.753952
10119 15 13 17
-0.202326 0.027475 -0.978933 69.131599
4959 15 14 8
-0.338673 -0.316513 0.886070 86.130234
5535 15 14 9
-0.344418 -0.458982 0.818970 107.361977
6111 15 14 10
-0.391403 -0.630494 0.670284 123.278831
8991 15 14 15
-0.541347 -0.051998 -0.839190 113.481941
9567 15 14 16
-0.338276 -0.034818 -0.940403 93.135651
5559 15 15 9
-0.344835 -0.634929 0.691342 94.016411
8439 15 15 14
-0.791737 -0.372730 -0.483968 122.972961
9015 15 15 15
-0.536311 -0.221883 -0.814333 110.831665
9591 15 15 16
-0.299098 -0.151767 -0.942076 90.952316
8463 15 16 14
-0.719665 -0.615167 -0.321952 114.463165
9039 15 16 15
-0.483481 -0.466560 -0.740654 104.039612
9615 15 16 16
-0.241742 -0.327446 -0.913422 85.300774
7911 15 17 13
-0.619355 -0.768595 0.160193 100.331932
8487 15 17 14
-0.579585 -0.791752 -0.192899 100.353027
9063 15 17 15
-0.397503 -0.697045 -0.596758 91.684731
9639 15 17 16
-0.193126 -0.533509 -0.823450 75.024353
8511 15 18 14
-0.459241 -0.880206 -0.119729 80.840218
9087 15 18 15
-0.323111 -0.832428 -0.450180 73.995735
9663 15 18 16
-0.166783 -0.701701 -0.692676 60.351978
8535 15 19 14
-0.379066 -0.921630 -0.083104 58.579540
9111 15 19 15
-0.276377 -0.897397 -0.343940 53.580597
9687 15 19 16
-0.158736 -0.808195 -0.567118 43.498131
9472 16 10 16
-0.275324 0.657887 -0.700986 65.025658
10048 16 10 17
-0.199560 0.527468 -0.825804 50.538033
6616 16 11 11
-0.422055 0.837638 0.346746 119.938400
7192 16 11 12
-0.470699 0.875659 -0.108002 122.480125
7768 16 11 13
-0.476926 0.747281 -0.462723 116.791565
8344 16 11 14
-0.470397 0.615738 -0.632133 105.757019
8920 16 11 15
-0.443091 0.510320 -0.737051 91.729744
9496 16 11 16
-0.374058 0.400000 -0.836709 75.665123
10072 16 11 17
-0.276088 0.283156 -0.918476 58.102104
6640 16 12 11
-0.676455 0.549195 0.490707 132.261978
7216 16 12 12
-0.787737 0.528232 -0.316926 133.398819
7792 16 12 13
-0.645741 0.353891 -0.676594 126.480797
8944 16 12 15
-0.523032 0.234726 -0.819354 99.202240
9520 16 12 16
-0.430377 0.170895 -0.886324 81.406471
10096 16 12 17
-0.320119 0.098903 -0.942201 61.796539
5512 16 13 9
-0.405132 -0.060831 0.912232 104.741425
6088 16 13 10
-0.485899 -0.185430 0.854118 123.522354
6664 16 13 11
-0.747912 -0.420061 0.513981 133.408630
7240 16 13 12
-0.848844 -0.400161 -0.345450 134.148651
7816 16 13 13
-0.718526 -0.153323 -0.678390 127.842064
9544 16 13 16
-0.439950 0.052070 -0.896512 83.641617
10120 16 13 17
-0.321513 0.016095 -0.946768 62.883652
5536 16 14 9
-0.377720 -0.426994 0.821586 98.579750
6112 16 14 10
-0.398639 -0.627993 0.668365 115.448723
5560 16 15 9
-0.364202 -0.637578 0.678860 84.967789
6136 16 15 10
-0.365882 -0.770547 0.521907 99.820602
9016 16 15 15
-0.596336 -0.216470 -0.772997 99.808098
9592 16 15 16
-0.379719 -0.111631 -0.918342 83.013847
8464 16 16 14
-0.718389 -0.658566 -0.224073 101.299095
9040 16 16 15
-0.578750 -0.494153 -0.648738 93.671806
9616 16 16 16
-0.339986 -0.324116 -0.882813 78.667915
8488 16 17 14
-0.609874 -0.789428 -0.069701 87.269630
9064 16 17 15
-0.501685 -0.732223 -0.460610 82.014091
9640 16 17 16
-0.301457 -0.575933 -0.759885 69.387589
8512 16 18 14
-0.520791 -0.853650 -0.007691 68.750961
9088 16 18 15
-0.423914 -0.849296 -0.314632 65.260124
9664 16 18 16
-0.271003 -0.752572 -0.600160 55.408268
10025 17 9 17
-0.340499 0.685179 -0.643887 35.876652
6593 17 10 11
-0.318314 0.896073 0.309400 89.685204
7169 17 10 12
-0.336433 0.941684 -0.006729 93.699104
7745 17 10 13
-0.358160 0.888231 -0.287693 89.985573
9473 17 10 16
-0.446394 0.592266 -0.670786 58.019184
10049 17 10 17
-0.412637 0.467361 -0.781860 45.174084
10625 17 10 18
-0.344508 0.345863 -0.872750 32.155861
6617 17 11 11
-0.435971 0.820385 0.369998 110.880676
7193 17 11 12
-0.478794 0.870943 -0.110518 113.733971
7769 17 11 13
-0.472218 0.730600 -0.493188 107.675667
9497 17 11 16
-0.496343 0.345009 -0.796626 66.902328
10073 17 11 17
-0.443781 0.234697 -0.864856 51.221367
10649 17 11 18
-0.365535 0.143345 -0.919694 35.802570
6641 17 12 11
-0.643669 0.576225 0.503642 123.816063
7217 17 12 12
-0.724071 0.604594 -0.331943 125.241791
7793 17 12 13
-0.551051 0.391105 -0.737143 117.584679
10097 17 12 17
-0.425241 0.090069 -0.900587 54.093121
6089 17 13 10
-0.475063 -0.109923 0.873059 114.962418
6665 17 13 11
-0.730268 -0.309706 0.608926 126.191498
7241 17 13 12
-0.800255 -0.356337 -0.482302 127.092674
5537 17 14 9
-0.368815 -0.384923 0.846055 89.282219
6113 17 14 10
-0.370001 -0.585887 0.720996 107.722275
6689 17 14 11
-0.386331 -0.829177 0.403997 118.229523
5561 17 15 9
-0.332085 -0.625242 0.706252 76.072296
6137 17 15 10
-0.296010 -0.779735 0.551718 91.965469
6713 17 15 11
-0.275868 -0.899391 0.339106 102.193176
6161 17 16 10
-0.296360 -0.837207 0.459625 71.680603
9617 17 16 16
-0.339248 -0.346598 -0.874517 72.122063
9065 17 17 15
-0.457505 -0.813557 -0.358907 72.835617
9641 17 17 16
-0.324981 -0.642069 -0.694359 63.265453
10217 17 17 17
-0.183010 -0.462110 -0.867734 48.798515
9665 17 18 16
-0.302400 -0.810671 -0.501365 49.703377
6594 18 10 11
-0.387471 0.860749 0.330116 80.554764
7170 18 10 12
-0.402994 0.915200 0.002333 84.834549
7746 18 10 13
-0.405905 0.862869 -0.301161 81.183762
10050 18 10 17
-0.542295 0.416060 -0.729939 37.285019
6618 18 11 11
-0.496006 0.776136 0.389347 100.720078
7194 18 11 12
-0.521364 0.850042 -0.074894 104.329903
7770 18 11 13
-0.474437 0.736596 -0.482013 98.548035
10074 18 11 17
-0.523362 0.234974 -0.819072 42.538857
6642 18 12 11
-0.644249 0.569373 0.510644 114.336784
7218 18 12 12
-0.696345 0.684260 -0.216547 117.046936
6090 18 13 10
-0.502829 -0.019876 0.864158 105.375618
6666 18 13 11
-0.723921 -0.078786 0.685370 118.611877
7242 18 13 12
-0.913730 -0.075494 -0.399248 121.130341
5538 18 14 9
-0.384789 -0.323277 0.864540 79.698288
6114 18 14 10
-0.393966 -0.485730 0.780293 99.787865
6690 18 14 11
-0.403876 -0.737330 0.541506 112.501274
7266 18 14 12
-0.371598 -0.924628 -0.083534 116.052307
6138 18 15 10
-0.280122 -0.736873 0.615264 85.137383
6714 18 15 11
-0.221226 -0.885738 0.408078 97.165901
7290 18 15 12
-0.173423 -0.977162 0.122793 102.554245
6162 18 16 10
-0.234355 -0.833913 0.499667 65.165138
6738 18 16 11
-0.186508 -0.913318 0.362028 76.000999
7314 18 16 12
-0.168746 -0.960308 0.222113 82.953522
9642 18 17 16
-0.325771 -0.699523 -0.636035 57.698124
10218 18 17 17
-0.239203 -0.497914 -0.833585 45.195972
9666 18 18 16
-0.313499 -0.850581 -0.422174 44.241020
10242 18 18 17
-0.239975 -0.712538 -0.659318 35.241993
6595 19 10 11
-0.493735 0.799297 0.342565 69.427803
7171 19 10 12
-0.505724 0.862155 0.030541 74.116333
7747 19 10 13
-0.483037 0.829668 -0.279870 71.139038
6619 19 11 11
-0.583150 0.707797 0.398698 88.179565
7195 19 11 12
-0.601984 0.798502 -0.003133 92.971184
7771 19 11 13
-0.529884 0.743164 -0.408571 88.453194
6643 19 12 11
-0.683378 0.531597 0.500400 102.296471
7219 19 12 12
-0.732327 0.679801 -0.039600 107.038635
6091 19 13 10
-0.570270 0.059880 0.819272 93.440941
6667 19 13 11
-0.745981 0.100703 0.658310 108.642746
7243 19 13 12
-0.968579 0.247469 -0.024773 113.767097
6115 19 14 10
-0.482035 -0.354251 0.801342 89.989708
6691 19 14 11
-0.551710 -0.523544 0.649244 105.058044
7267 19 14 12
-0.648474 -0.748346 0.139495 111.218842
7843 19 14 13
-0.462801 -0.487164 -0.740599 108.182655
6139 19 15 10
-0.351373 -0.649074 0.674715 77.478500
6715 19 15 11
-0.317002 -0.804812 0.501784 91.591667
7291 19 15 12
-0.274315 -0.938321 0.210487 98.986488
7867 19 15 13
-0.256147 -0.937820 -0.234270 99.122086
8443 19 15 14
-0.280879 -0.656005 -0.700546 92.707420
6739 19 16 11
-0.216259 -0.885600 0.411028 71.263763
7315 19 16 12
-0.185286 -0.952280 0.242554 79.267609
7891 19 16 13
-0.199828 -0.979383 0.029643 82.390076
8467 19 16 14
-0.275693 -0.922137 -0.271399 80.407784
9043 19 16 15
-0.357892 -0.700883 -0.616989 73.263489
9619 19 16 16
-0.363355 -0.414509 -0.834359 61.445744
10195 19 16 17
-0.318658 -0.220152 -0.921949 46.601608
9643 19 17 16
-0.381963 -0.712474 -0.588630 51.906010
10219 19 17 17
-0.342594 -0.516685 -0.784644 40.554020
10243 19 18 17
-0.335064 -0.722339 -0.604945 30.951405
7172 20 10 12
-0.612135 0.787700 0.069423 61.065784
7748 20 10 13
-0.579632 0.783058 -0.225492 59.274395
7772 20 11 13
-0.626893 0.720013 -0.297634 76.041817
8348 20 11 14
-0.533553 0.634561 -0.559154 66.356842
7796 20 12 13
-0.679550 0.623938 -0.385893 90.319221
8372 20 12 14
-0.514952 0.533196 -0.671213 79.110138
8948 20 12 15
-0.427757 0.441437 -0.788769 63.101421
6668 20 13 11
-0.786577 0.178065 0.591260 94.514992
8396 20 13 14
-0.514270 0.354120 -0.781105 88.308281
6692 20 14 11
-0.704749 -0.304418 0.640827 93.377533
7268 20 14 12
-0.884034 -0.374795 0.279309 101.938484
7844 20 14 13
-0.850501 -0.262335 -0.455883 101.079468
8420 20 14 14
-0.556564 -0.030398 -0.830249 91.590096
8996 20 14 15
-0.415081 0.098716 -0.904413 76.024490
6716 20 15 11
-0.501592 -0.665137 0.553171 82.486496
7292 20 15 12
-0.539296 -0.792050 0.286037 91.652946
7868 20 15 13
-0.570639 -0.805208 -0.161281 93.073265
8444 20 15 14
-0.541413 -0.574584 -0.613780 86.884346
9020 20 15 15
-0.478975 -0.280754 -0.831721 74.624115
9596 20 15 16
-0.431400 -0.085410 -0.898109 58.715862
6740 20 16 11
-0.351236 -0.819231 0.453314 64.355240
7316 20 16 12
-0.349874 -0.897609 0.268116 73.208710
7892 20 16 13
-0.379590 -0.924902 0.021638 76.615929
8468 20 16 14
-0.442043 -0.851156 -0.283075 74.136276
9044 20 16 15
-0.492921 -0.652712 -0.575322 66.238159
9620 20 16 16
-0.490938 -0.417474 -0.764654 54.231907
10196 20 16 17
-0.451307 -0.239788 -0.859549 40.206032
10220 20 17 17
-0.472248 -0.508048 -0.720326 34.217983
8349 21 11 14
-0.637349 0.619837 -0.457808 53.623211
8373 21 12 14
-0.665197 0.525756 -0.530182 66.267967
8949 21 12 15
-0.548534 0.455608 -0.701093 52.594776
7821 21 13 13
-0.906012 0.346230 -0.243449 84.720604
8397 21 13 14
-0.724902 0.344558 -0.596486 75.901993
8973 21 13 15
-0.567475 0.317147 -0.759862 61.110706
6693 21 14 11
-0.803848 -0.163567 0.571904 76.815659
7269 21 14 12
-0.945343 -0.165244 0.281108 86.384590
7845 21 14 13
-0.973130 -0.107142 -0.203810 87.348389
8421 21 14 14
-0.796576 -0.003822 -0.604527 79.642509
8997 21 14 15
-0.622062 0.078167 -0.779056 65.550102
6717 21 15 11
-0.670348 -0.511595 0.537498 68.725777
7293 21 15 12
-0.756113 -0.584980 0.293414 78.390663
7869 21 15 13
-0.809456 -0.581070 -0.084495 80.741203
8445 21 15 14
-0.764259 -0.444797 -0.466974 75.365723
9021 21 15 15
-0.666903 -0.261408 -0.697787 63.832569
9597 21 15 16
-0.584963 -0.114736 -0.802903 49.001419
7317 21 16 12
-0.553564 -0.787503 0.270936 62.609203
7893 21 16 13
-0.597173 -0.801922 0.017477 66.004097
8469 21 16 14
-0.633637 -0.726558 -0.265740 63.397896
9045 21 16 15
-0.642063 -0.571269 -0.511279 55.534790
9621 21 16 16
-0.619134 -0.396490 -0.677841 44.245689
8374 22 12 14
-0.783637 0.474743 -0.400665 50.339359
8398 22 13 14
-0.852698 0.294029 -0.431801 58.835262
8974 22 13 15
-0.719703 0.281227 -0.634775 47.277695
6694 22 14 11
-0.864125 -0.086145 0.495849 57.205418
7270 22 14 12
-0.964996 -0.076641 0.250817 65.995712
7846 22 14 13
-0.994532 -0.045821 -0.093844 67.852753
8422 22 14 14
-0.905885 0.002877 -0.423515 62.218037
8998 22 14 15
-0.770834 0.052077 -0.634904 50.882702
6718 22 15 11
-0.784294 -0.386496 0.485287 51.738876
7294 22 15 12
-0.868397 -0.420576 0.262685 60.333099
7870 22 15 13
-0.911006 -0.410308 -0.041408 62.878342
8446 22 15 14
-0.874575 -0.337504 -0.348153 58.681118
9022 22 15 15
-0.788927 -0.232013 -0.569003 49.093117
7318 22 16 12
-0.712458 -0.655595 0.250197 48.197849
7894 22 16 13
-0.753003 -0.657892 0.012846 51.114014
8470 22 16 14
-0.765918 -0.598100 -0.235894 48.761639
9046 22 16 15
-0.749152 -0.489426 -0.446356 41.925602
