2.000000
48 48 48
37.676087 68.708975 87.818867
-10.323914 20.708975 39.818867
72.520467 2959.820128 700.209863
51945 9 26 22
0.971905 0.235108 -0.011203 52.879959
54249 9 26 23
0.856599 0.265089 -0.442680 49.473633
56553 9 26 24
0.642117 0.250473 -0.724533 40.605259
51993 9 27 22
0.998900 -0.036463 0.029488 54.568665
54297 9 27 23
0.901624 0.019656 -0.432074 51.714615
56601 9 27 24
0.664550 0.069593 -0.743996 43.103127
58905 9 27 25
0.468646 0.095753 -0.878181 31.362837
54345 9 28 23
0.889439 -0.296048 -0.348216 49.771896
56649 9 28 24
0.692000 -0.176713 -0.699935 42.371712
58953 9 28 25
0.494534 -0.078167 -0.865636 31.505081
56697 9 29 24
0.710130 -0.381815 -0.591552 38.555775
59001 9 29 25
0.536625 -0.238910 -0.809293 29.432575
56745 9 30 24
0.728514 -0.506279 -0.461464 32.910233
51946 10 26 22
0.932344 0.314265 -0.178805 65.767281
54250 10 26 23
0.650798 0.279663 -0.705869 60.070816
56554 10 26 24
0.402104 0.217203 -0.889458 48.485748
49690 10 27 21
0.915740 -0.071960 0.395274 65.486900
51994 10 27 22
0.986389 -0.055058 -0.154935 67.503273
54298 10 27 23
0.676211 0.015649 -0.736542 62.167850
56602 10 27 24
0.383241 0.063622 -0.921454 50.757195
58906 10 27 25
0.241948 0.085332 -0.966530 36.437981
52042 10 28 22
0.870456 -0.489096 -0.055597 64.160942
54346 10 28 23
0.690177 -0.365508 -0.624547 60.079865
56650 10 28 24
0.415021 -0.171658 -0.893471 50.038364
58954 10 28 25
0.256837 -0.057663 -0.964733 36.673531
54394 10 29 23
0.680399 -0.606136 -0.411893 54.029175
56698 10 29 24
0.484364 -0.381294 -0.787405 46.324902
59002 10 29 25
0.315864 -0.198055 -0.927903 34.896580
56746 10 30 24
0.573749 -0.516519 -0.635626 40.760277
59050 10 30 25
0.403928 -0.319629 -0.857134 31.628149
54490 10 31 23
0.721308 -0.689244 -0.068247 37.511478
56794 10 31 24
0.643482 -0.595128 -0.481409 34.360931
59098 10 31 25
0.485956 -0.433800 -0.758725 27.319653
49403 11 21 21
0.939778 0.341488 0.014248 73.265373
51707 11 21 22
0.880169 0.378306 -0.286684 71.065201
54011 11 21 23
0.753809 0.339881 -0.562364 63.425022
56315 11 21 24
0.613737 0.275471 -0.739894 50.966049
47147 11 22 20
0.891463 -0.218932 0.396690 71.026947
49451 11 22 21
0.986386 -0.105360 0.126264 75.027702
51755 11 22 22
0.956105 -0.022654 -0.292148 73.901367
54059 11 22 23
0.782437 0.011534 -0.622623 66.487900
56363 11 22 24
0.613444 0.018321 -0.789526 53.649525
54107 11 23 23
0.732383 -0.161481 -0.661468 64.987419
49643 11 26 21
0.815045 0.415910 0.403386 73.958961
51947 11 26 22
0.733660 0.429386 -0.526659 73.814651
54251 11 26 23
0.352778 0.225547 -0.908117 66.229858
56555 11 26 24
0.220487 0.138121 -0.965561 53.056805
47387 11 27 20
0.742689 0.009939 0.669562 69.453857
49691 11 27 21
0.928281 -0.031772 0.370520 76.032135
51995 11 27 22
0.803998 -0.036074 -0.593536 75.602333
54299 11 27 23
0.319020 0.014292 -0.947640 67.885239
56603 11 27 24
0.161923 0.042345 -0.985894 54.606075
47435 11 28 20
0.737934 -0.388856 0.551584 66.446480
49739 11 28 21
0.789470 -0.545238 0.281873 72.670074
52043 11 28 22
0.712961 -0.599753 -0.363294 72.714455
54347 11 28 23
0.372589 -0.333997 -0.865808 66.095032
56651 11 28 24
0.178733 -0.130896 -0.975152 53.999775
56747 11 30 24
0.408985 -0.436520 -0.801362 46.471138
54491 11 31 23
0.695899 -0.688792 -0.203198 45.747585
56795 11 31 24
0.532648 -0.542841 -0.649315 40.900848
59099 11 31 25
0.340544 -0.360797 -0.868249 31.971243
54539 11 32 23
0.726592 -0.678957 -0.105272 37.915531
56843 11 32 24
0.584831 -0.628242 -0.513112 34.379032
59147 11 32 25
0.401562 -0.498975 -0.767966 27.088472
37836 12 20 16
0.752292 0.078039 0.654192 57.441200
40140 12 20 17
0.843669 0.231436 0.484418 65.981384
42444 12 20 18
0.840849 0.448774 0.302613 71.183533
44748 12 20 19
0.746864 0.640001 0.180535 74.231606
47052 12 20 20
0.657957 0.747614 0.090367 76.138016
40188 12 21 17
0.682096 -0.403949 0.609565 64.561676
42492 12 21 18
0.762955 -0.309199 0.567711 72.203011
44796 12 21 19
0.834821 -0.076560 0.545172 78.140793
47100 12 21 20
0.879500 0.226595 0.418491 82.829842
49404 12 21 21
0.895220 0.439558 0.073279 85.336479
51708 12 21 22
0.794879 0.467323 -0.387010 83.484917
54012 12 21 23
0.613718 0.377243 -0.693570 75.426834
56316 12 21 24
0.468252 0.290506 -0.834474 61.439335
58620 12 21 25
0.373649 0.233568 -0.897682 44.329052
40236 12 22 17
0.434494 -0.675721 0.595497 55.547611
42540 12 22 18
0.441118 -0.666737 0.600731 64.986954
44844 12 22 19
0.474534 -0.608734 0.635814 73.510445
47148 12 22 20
0.596765 -0.518885 0.612070 80.846336
49452 12 22 21
0.858962 -0.412887 0.302835 85.512131
51756 12 22 22
0.895699 -0.217746 -0.387698 85.100494
54060 12 22 23
0.652816 -0.075312 -0.753763 77.783295
56364 12 22 24
0.492069 -0.017699 -0.870376 63.969845
58668 12 22 25
0.402679 0.011231 -0.915272 46.622223
47196 12 23 20
0.381279 -0.610171 0.694491 74.024460
49500 12 23 21
0.600937 -0.676490 0.425718 80.197128
51804 12 23 22
0.754027 -0.585663 -0.297393 80.896011
54108 12 23 23
0.600857 -0.334836 -0.725849 74.542999
47340 12 26 20
0.431512 0.509335 0.744564 73.844002
49644 12 26 21
0.553178 0.755885 0.350190 79.054031
51948 12 26 22
0.414517 0.459614 -0.785450 77.616074
47388 12 27 20
0.674897 0.208604 0.707813 78.130363
49692 12 27 21
0.952254 0.251488 0.173106 82.217804
51996 12 27 22
0.431866 0.075852 -0.898743 79.611740
45132 12 28 19
0.700437 -0.233982 0.674270 68.082230
47436 12 28 20
0.756589 -0.387022 0.527055 76.932190
49740 12 28 21
0.804517 -0.590049 0.067783 80.475426
52044 12 28 22
0.524803 -0.489938 -0.696091 77.903030
47484 12 29 20
0.671960 -0.635591 0.380123 69.124107
56844 12 32 24
0.470372 -0.562498 -0.679961 40.456947
59148 12 32 25
0.266865 -0.433360 -0.860803 30.951021
56892 12 33 24
0.469721 -0.660953 -0.585237 33.117836
35533 13 20 15
0.439774 -0.083946 0.894177 54.582401
37837 13 20 16
0.560128 -0.034452 0.827689 66.935799
40141 13 20 17
0.710376 0.153185 0.686950 74.831825
42445 13 20 18
0.713778 0.552511 0.430410 78.864204
44749 13 20 19
0.526236 0.807114 0.267662 81.143707
53965 13 20 23
0.341219 0.715184 -0.609985 73.634224
56269 13 20 24
0.261084 0.577844 -0.773260 59.737564
35581 13 21 15
0.295939 -0.507720 0.809099 49.382904
37885 13 21 16
0.303596 -0.613590 0.728929 61.866989
40189 13 21 17
0.274714 -0.710107 0.648290 71.105759
42493 13 21 18
0.208036 -0.726154 0.655303 77.480232
44797 13 21 19
0.180058 -0.517194 0.836714 82.638611
47101 13 21 20
0.343461 -0.017934 0.938996 87.613396
49405 13 21 21
0.702712 0.548128 0.453598 91.313629
51709 13 21 22
0.647535 0.601134 -0.468333 90.806946
54013 13 21 23
0.432300 0.424488 -0.795567 83.411629
56317 13 21 24
0.313356 0.324235 -0.892569 68.993904
58621 13 21 25
0.248575 0.271501 -0.929783 50.519436
40237 13 22 17
0.073388 -0.829543 0.553600 59.768108
42541 13 22 18
-0.015944 -0.828416 0.559887 68.079842
44845 13 22 19
-0.067316 -0.763731 0.642015 75.944923
47149 13 22 20
-0.007095 -0.687853 0.725816 83.697609
49453 13 22 21
0.277504 -0.714642 0.642089 89.856987
51757 13 22 22
0.770264 -0.545967 -0.329564 91.379814
54061 13 22 23
0.531426 -0.117128 -0.838968 85.531563
56365 13 22 24
0.391361 0.005916 -0.920218 72.058464
58669 13 22 25
0.322837 0.056700 -0.944755 53.822731
45085 13 27 19
0.479735 0.451333 0.752432 76.049843
47389 13 27 20
0.527448 0.579992 0.620812 83.546211
49693 13 27 21
0.720975 0.683698 -0.112924 85.840614
51997 13 27 22
0.467378 0.191092 -0.863158 82.483780
45133 13 28 19
0.711224 -0.114556 0.693569 78.448235
47437 13 28 20
0.844623 -0.245077 0.475972 85.014351
49741 13 28 21
0.897360 -0.375186 -0.232335 86.328560
52045 13 28 22
0.538558 -0.251939 -0.804041 82.168709
45181 13 29 19
0.683995 -0.522986 0.508563 73.112984
47485 13 29 20
0.722438 -0.617571 0.310949 79.561005
59101 13 31 25
0.123738 -0.238623 -0.963197 37.728230
56845 13 32 24
0.292687 -0.496997 -0.816902 45.251099
59149 13 32 25
0.120647 -0.383191 -0.915756 33.440868
35534 14 20 15
0.198422 -0.222457 0.954537 59.479050
37838 14 20 16
0.215860 -0.301930 0.928570 71.357483
40142 14 20 17
0.190554 -0.389731 0.900999 78.045464
42446 14 20 18
0.040064 -0.010486 0.999142 80.977203
44750 14 20 19
0.081924 0.704916 0.704543 83.062935
53966 14 20 23
0.171966 0.718209 -0.674243 78.281464
56270 14 20 24
0.104626 0.579111 -0.808507 63.554199
35582 14 21 15
0.051598 -0.621623 0.781615 52.251858
37886 14 21 16
-0.029755 -0.766786 0.641213 63.784382
40190 14 21 17
-0.169140 -0.862305 0.477306 71.437714
42494 14 21 18
-0.316425 -0.839356 0.441992 76.438255
44798 14 21 19
-0.368944 -0.670751 0.643408 81.298538
54014 14 21 23
0.223411 0.489463 -0.842919 87.805901
56318 14 21 24
0.149625 0.381266 -0.912277 73.455696
58622 14 21 25
0.115372 0.331648 -0.936322 54.339325
40238 14 22 17
-0.212295 -0.870205 0.444606 58.399860
42542 14 22 18
-0.306196 -0.830769 0.464830 65.363937
44846 14 22 19
-0.322751 -0.730290 0.602087 72.955147
54062 14 22 23
0.429777 -0.025948 -0.902562 90.637466
56366 14 22 24
0.277807 0.111757 -0.954114 78.005508
58670 14 22 25
0.219044 0.154774 -0.963361 59.457043
45086 14 27 19
0.328062 0.703921 0.629977 81.154755
47390 14 27 20
0.375136 0.801208 0.466196 87.225845
49694 14 27 21
0.649963 0.759891 -0.010701 89.320717
42830 14 28 18
0.614324 0.116955 0.780338 77.352470
45134 14 28 19
0.695295 0.138561 0.705242 86.544640
47438 14 28 20
0.901178 0.131183 0.413121 91.434647
49742 14 28 21
0.943814 0.010826 -0.330300 91.818588
42878 14 29 18
0.636690 -0.415063 0.649884 74.541016
45182 14 29 19
0.695743 -0.493351 0.522060 83.707085
47486 14 29 20
0.789573 -0.551486 0.269143 88.773407
56798 14 31 24
0.107566 -0.333828 -0.936476 53.657902
59102 14 31 25
-0.000284 -0.254123 -0.967172 38.680515
54542 14 32 23
0.261222 -0.634088 -0.727802 59.035381
56846 14 32 24
0.054529 -0.465428 -0.883405 47.681435
54590 14 33 23
0.185131 -0.744733 -0.641170 50.204628
52334 14 34 22
0.294637 -0.934050 -0.201840 45.020870
54638 14 34 23
0.131526 -0.815543 -0.563551 39.999767
52382 14 35 22
0.204674 -0.960853 -0.186733 33.625343
46959 15 18 20
0.537984 0.840156 -0.068630 71.373451
49263 15 18 21
0.442942 0.857824 -0.260656 68.831047
51567 15 18 22
0.292891 0.827627 -0.478798 62.131725
37791 15 19 16
0.306683 0.429438 0.849428 73.081612
49311 15 19 21
0.365803 0.915472 -0.167626 81.729286
51615 15 19 22
0.196357 0.853258 -0.483110 76.993172
35535 15 20 15
0.025490 -0.385869 0.922201 60.980591
37839 15 20 16
-0.046645 -0.597522 0.800495 71.982803
40143 15 20 17
-0.191784 -0.833806 0.517674 77.615952
51663 15 20 22
0.081804 0.877188 -0.473127 88.644089
53967 15 20 23
-0.010875 0.678119 -0.734871 79.705727
37887 15 21 16
-0.188096 -0.841892 0.505804 61.822300
54015 15 21 23
-0.019421 0.544191 -0.838736 89.110901
56319 15 21 24
-0.035865 0.437375 -0.898564 74.584290
54063 15 22 23
0.185060 0.245883 -0.951470 93.478157
56367 15 22 24
0.077372 0.266037 -0.960853 81.166344
54111 15 23 23
0.647314 -0.175799 -0.741674 93.694618
56415 15 23 24
0.285152 0.068948 -0.955999 83.849777
58719 15 23 25
0.179960 0.132929 -0.974651 66.549332
56463 15 24 24
0.476374 -0.089658 -0.874660 83.623711
58767 15 24 25
0.303985 -0.008464 -0.952639 67.772446
56511 15 25 24
0.544656 -0.183725 -0.818288 81.556702
58815 15 25 25
0.363500 -0.138074 -0.921305 66.339607
56559 15 26 24
0.493657 -0.239900 -0.835913 78.270409
58863 15 26 25
0.343208 -0.236680 -0.908951 62.696125
56607 15 27 24
0.373152 -0.268719 -0.888002 74.099945
58911 15 27 25
0.265487 -0.286978 -0.920413 57.599968
40527 15 28 17
0.536620 0.234090 0.810704 73.930489
42831 15 28 18
0.530153 0.342168 0.775796 84.932152
45135 15 28 19
0.574070 0.457862 0.678826 92.505676
56655 15 28 24
0.235924 -0.273847 -0.932388 69.416702
40575 15 29 17
0.561442 -0.345113 0.752117 72.707520
42879 15 29 18
0.592483 -0.400632 0.698898 84.119240
45183 15 29 19
0.674196 -0.451532 0.584448 92.066200
54399 15 29 23
0.232169 -0.305168 -0.923564 80.064873
56703 15 29 24
0.106939 -0.275956 -0.955203 64.546761
42927 15 30 18
0.488607 -0.664827 0.565039 74.744919
45231 15 30 19
0.530275 -0.699552 0.478993 83.877136
54447 15 30 23
0.108739 -0.397452 -0.911157 74.898979
56751 15 30 24
-0.011321 -0.303546 -0.952749 59.427696
52191 15 31 22
0.213531 -0.762808 -0.610351 78.148964
54495 15 31 23
-0.013686 -0.508456 -0.860979 68.202087
56799 15 31 24
-0.114140 -0.369480 -0.922202 53.578186
47631 15 32 20
0.366063 -0.809002 0.459906 66.862602
49935 15 32 21
0.281510 -0.955075 0.092647 71.036133
52239 15 32 22
0.051240 -0.870506 -0.489483 68.699165
54543 15 32 23
-0.120100 -0.615844 -0.778661 59.858383
47679 15 33 20
0.230226 -0.832026 0.504707 54.682220
49983 15 33 21
0.105500 -0.984660 0.138975 59.363701
52287 15 33 22
-0.079233 -0.918198 -0.388117 57.764942
54591 15 33 23
-0.187697 -0.701225 -0.687789 50.040314
47727 15 34 20
0.100184 -0.865600 0.490612 42.710072
50031 15 34 21
-0.023583 -0.990497 0.135494 47.058041
52335 15 34 22
-0.150034 -0.937314 -0.314535 45.846401
47775 15 35 20
0.006268 -0.899689 0.436486 31.208595
50079 15 35 21
-0.091172 -0.989334 0.113608 34.711830
52383 15 35 22
-0.172632 -0.950044 -0.260028 33.764439
52431 15 36 22
-0.168128 -0.961695 -0.216510 22.644180
46912 16 17 20
0.473755 0.867118 -0.153825 66.321152
49216 16 17 21
0.364940 0.837775 -0.406143 61.538601
46960 16 18 20
0.511653 0.849713 -0.127277 78.625000
49264 16 18 21
0.327381 0.843223 -0.426376 75.029648
51568 16 18 22
0.136858 0.754839 -0.641473 66.228722
37792 16 19 16
0.269296 0.095489 0.958312 75.539803
40096 16 19 17
0.613563 0.119134 0.780607 80.763237
47008 16 19 20
0.575453 0.794829 0.192614 85.802315
49312 16 19 21
0.236546 0.902355 -0.360279 85.037315
51616 16 19 22
0.007166 0.755478 -0.655135 78.675667
37840 16 20 16
-0.063547 -0.769921 0.634967 71.204124
40144 16 20 17
-0.102843 -0.936048 0.336508 76.323189
51664 16 20 22
-0.165281 0.763803 -0.623928 88.256836
53968 16 20 23
-0.194885 0.596302 -0.778745 77.851379
51712 16 21 22
-0.390560 0.806495 -0.443879 94.200096
54016 16 21 23
-0.254225 0.535138 -0.805604 87.178680
51760 16 22 22
-0.227494 0.436939 0.870247 96.597397
54064 16 22 23
-0.219506 0.447049 -0.867159 93.239410
56368 16 22 24
-0.187025 0.368599 -0.910580 80.164558
54112 16 23 23
0.053381 0.281067 -0.958202 96.226585
56416 16 23 24
-0.085661 0.238678 -0.967313 85.468605
58720 16 23 25
-0.104868 0.233812 -0.966610 67.385849
54160 16 24 23
0.524052 -0.020804 -0.851432 96.953865
56464 16 24 24
0.051844 0.048013 -0.997500 87.663788
58768 16 24 25
-0.032275 0.073577 -0.996767 70.578484
61072 16 24 26
-0.054219 0.088204 -0.994626 50.356224
54208 16 25 23
0.618000 -0.208987 -0.757892 96.219330
56512 16 25 24
0.136621 -0.158269 -0.977899 86.871010
58816 16 25 25
0.016372 -0.113652 -0.993386 70.197929
61120 16 25 26
-0.023465 -0.083375 -0.996242 50.423107
54256 16 26 23
0.447677 -0.289924 -0.845890 94.368675
56560 16 26 24
0.123914 -0.299345 -0.946064 83.420433
58864 16 26 25
0.020355 -0.267121 -0.963448 66.419464
61168 16 26 26
-0.018931 -0.236345 -0.971485 47.211575
54304 16 27 23
0.225392 -0.326141 -0.918058 91.351997
56608 16 27 24
0.052957 -0.357780 -0.932303 77.955490
58912 16 27 25
-0.014369 -0.347793 -0.937461 60.204651
61216 16 27 26
-0.040994 -0.330560 -0.942894 41.667877
40528 16 28 17
0.464768 0.401281 0.789281 81.177376
42832 16 28 18
0.394895 0.565120 0.724359 90.139496
45136 16 28 19
0.385300 0.666609 0.638104 96.581642
54352 16 28 23
0.053255 -0.352880 -0.934152 87.020782
56656 16 28 24
-0.036647 -0.364946 -0.930307 71.353325
58960 16 28 25
-0.074367 -0.363449 -0.928641 52.983501
40576 16 29 17
0.504399 -0.359052 0.785279 81.198776
42880 16 29 18
0.512425 -0.388578 0.765785 90.995567
45184 16 29 19
0.574627 -0.434617 0.693479 97.751244
54400 16 29 23
-0.077364 -0.391803 -0.916791 81.282265
56704 16 29 24
-0.130952 -0.359607 -0.923869 64.339340
40624 16 30 17
0.398846 -0.675874 0.619771 71.729034
42928 16 30 18
0.383855 -0.725139 0.571689 82.512993
52144 16 30 22
-0.097220 -0.620174 -0.778417 87.100060
54448 16 30 23
-0.191639 -0.448804 -0.872840 74.076759
56752 16 30 24
-0.224771 -0.370477 -0.901235 57.141891
49888 16 31 21
-0.037727 -0.968910 -0.244522 83.986969
52192 16 31 22
-0.227281 -0.721370 -0.654193 77.686859
54496 16 31 23
-0.294525 -0.515951 -0.804394 65.410080
47632 16 32 20
0.044308 -0.952126 0.302478 69.910851
49936 16 32 21
-0.180356 -0.975099 -0.129052 71.397377
52240 16 32 22
-0.335243 -0.777003 -0.532803 66.320824
47680 16 33 20
-0.085173 -0.939892 0.330679 55.615181
49984 16 33 21
-0.290972 -0.955060 -0.056524 57.791821
47728 16 34 20
-0.187635 -0.926001 0.327590 41.931847
50032 16 34 21
-0.355201 -0.934662 -0.015495 44.236362
50080 16 35 21
-0.374979 -0.927008 0.006810 31.593113
44609 17 17 19
0.300991 0.953216 0.027990 73.468140
46913 17 17 20
0.235198 0.938863 -0.251431 72.036972
49217 17 17 21
0.119446 0.829520 -0.545554 65.821869
37745 17 18 16
0.301174 0.685374 0.662991 74.079697
40049 17 18 17
0.408204 0.820977 0.399207 80.138557
46961 17 18 20
0.257196 0.918218 -0.301206 82.821129
49265 17 18 21
0.040605 0.779402 -0.625207 77.665474
51569 17 18 22
-0.080011 0.639595 -0.764536 66.754059
37793 17 19 16
0.265365 -0.203782 0.942367 77.760544
40097 17 19 17
0.514980 -0.506738 0.691385 83.086166
47009 17 19 20
0.392934 0.919340 0.020409 87.893280
49313 17 19 21
-0.118840 0.755551 -0.644220 85.625481
51617 17 19 22
-0.210064 0.598863 -0.772811 77.090279
37841 17 20 16
0.023988 -0.840573 0.541168 70.928711
40145 17 20 17
0.039956 -0.956601 0.288650 76.024635
49361 17 20 21
-0.527619 0.815545 -0.237708 89.858658
51665 17 20 22
-0.362530 0.582901 -0.727186 85.211189
51713 17 21 22
-0.534046 0.603663 -0.591934 91.093674
51761 17 22 22
-0.704712 0.687306 -0.176044 94.904747
54065 17 22 23
-0.452941 0.435138 -0.778139 88.957108
54113 17 23 23
-0.473123 0.354944 -0.806331 93.896217
56417 17 23 24
-0.399010 0.278205 -0.873724 80.921837
58721 17 23 25
-0.362893 0.260296 -0.894737 62.131474
54161 17 24 23
-0.448500 0.168487 -0.877759 96.470917
56465 17 24 24
-0.390148 0.112747 -0.913823 84.603737
58769 17 24 25
-0.360196 0.108806 -0.926509 66.291946
61073 17 24 26
-0.329136 0.111116 -0.937722 46.305534
54209 17 25 23
-0.365814 -0.107718 -0.924433 96.714378
56513 17 25 24
-0.360269 -0.097616 -0.927727 84.748062
58817 17 25 25
-0.345191 -0.078906 -0.935210 66.635788
61121 17 25 26
-0.320440 -0.062480 -0.945206 46.828430
54257 17 26 23
-0.296790 -0.287445 -0.910654 94.737106
56561 17 26 24
-0.323520 -0.267638 -0.907582 81.430580
58865 17 26 25
-0.321949 -0.244099 -0.914748 63.127487
61169 17 26 26
-0.305244 -0.222636 -0.925883 43.898731
52001 17 27 22
-0.189719 -0.232726 -0.953858 99.605629
54305 17 27 23
-0.280265 -0.355747 -0.891569 90.707306
56609 17 27 24
-0.303723 -0.354809 -0.884230 75.373703
58913 17 27 25
-0.305484 -0.343238 -0.888182 56.718140
38225 17 28 16
0.485165 0.362460 0.795762 76.798615
40529 17 28 17
0.380205 0.574617 0.724748 86.331612
42833 17 28 18
0.262201 0.715236 0.647833 93.421036
52049 17 28 22
-0.264185 -0.369622 -0.890834 97.158470
54353 17 28 23
-0.297224 -0.387125 -0.872807 84.826561
56657 17 28 24
-0.309707 -0.383589 -0.870024 67.667839
38273 17 29 16
0.475428 -0.355334 0.804802 76.545990
40577 17 29 17
0.448091 -0.376518 0.810832 87.370972
42881 17 29 18
0.410026 -0.382695 0.827903 95.362671
45185 17 29 19
0.367507 -0.502477 0.782595 100.816521
49793 17 29 21
-0.248627 -0.652356 -0.715972 100.495644
52097 17 29 22
-0.313734 -0.483067 -0.817446 91.782677
54401 17 29 23
-0.334675 -0.419605 -0.843756 77.272308
40625 17 30 17
0.338350 -0.726274 0.598368 78.479843
49841 17 30 21
-0.280333 -0.800156 -0.530249 92.929100
52145 17 30 22
-0.364826 -0.579451 -0.728792 83.190933
54449 17 30 23
-0.385457 -0.462746 -0.798304 68.212875
47585 17 31 20
-0.100422 -0.994854 0.013461 84.041588
49889 17 31 21
-0.324129 -0.859536 -0.395143 81.077553
52193 17 31 22
-0.419995 -0.651404 -0.631884 71.884285
47633 17 32 20
-0.167154 -0.984015 0.061426 68.704453
49937 17 32 21
-0.379293 -0.877735 -0.292775 66.726089
46866 18 16 20
-0.063010 0.968938 -0.239141 58.094322
49170 18 16 21
-0.094623 0.853649 -0.512182 51.564178
44610 18 17 19
-0.015277 0.998975 -0.042616 75.436226
46914 18 17 20
-0.104654 0.931463 -0.348459 72.913673
49218 18 17 21
-0.156008 0.765581 -0.624137 65.430244
51522 18 17 22
-0.174657 0.615995 -0.768144 52.922493
37746 18 18 16
0.222362 0.673937 0.704531 77.384743
40050 18 18 17
0.264598 0.871402 0.413094 83.261612
46962 18 18 20
-0.172958 0.855008 -0.488924 83.096176
49266 18 18 21
-0.238457 0.653197 -0.718660 76.181168
51570 18 18 22
-0.250269 0.527892 -0.811600 63.600048
35490 18 19 15
0.149407 -0.153822 0.976738 68.775490
37794 18 19 16
0.264749 -0.334173 0.904564 80.075523
40098 18 19 17
0.451838 -0.662364 0.597592 85.368340
49314 18 19 21
-0.348000 0.552694 -0.757248 83.317894
51618 18 19 22
-0.332639 0.471989 -0.816442 72.493164
37842 18 20 16
0.117126 -0.852656 0.509174 71.954147
40146 18 20 17
0.160532 -0.944102 0.287926 77.301758
49362 18 20 21
-0.533144 0.530389 -0.659125 87.452614
51666 18 20 22
-0.419695 0.456075 -0.784762 79.843781
49410 18 21 21
-0.753135 0.566304 0.334796 89.570732
51714 18 21 22
-0.515411 0.470612 -0.716153 85.901459
49458 18 22 21
-0.100179 0.149809 0.983627 90.597824
51762 18 22 22
-0.628929 0.495937 -0.598744 90.703667
51810 18 23 22
-0.758592 0.490935 -0.428395 94.225441
54114 18 23 23
-0.577785 0.281184 -0.766225 86.552040
51858 18 24 22
-0.864674 0.380789 -0.327624 96.536079
54162 18 24 23
-0.617744 0.134020 -0.774875 89.843018
51906 18 25 22
-0.853839 0.134521 -0.502854 97.732330
54210 18 25 23
-0.609496 -0.050495 -0.791179 90.462593
51954 18 26 22
-0.681522 -0.105924 -0.724092 97.719910
54258 18 26 23
-0.557506 -0.205015 -0.804460 88.374863
52002 18 27 22
-0.543957 -0.250374 -0.800889 96.056793
35922 18 28 15
0.526993 0.252349 0.811541 72.549423
38226 18 28 16
0.456731 0.496425 0.738213 82.781944
40530 18 28 17
0.301461 0.723133 0.621450 89.880302
49746 18 28 21
-0.563605 -0.267190 -0.781639 100.842041
52050 18 28 22
-0.479068 -0.357003 -0.801899 92.036667
35970 18 29 15
0.469310 -0.368299 0.802561 71.233322
38274 18 29 16
0.454808 -0.392574 0.799397 83.067551
40578 18 29 17
0.415859 -0.379835 0.826309 91.734222
42882 18 29 18
0.328455 -0.383982 0.862946 97.941765
47490 18 29 20
-0.428915 -0.795742 -0.427583 102.018959
49794 18 29 21
-0.454525 -0.545730 -0.703978 96.683281
52098 18 29 22
-0.455904 -0.452861 -0.766204 85.042526
38322 18 30 16
0.353891 -0.701266 0.618859 73.772041
47538 18 30 20
-0.266898 -0.910940 -0.314568 94.465408
49842 18 30 21
-0.410894 -0.685080 -0.601525 87.647461
52146 18 30 22
-0.455632 -0.538140 -0.709087 74.999573
47586 18 31 20
-0.226714 -0.944403 -0.238126 81.371765
49890 18 31 21
-0.398170 -0.763633 -0.508257 74.579300
46867 19 16 20
-0.243082 0.931078 -0.272038 55.255623
49171 19 16 21
-0.252698 0.811142 -0.527439 48.344131
44611 19 17 19
-0.203392 0.969958 -0.133468 73.657936
46915 19 17 20
-0.278695 0.872743 -0.400810 69.872894
49219 19 17 21
-0.290096 0.707612 -0.644306 61.451473
51523 19 17 22
-0.271311 0.562169 -0.781253 48.573395
37747 19 18 16
0.137940 0.717199 0.683080 79.541077
40051 19 18 17
0.117686 0.943115 0.310940 84.835678
46963 19 18 20
-0.297525 0.771140 -0.562869 80.523949
49267 19 18 21
-0.314092 0.588587 -0.744924 71.926918
51571 19 18 22
-0.301487 0.469364 -0.829941 58.211006
35491 19 19 15
0.151123 -0.163418 0.974913 71.021645
37795 19 19 16
0.277318 -0.322553 0.905016 82.497910
40099 19 19 17
0.534968 -0.598188 0.596641 87.662987
37843 19 20 16
0.197122 -0.830463 0.521032 74.341759
40147 19 20 17
0.273723 -0.909052 0.314165 80.113602
49363 19 20 21
-0.337437 0.459992 -0.821306 84.361305
51667 19 20 22
-0.365100 0.392032 -0.844401 73.516701
49411 19 21 21
-0.391839 0.557410 -0.731953 87.615898
51715 19 21 22
-0.417559 0.384213 -0.823422 79.688972
49459 19 22 21
-0.478735 0.874863 0.073676 89.787804
51763 19 22 22
-0.494750 0.360350 -0.790804 84.818192
49507 19 23 21
-0.172891 0.483285 0.858221 91.416870
51811 19 23 22
-0.588694 0.291087 -0.754127 88.659393
49555 19 24 21
-0.161383 0.424467 0.890945 93.003326
51859 19 24 22
-0.660206 0.163747 -0.733018 91.052818
49603 19 25 21
-0.413605 0.579249 0.702425 94.836540
51907 19 25 22
-0.665406 0.008591 -0.746432 91.931473
49651 19 26 21
-0.849245 0.476407 -0.227638 96.656639
51955 19 26 22
-0.615037 -0.129290 -0.777826 91.166794
38179 19 27 16
0.231532 0.927569 0.293273 76.569000
49699 19 27 21
-0.676546 -0.034162 -0.735607 97.445282
52003 19 27 22
-0.554356 -0.240244 -0.796852 88.428490
33619 19 28 14
0.529323 0.113445 0.840802 67.986267
35923 19 28 15
0.520092 0.328194 0.788539 79.665787
38227 19 28 16
0.404812 0.651929 0.641183 87.280418
49747 19 28 21
-0.545263 -0.309390 -0.779081 95.659782
52051 19 28 22
-0.508684 -0.336461 -0.792486 83.234398
35971 19 29 15
0.440711 -0.424296 0.791042 78.425392
38275 19 29 16
0.434982 -0.416553 0.798295 88.158623
40579 19 29 17
0.402016 -0.349690 0.846227 94.886757
47491 19 29 20
-0.472245 -0.610689 -0.635644 98.752502
49795 19 29 21
-0.472728 -0.484477 -0.736077 89.946754
52099 19 29 22
-0.480263 -0.425141 -0.767205 75.246857
38323 19 30 16
0.337710 -0.719202 0.607207 79.810036
47539 19 30 20
-0.335581 -0.779738 -0.528577 90.454819
49843 19 30 21
-0.424987 -0.605105 -0.673227 79.939629
47587 19 31 20
-0.262535 -0.850858 -0.455101 77.193054
46916 20 17 20
-0.218625 0.873645 -0.434681 65.808571
49220 20 17 21
-0.235098 0.710690 -0.663060 56.732216
51524 20 17 22
-0.229337 0.555825 -0.799039 43.826389
37748 20 18 16
0.077366 0.779584 0.621501 80.839417
40052 20 18 17
0.071219 0.976941 0.201280 85.644623
35492 20 19 15
0.144358 -0.113986 0.982939 73.288170
37796 20 19 16
0.294163 -0.193242 0.936016 85.057480
40100 20 19 17
0.725053 -0.231842 0.648497 90.279930
37844 20 20 16
0.261695 -0.780793 0.567344 77.885849
40148 20 20 17
0.385732 -0.845669 0.368855 84.291771
49364 20 20 21
-0.112683 0.422538 -0.899313 82.121559
47108 20 21 20
0.961716 -0.131227 0.240587 89.639305
49412 20 21 21
-0.090473 0.384025 -0.918879 86.232491
51716 20 21 22
-0.275537 0.309822 -0.909994 74.076241
47156 20 22 20
0.606457 -0.173590 0.775936 88.719643
49460 20 22 21
-0.120021 0.382507 -0.916124 88.893028
51764 20 22 22
-0.339967 0.255805 -0.904979 78.854996
49508 20 23 21
-0.274547 0.417335 -0.866289 90.598778
51812 20 23 22
-0.415621 0.174508 -0.892640 82.225502
49556 20 24 21
-0.531226 0.373475 -0.760470 91.810593
51860 20 24 22
-0.477672 0.068789 -0.875841 84.041664
49604 20 25 21
-0.607528 0.184991 -0.772456 92.755531
51908 20 25 22
-0.506325 -0.044314 -0.861203 84.214348
49652 20 26 21
-0.563009 -0.013069 -0.826347 93.169525
51956 20 26 22
-0.504272 -0.149138 -0.850569 82.598953
33572 20 27 14
0.424828 0.701750 0.571898 69.170601
35876 20 27 15
0.283770 0.902680 0.323485 75.967476
38180 20 27 16
0.161266 0.965061 0.206519 79.621307
49700 20 27 21
-0.512839 -0.183336 -0.838680 92.200600
52004 20 27 22
-0.488064 -0.242563 -0.838425 78.930229
33620 20 28 14
0.494195 0.117547 0.861367 75.716927
35924 20 28 15
0.456880 0.446898 0.769118 84.938728
38228 20 28 16
0.279048 0.802528 0.527335 90.288887
47444 20 28 20
-0.558030 -0.207604 -0.803432 97.835838
49748 20 28 21
-0.473729 -0.329001 -0.816908 88.672821
52052 20 28 22
-0.470131 -0.327916 -0.819419 72.917198
33668 20 29 14
0.368991 -0.470403 0.801603 72.370407
35972 20 29 15
0.357394 -0.490699 0.794660 83.860413
38276 20 29 16
0.346863 -0.431310 0.832861 91.728806
47492 20 29 20
-0.435300 -0.520949 -0.734253 93.966873
49796 20 29 21
-0.439794 -0.449957 -0.777252 81.691391
45236 20 30 19
-0.232562 -0.869075 -0.436606 93.104500
47540 20 30 20
-0.355077 -0.661948 -0.660110 85.052628
49844 20 30 21
-0.406613 -0.545447 -0.732907 71.245071
45284 20 31 19
-0.137871 -0.910721 -0.389331 81.090408
47588 20 31 20
-0.290554 -0.740280 -0.606271 72.091011
43028 20 32 18
0.146663 -0.989072 -0.015053 69.305748
45332 20 32 19
-0.068700 -0.926197 -0.370729 65.961571
43076 20 33 18
0.182103 -0.981299 -0.062381 53.665218
45380 20 33 19
-0.014007 -0.932057 -0.362041 50.037045
37749 21 18 16
0.025851 0.823086 0.567328 81.532585
40053 21 18 17
0.072837 0.981678 0.176078 86.456718
35493 21 19 15
0.111143 -0.019065 0.993622 75.316093
37797 21 19 16
0.259607 0.019079 0.965526 87.605141
40101 21 19 17
0.691495 0.297928 0.658083 93.338135
47013 21 19 20
0.233558 0.635781 -0.735686 86.802505
49317 21 19 21
0.049964 0.479186 -0.876290 75.311691
37845 21 20 16
0.292616 -0.706108 0.644816 82.138252
40149 21 20 17
0.463550 -0.756945 0.460603 89.411613
47061 21 20 20
0.476165 0.397294 -0.784490 91.925148
49365 21 20 21
0.069342 0.363197 -0.929128 81.954948
47109 21 21 20
0.861127 0.034748 -0.507200 93.434822
49413 21 21 21
0.065797 0.263798 -0.962331 86.239250
47157 21 22 20
0.929215 -0.235023 0.285174 92.838020
49461 21 22 21
0.031657 0.176190 -0.983847 88.687073
47205 21 23 20
0.688075 -0.137298 0.712532 91.802689
49509 21 23 21
-0.045082 0.097259 -0.994238 89.898491
51813 21 23 22
-0.248958 0.093213 -0.964018 76.754761
47253 21 24 20
0.548593 0.074808 0.832736 91.591652
49557 21 24 21
-0.161023 0.022773 -0.986688 90.357361
51861 21 24 22
-0.304443 0.005782 -0.952513 77.663475
47301 21 25 20
0.470075 0.376757 0.798175 92.649437
49605 21 25 21
-0.270686 -0.059261 -0.960842 90.214111
51909 21 25 22
-0.345738 -0.087016 -0.934288 76.916405
47349 21 26 20
0.133616 0.990977 0.010533 94.403221
49653 21 26 21
-0.339881 -0.155059 -0.927598 89.145340
51957 21 26 22
-0.373031 -0.177326 -0.910716 74.338684
33573 21 27 14
0.303687 0.822250 0.481330 74.648438
35877 21 27 15
0.135515 0.969646 0.203524 79.016663
47397 21 27 20
-0.416013 -0.008772 -0.909316 95.375664
49701 21 27 21
-0.375878 -0.257211 -0.890258 86.412682
31317 21 28 13
0.397759 -0.073353 0.914553 69.382843
33621 21 28 14
0.364855 0.114610 0.923983 80.913918
35925 21 28 15
0.208568 0.612881 0.762152 87.733360
38229 21 28 16
0.032408 0.888997 0.456765 91.533752
47445 21 28 20
-0.418335 -0.335107 -0.844215 93.727516
49749 21 28 21
-0.391817 -0.354934 -0.848823 81.187057
33669 21 29 14
0.208519 -0.573894 0.791938 77.061195
35973 21 29 15
0.128316 -0.576464 0.806985 86.718094
38277 21 29 16
0.026860 -0.458470 0.888304 93.202744
45189 21 29 19
-0.445875 -0.587634 -0.675191 96.898163
47493 21 29 20
-0.397782 -0.492607 -0.774021 88.120674
45237 21 30 19
-0.349476 -0.733777 -0.582613 89.488663
47541 21 30 20
-0.371221 -0.587874 -0.718748 78.423752
42981 21 31 18
-0.180612 -0.966890 -0.180288 83.421509
45285 21 31 19
-0.290458 -0.791839 -0.537238 77.641296
40725 21 32 17
0.020167 -0.965913 0.258081 69.273605
43029 21 32 18
-0.127167 -0.970922 -0.202826 69.638046
45333 21 32 19
-0.237552 -0.823778 -0.514742 63.331654
38469 21 33 16
0.128196 -0.843374 0.521811 49.604950
40773 21 33 17
0.045762 -0.981969 0.183418 55.070190
43077 21 33 18
-0.079625 -0.971161 -0.224737 54.657776
45381 21 33 19
-0.183862 -0.847820 -0.497390 48.455769
38517 21 34 16
0.133160 -0.888900 0.438320 37.048683
40821 21 34 17
0.062312 -0.992082 0.109044 40.921494
43125 21 34 18
-0.038708 -0.971174 -0.235206 39.924717
45429 21 34 19
-0.132197 -0.870837 -0.473462 34.469967
37750 22 18 16
-0.043940 0.835851 0.547195 81.416321
40054 22 18 17
0.046388 0.971441 0.232702 87.302078
46966 22 18 20
0.280865 0.776793 -0.563655 80.303131
49270 22 18 21
0.214667 0.579336 -0.786313 68.240112
35494 22 19 15
0.034485 0.104153 0.993963 76.532722
37798 22 19 16
0.131260 0.241641 0.961447 89.538925
40102 22 19 17
0.422527 0.601878 0.677653 96.289177
42406 22 19 18
0.597408 0.800057 0.054891 98.412125
47014 22 19 20
0.358956 0.599074 -0.715724 90.624573
49318 22 19 21
0.201919 0.427360 -0.881245 77.665024
37846 22 20 16
0.262713 -0.604850 0.751757 86.268806
40150 22 20 17
0.457799 -0.653991 0.602259 94.543861
47062 22 20 20
0.474234 0.344144 -0.810350 96.247314
49366 22 20 21
0.173785 0.287465 -0.941893 84.043404
47110 22 21 20
0.658006 0.016612 -0.752830 97.871643
49414 22 21 21
0.138413 0.170788 -0.975537 87.765770
47158 22 22 20
0.878031 -0.299125 -0.373613 97.077446
49462 22 22 21
0.099980 0.077718 -0.991950 89.532791
47206 22 23 20
0.924372 -0.333000 0.186139 95.611412
49510 22 23 21
0.053898 0.002464 -0.998543 90.028854
47254 22 24 20
0.897726 -0.133969 0.419691 94.698906
49558 22 24 21
-0.011445 -0.068077 -0.997614 89.659119
47302 22 25 20
0.996076 0.086682 -0.017859 94.621338
49606 22 25 21
-0.097167 -0.147561 -0.984268 88.397820
47350 22 26 20
0.096976 -0.106145 -0.989611 94.654610
49654 22 26 21
-0.184573 -0.235387 -0.954215 85.806938
31270 22 27 13
0.268433 0.634285 0.725001 70.675743
33574 22 27 14
0.067152 0.932038 0.356084 77.097855
35878 22 27 15
-0.070856 0.990029 0.121747 79.501862
47398 22 27 20
-0.236700 -0.303034 -0.923116 93.374344
49702 22 27 21
-0.256326 -0.321207 -0.911659 81.245697
31318 22 28 13
0.202618 -0.180084 0.962557 73.672256
33622 22 28 14
-0.038857 0.059235 0.997487 82.617378
35926 22 28 15
-0.368373 0.640839 0.673518 87.451431
47446 22 28 20
-0.325314 -0.427695 -0.843355 89.288803
49750 22 28 21
-0.308567 -0.397075 -0.864360 74.229454
33670 22 29 14
-0.075182 -0.679462 0.729849 78.135178
35974 22 29 15
-0.274962 -0.625605 0.730079 86.123932
45190 22 29 19
-0.438563 -0.597637 -0.671187 92.637276
47494 22 29 20
-0.362964 -0.513033 -0.777852 81.602608
42934 22 30 18
-0.483471 -0.828130 -0.283650 90.202797
45238 22 30 19
-0.422712 -0.673382 -0.606524 83.624763
42982 22 31 18
-0.439403 -0.850722 -0.288439 78.906364
45286 22 31 19
-0.416006 -0.708020 -0.570655 71.168228
38422 22 32 16
-0.247758 -0.827045 0.504591 61.618172
40726 22 32 17
-0.366324 -0.921205 0.131102 66.698334
43030 22 32 18
-0.415831 -0.859589 -0.296970 65.203629
45334 22 32 19
-0.404031 -0.729602 -0.551761 57.251080
38470 22 33 16
-0.246118 -0.854048 0.458289 48.775986
40774 22 33 17
-0.342489 -0.936339 0.077274 52.862480
43078 22 33 18
-0.381715 -0.872599 -0.304738 50.908047
38518 22 34 16
-0.227922 -0.895082 0.383249 36.449078
40822 22 34 17
-0.298153 -0.954110 0.027904 39.284595
43126 22 34 18
-0.330910 -0.893912 -0.302358 37.187084
45430 22 34 19
-0.336112 -0.787905 -0.515979 30.948872
40870 22 35 17
-0.243361 -0.969905 -0.007773 26.823139
46919 23 17 20
0.360920 0.862023 -0.355884 71.467316
49223 23 17 21
0.352328 0.679840 -0.643181 61.613960
37751 23 18 16
-0.132366 0.820714 0.555795 79.925621
40055 23 18 17
-0.029172 0.940620 0.338206 87.480003
46967 23 18 20
0.382089 0.756184 -0.531219 85.873581
49271 23 18 21
0.327493 0.525703 -0.785102 73.670471
35495 23 19 15
-0.077069 0.233388 0.969325 76.198906
37799 23 19 16
-0.051151 0.407761 0.911655 89.962799
40103 23 19 17
0.099956 0.701484 0.705641 98.057732
47015 23 19 20
0.392625 0.562439 -0.727672 95.763847
49319 23 19 21
0.268420 0.354837 -0.895568 82.264153
35543 23 20 15
0.072698 -0.339039 0.937959 75.070107
37847 23 20 16
0.153722 -0.460548 0.874223 89.217926
40151 23 20 17
0.319546 -0.517836 0.793559 98.434509
47063 23 20 20
0.404023 0.278848 -0.871211 100.799110
49367 23 20 21
0.198004 0.206453 -0.958213 87.489143
37895 23 21 16
0.236252 -0.717319 0.655468 79.059853
47111 23 21 20
0.454751 -0.044784 -0.889492 101.905441
49415 23 21 21
0.141598 0.099153 -0.984946 90.137695
47159 23 22 20
0.593055 -0.336720 -0.731372 100.735153
49463 23 22 21
0.109107 0.025601 -0.993700 91.120186
47207 23 23 20
0.787482 -0.462605 -0.407270 98.948898
49511 23 23 21
0.090886 -0.035911 -0.995214 91.052444
47255 23 24 20
0.873969 -0.376863 -0.306842 97.558121
49559 23 24 21
0.061270 -0.109805 -0.992063 90.068420
47303 23 25 20
0.566347 -0.325186 -0.757301 96.568138
49607 23 25 21
0.001247 -0.203674 -0.979038 87.841537
47351 23 26 20
0.063333 -0.367763 -0.927760 95.043335
49655 23 26 21
-0.079748 -0.301796 -0.950031 83.783981
31271 23 27 13
-0.045157 0.731875 0.679941 72.163780
33575 23 27 14
-0.274924 0.939151 0.205942 76.125229
35879 23 27 15
-0.299762 0.947638 0.110114 77.362083
47399 23 27 20
-0.155606 -0.444979 -0.881919 91.565384
49703 23 27 21
-0.160541 -0.387351 -0.907847 77.364540
29015 23 28 12
0.073685 -0.329620 0.941234 63.014599
31319 23 28 13
-0.184306 -0.352186 0.917604 74.013725
33623 23 28 14
-0.671621 -0.110832 0.732559 80.390167
35927 23 28 15
-0.796801 0.353855 0.489790 83.923088
47447 23 28 20
-0.259466 -0.515499 -0.816663 84.945183
33671 23 29 14
-0.384683 -0.719849 0.577786 75.090187
35975 23 29 15
-0.578749 -0.592621 0.560224 81.734512
42887 23 29 18
-0.636830 -0.741424 -0.211516 92.359512
45191 23 29 19
-0.419405 -0.661869 -0.621313 87.166130
38327 23 30 16
-0.530090 -0.721236 0.445896 79.915863
40631 23 30 17
-0.601643 -0.782460 0.160568 84.250626
42935 23 30 18
-0.554760 -0.782777 -0.281960 83.360558
45239 23 30 19
-0.446988 -0.685931 -0.574195 75.864906
38375 23 31 16
-0.500611 -0.765773 0.403707 68.189049
40679 23 31 17
-0.576897 -0.812485 0.084006 72.404755
42983 23 31 18
-0.553877 -0.779042 -0.293791 70.493011
45287 23 31 19
-0.478987 -0.689578 -0.543189 62.150642
38423 23 32 16
-0.516727 -0.768839 0.376668 55.167828
38471 23 33 16
-0.531442 -0.776088 0.339495 42.676704
38519 23 34 16
-0.517196 -0.805397 0.289559 31.317719
40823 23 34 17
-0.559113 -0.828702 -0.025409 33.124805
46920 24 17 20
0.391702 0.869348 -0.301335 78.607208
49224 24 17 21
0.388457 0.655196 -0.647934 69.267281
46968 24 18 20
0.382146 0.766052 -0.516845 91.922768
49272 24 18 21
0.340858 0.469616 -0.814418 80.384750
37800 24 19 16
-0.214792 0.504147 0.836481 88.161331
47016 24 19 20
0.308511 0.530584 -0.789495 100.221252
49320 24 19 21
0.240052 0.268436 -0.932908 87.241791
35544 24 20 15
-0.041996 -0.181254 0.982539 75.374405
37848 24 20 16
-0.023881 -0.253244 0.967108 90.114677
40152 24 20 17
0.022693 -0.292722 0.955928 100.008133
47064 24 20 20
0.191758 0.189708 -0.962933 103.854713
49368 24 20 21
0.134475 0.121740 -0.983410 90.665833
35592 24 21 15
0.109672 -0.537676 0.835988 68.286888
37896 24 21 16
0.152725 -0.654651 0.740342 82.576424
40200 24 21 17
0.180744 -0.701140 0.689735 93.587196
47112 24 21 20
0.121342 -0.115951 -0.985815 104.146446
49416 24 21 21
0.066205 0.044665 -0.996806 92.038651
47160 24 22 20
0.149423 -0.352469 -0.923817 102.727715
49464 24 22 21
0.043418 0.004896 -0.999045 92.427132
47208 24 23 20
0.299227 -0.514500 -0.803588 100.960617
49512 24 23 21
0.049303 -0.042430 -0.997882 92.183701
47256 24 24 20
0.391203 -0.509037 -0.766708 99.473953
49560 24 24 21
0.049561 -0.129919 -0.990285 90.984497
47304 24 25 20
0.166645 -0.455415 -0.874544 97.930077
49608 24 25 21
0.017376 -0.249221 -0.968291 88.111183
28920 24 26 12
-0.041910 0.817584 0.574282 55.144867
31224 24 26 13
-0.156630 0.961202 0.227062 60.572796
47352 24 26 20
-0.040306 -0.483236 -0.874562 95.172096
49656 24 26 21
-0.041762 -0.364046 -0.930444 82.820709
26664 24 27 11
0.011589 0.173620 0.984745 50.976139
28968 24 27 12
-0.169415 0.358936 0.917858 63.078438
31272 24 27 13
-0.499363 0.685077 0.530382 69.932381
33576 24 27 14
-0.587201 0.802649 0.104635 72.145660
45096 24 27 19
-0.439736 -0.848696 -0.293850 95.628571
47400 24 27 20
-0.153247 -0.541219 -0.826799 89.771652
26712 24 28 11
-0.037392 -0.358025 0.932963 49.418179
29016 24 28 12
-0.230168 -0.457540 0.858883 62.081657
31320 24 28 13
-0.582084 -0.484538 0.652994 70.387909
33624 24 28 14
-0.880850 -0.257235 0.397409 74.719597
45144 24 28 19
-0.377482 -0.732453 -0.566587 90.766518
47448 24 28 20
-0.228069 -0.595419 -0.770364 80.806274
40584 24 29 17
-0.690301 -0.634620 0.347481 85.039581
42888 24 29 18
-0.580280 -0.800617 -0.149287 86.262741
45192 24 29 19
-0.395405 -0.735696 -0.549914 80.911949
38328 24 30 16
-0.607285 -0.703094 0.369951 71.098221
40632 24 30 17
-0.620566 -0.772909 0.132325 75.368187
42936 24 30 18
-0.548362 -0.802417 -0.235426 74.517738
45240 24 30 19
-0.434815 -0.736624 -0.517996 67.190376
38376 24 31 16
-0.596871 -0.738299 0.314100 58.353100
40680 24 31 17
-0.621183 -0.781980 0.051373 61.847492
46921 25 17 20
0.279315 0.929199 -0.242019 84.481041
49225 25 17 21
0.302623 0.660520 -0.687119 76.221375
46969 25 18 20
0.186026 0.830187 -0.525532 95.806137
49273 25 18 21
0.220731 0.413008 -0.883573 85.697281
47017 25 19 20
-0.065236 0.462591 -0.884168 101.805428
49321 25 19 21
0.077479 0.161562 -0.983816 90.260353
35545 25 20 15
-0.162017 -0.002058 0.986786 73.577751
37849 25 20 16
-0.215659 -0.001167 0.976468 88.574150
40153 25 20 17
-0.324182 0.011418 0.945926 98.726219
47065 25 20 20
-0.274768 0.055916 -0.959883 103.714981
49369 25 20 21
-0.044325 0.031180 -0.998530 91.645302
35593 25 21 15
0.020145 -0.415373 0.909428 69.523323
37897 25 21 16
0.039485 -0.547490 0.835880 84.172867
40201 25 21 17
0.004790 -0.636433 0.771317 94.866539
47113 25 21 20
-0.372305 -0.149401 -0.916007 103.258537
49417 25 21 21
-0.108765 0.005023 -0.994055 91.845932
83977 25 21 36
0.984440 0.145288 -0.098838 37.074577
86281 25 21 37
0.901914 0.100561 -0.420047 33.247185
37945 25 22 16
0.179114 -0.669196 0.721176 73.659065
47161 25 22 20
-0.446479 -0.259434 -0.856359 101.889786
49465 25 22 21
-0.121694 0.010141 -0.992516 91.970222
86329 25 22 37
0.900769 -0.085998 -0.425699 33.320797
47209 25 23 20
-0.531920 -0.336312 -0.777145 100.494270
49513 25 23 21
-0.102263 -0.023983 -0.994468 91.955963
47257 25 24 20
-0.519844 -0.403996 -0.752695 99.243889
49561 25 24 21
-0.078834 -0.135807 -0.987594 90.938171
47305 25 25 20
-0.354198 -0.475658 -0.805167 97.499435
49609 25 25 21
-0.075153 -0.290103 -0.954040 87.816101
28921 25 26 12
-0.283365 0.793223 0.538981 53.010525
31225 25 26 13
-0.350807 0.913541 0.205859 57.448544
47353 25 26 20
-0.256607 -0.541539 -0.800555 93.951675
49657 25 26 21
-0.092659 -0.423243 -0.901266 81.733368
26665 25 27 11
-0.266651 0.131706 0.954752 49.293064
28969 25 27 12
-0.530426 0.259754 0.806955 59.543259
31273 25 27 13
-0.802652 0.457819 0.382298 64.777115
45097 25 27 19
-0.558450 -0.788771 -0.256854 93.468590
47401 25 27 20
-0.234085 -0.603807 -0.761985 87.173325
26713 25 28 11
-0.281577 -0.418672 0.863382 47.092846
29017 25 28 12
-0.497590 -0.525025 0.690473 57.539852
31321 25 28 13
-0.736520 -0.531503 0.418381 63.771137
42841 25 28 18
-0.629842 -0.727088 0.273207 88.088852
45145 25 28 19
-0.403895 -0.784810 -0.470044 86.394615
40585 25 29 17
-0.613248 -0.715320 0.335029 77.294487
42889 25 29 18
-0.529527 -0.843489 -0.090155 79.104393
45193 25 29 19
-0.384754 -0.791981 -0.474058 74.168068
40633 25 30 17
-0.580263 -0.802034 0.141548 65.273613
42937 25 30 18
-0.510998 -0.840890 -0.178281 64.976089
44618 26 17 19
-0.198170 0.869734 0.451985 83.425232
46922 26 17 20
-0.105341 0.982718 -0.152211 86.141678
49226 26 17 21
0.024095 0.674588 -0.737801 79.398682
51530 26 17 22
0.083243 0.430551 -0.898719 64.297218
46970 26 18 20
-0.476282 0.765516 -0.432597 95.024628
49274 26 18 21
-0.125592 0.329130 -0.935896 86.827049
51578 26 18 22
0.012720 0.177878 -0.983970 70.283470
47018 26 19 20
-0.719715 0.218011 -0.659152 98.723152
49322 26 19 21
-0.260443 0.036454 -0.964801 89.121307
51626 26 19 22
-0.062377 0.010752 -0.997995 71.928169
35546 26 20 15
-0.262022 0.172046 0.949602 69.767624
37850 26 20 16
-0.362286 0.240294 0.900559 84.666588
40154 26 20 17
-0.553774 0.293107 0.779373 94.605804
47066 26 20 20
-0.713162 -0.035935 -0.700078 99.262436
49370 26 20 21
-0.330810 -0.046241 -0.942564 88.822174
83930 26 20 36
0.922560 0.376170 -0.085902 47.582668
86234 26 20 37
0.832971 0.305240 -0.461507 43.149033
35594 26 21 15
-0.078576 -0.247640 0.965661 69.016533
37898 26 21 16
-0.098659 -0.359418 0.927947 83.799271
40202 26 21 17
-0.234037 -0.472570 0.849649 93.794685
47114 26 21 20
-0.706611 -0.098258 -0.700747 98.554192
49418 26 21 21
-0.356125 -0.008966 -0.934395 88.327408
83978 26 21 36
0.970230 0.186982 -0.153921 52.022224
86282 26 21 37
0.851422 0.128656 -0.508457 46.593166
37946 26 22 16
0.123270 -0.604975 0.786645 76.199112
40250 26 22 17
0.067888 -0.679170 0.730835 86.990875
47162 26 22 20
-0.751738 -0.111704 -0.649933 97.646210
49466 26 22 21
-0.354793 0.039424 -0.934113 88.587578
51770 26 22 22
-0.110897 0.074052 -0.991069 72.672127
84026 26 22 36
0.976617 -0.017535 -0.214269 53.363670
86330 26 22 37
0.862032 -0.044618 -0.504887 47.255608
47210 26 23 20
-0.837598 -0.129864 -0.530627 96.828819
49514 26 23 21
-0.342080 0.011029 -0.939606 89.048912
51818 26 23 22
-0.080321 0.033410 -0.996209 73.797676
47258 26 24 20
-0.859472 -0.208289 -0.466822 95.882843
49562 26 24 21
-0.318792 -0.132016 -0.938586 88.390633
51866 26 24 22
-0.055101 -0.107454 -0.992682 73.272797
47306 26 25 20
-0.723522 -0.372977 -0.580865 94.068176
49610 26 25 21
-0.278439 -0.323456 -0.904349 85.306328
51914 26 25 22
-0.042324 -0.292046 -0.955467 69.733589
28922 26 26 12
-0.474280 0.690922 0.545605 48.365978
31226 26 26 13
-0.487611 0.816065 0.310280 52.955669
47354 26 26 20
-0.515247 -0.523372 -0.678677 90.112183
49658 26 26 21
-0.235672 -0.473666 -0.848586 78.955574
26666 26 27 11
-0.499612 0.072680 0.863195 44.341198
28970 26 27 12
-0.719874 0.121540 0.683381 53.264362
31274 26 27 13
-0.890817 0.211677 0.402042 58.109158
45098 26 27 19
-0.674495 -0.691839 -0.257714 89.089211
47402 26 27 20
-0.378632 -0.622359 -0.685059 82.644661
26714 26 28 11
-0.479552 -0.435535 0.761800 41.742981
29018 26 28 12
-0.633845 -0.533492 0.560024 50.470364
31322 26 28 13
-0.743819 -0.568327 0.351764 55.745567
42842 26 28 18
-0.608958 -0.773071 0.177571 82.446358
45146 26 28 19
-0.469269 -0.784724 -0.404964 80.535324
47450 26 28 20
-0.316301 -0.691544 -0.649400 71.079872
40586 26 29 17
-0.540089 -0.780767 0.314177 69.186371
42890 26 29 18
-0.501341 -0.863260 -0.058650 71.286522
45194 26 29 19
-0.401393 -0.819152 -0.409723 66.878052
40634 26 30 17
-0.521222 -0.839355 0.154308 55.390236
42938 26 30 18
-0.473180 -0.871305 -0.130108 55.663448
44571 27 16 19
-0.345213 0.824314 0.448702 64.906837
44619 27 17 19
-0.557889 0.666944 0.493910 77.545654
46923 27 17 20
-0.649126 0.760128 -0.028993 81.495361
49227 27 17 21
-0.446684 0.590615 -0.672047 76.421051
51531 27 17 22
-0.227614 0.399168 -0.888176 63.110100
46971 27 18 20
-0.915790 0.366811 -0.163637 88.096146
49275 27 18 21
-0.598565 0.198408 -0.776115 81.884941
51579 27 18 22
-0.296335 0.125625 -0.946786 67.777473
47019 27 19 20
-0.937580 0.075498 -0.339477 90.322914
49323 27 19 21
-0.621670 -0.037521 -0.782380 82.695702
51627 27 19 22
-0.327204 -0.030161 -0.944472 68.385605
35547 27 20 15
-0.336293 0.319605 0.885867 64.226959
37851 27 20 16
-0.448343 0.431014 0.783080 78.700188
40155 27 20 17
-0.640149 0.505357 0.578639 88.060989
47067 27 20 20
-0.870309 0.001492 -0.492503 90.624222
49371 27 20 21
-0.596333 -0.053970 -0.800921 81.821968
51675 27 20 22
-0.323205 -0.025634 -0.945982 67.697281
81627 27 20 35
0.853931 0.439448 0.278725 60.610065
83931 27 20 36
0.906901 0.400208 -0.131769 62.120831
86235 27 20 37
0.789597 0.299458 -0.535594 56.420361
35595 27 21 15
-0.179615 -0.049575 0.982487 66.774994
37899 27 21 16
-0.249932 -0.072482 0.965547 81.567215
40203 27 21 17
-0.514788 -0.082628 0.853326 90.772026
42507 27 21 18
-0.948477 -0.043431 0.313854 94.762444
47115 27 21 20
-0.808487 0.011392 -0.588404 90.675751
49419 27 21 21
-0.557461 0.031248 -0.829615 81.608887
51723 27 21 22
-0.288020 0.072699 -0.954861 68.021149
81675 27 21 35
0.930638 0.298780 0.211289 66.857216
83979 27 21 36
0.948813 0.222365 -0.224293 66.969284
86283 27 21 37
0.795726 0.151138 -0.586496 60.164082
37947 27 22 16
0.043490 -0.475119 0.878846 77.500992
40251 27 22 17
-0.027199 -0.621283 0.783114 87.275063
42555 27 22 18
-0.462741 -0.683683 0.564313 92.515762
47163 27 22 20
-0.802598 0.004481 -0.596503 90.798988
49467 27 22 21
-0.529669 0.093686 -0.843014 82.532448
51771 27 22 22
-0.240786 0.141375 -0.960226 69.759430
84027 27 22 36
0.956851 0.034358 -0.288540 68.961952
86331 27 22 37
0.820124 0.017435 -0.571920 61.592438
47211 27 23 20
-0.861024 -0.064566 -0.504450 90.596497
49515 27 23 21
-0.536753 0.040619 -0.842761 83.511353
51819 27 23 22
-0.211229 0.080706 -0.974099 71.525002
81771 27 23 35
0.992584 -0.121137 -0.010167 70.460320
84075 27 23 36
0.937127 -0.178732 -0.299745 67.791092
86379 27 23 37
0.858067 -0.138548 -0.494495 60.563683
47259 27 24 20
-0.892701 -0.182519 -0.412033 89.639122
49563 27 24 21
-0.548031 -0.142498 -0.824231 83.013161
51867 27 24 22
-0.201099 -0.122065 -0.971936 71.380066
79515 27 24 34
0.947553 -0.307803 0.086023 65.844971
81819 27 24 35
0.913882 -0.396107 -0.088991 65.858414
84123 27 24 36
0.879447 -0.397939 -0.261186 62.501698
47307 27 25 20
-0.829312 -0.322315 -0.456458 87.446930
49611 27 25 21
-0.506709 -0.354590 -0.785819 79.890724
51915 27 25 22
-0.184961 -0.368747 -0.910942 68.039726
74955 27 25 32
0.924915 -0.375470 0.059615 56.366444
77259 27 25 33
0.860691 -0.507796 0.036809 57.257420
79563 27 25 34
0.809128 -0.586917 -0.028996 57.377270
28923 27 26 12
-0.580650 0.540827 0.608565 42.256149
47355 27 26 20
-0.683913 -0.471037 -0.557124 83.122322
49659 27 26 21
-0.425662 -0.510853 -0.746888 73.580246
51963 27 26 22
-0.151698 -0.556966 -0.816564 61.289886
68091 27 26 29
0.957410 -0.285208 -0.044982 52.348610
70395 27 26 30
0.899966 -0.422344 -0.108100 50.980957
72699 27 26 31
0.819335 -0.561536 -0.115620 49.077114
26667 27 27 11
-0.628252 0.016442 0.777836 37.255241
28971 27 27 12
-0.759957 0.008771 0.649914 45.541996
31275 27 27 13
-0.835916 -0.000206 0.548857 51.143692
45099 27 27 19
-0.743709 -0.600273 -0.294225 82.089958
47403 27 27 20
-0.529399 -0.599661 -0.600120 75.495705
49707 27 27 21
-0.344517 -0.617117 -0.707443 64.049118
26715 27 28 11
-0.595670 -0.421637 0.683666 34.535618
29019 27 28 12
-0.675152 -0.519786 0.523442 42.253883
31323 27 28 13
-0.692193 -0.597686 0.404525 47.679604
42843 27 28 18
-0.628908 -0.774963 0.062514 75.373291
45147 27 28 19
-0.548411 -0.747993 -0.373834 72.793205
47451 27 28 20
-0.419369 -0.695475 -0.583477 64.019691
40587 27 29 17
-0.498023 -0.826131 0.263593 61.167145
42891 27 29 18
-0.504171 -0.861325 -0.062700 62.910282
45195 27 29 19
-0.445720 -0.817087 -0.365654 58.793133
40635 27 30 17
-0.473315 -0.868035 0.149959 46.419838
42939 27 30 18
-0.455912 -0.883990 -0.103470 46.887669
44572 28 16 19
-0.618518 0.659787 0.426750 56.196148
46876 28 16 20
-0.679110 0.732485 0.047688 60.581783
49180 28 16 21
-0.598811 0.695175 -0.397689 57.528313
44620 28 17 19
-0.773254 0.473462 0.421797 66.218430
46924 28 17 20
-0.884322 0.465805 0.031620 70.368057
49228 28 17 21
-0.778981 0.415502 -0.469624 66.827011
51532 28 17 22
-0.546253 0.345592 -0.763003 56.134865
53836 28 17 23
-0.351019 0.318928 -0.880381 41.735020
46972 28 18 20
-0.975527 0.212469 -0.056600 75.447983
49276 28 18 21
-0.847777 0.128398 -0.514576 70.977646
51580 28 18 22
-0.592211 0.115433 -0.797472 59.980545
53884 28 18 23
-0.358187 0.163668 -0.919193 45.609070
83836 28 18 36
0.661089 0.749799 0.027616 55.942829
86140 28 18 37
0.662434 0.657473 -0.359040 52.928825
49324 28 19 21
-0.819317 0.007061 -0.573298 71.775780
51628 28 19 22
-0.574646 0.015668 -0.818252 60.830727
53932 28 19 23
-0.308681 0.117530 -0.943877 47.543541
83884 28 19 36
0.791781 0.607736 -0.061155 67.929329
86188 28 19 37
0.730305 0.472778 -0.493088 63.027050
37852 28 20 16
-0.491698 0.559753 0.667016 71.028648
40156 28 20 17
-0.636204 0.647635 0.419301 79.705948
51676 28 20 22
-0.502421 0.079293 -0.860980 61.336887
83932 28 20 36
0.889776 0.416551 -0.186506 76.021881
86236 28 20 37
0.746865 0.282279 -0.602089 69.441223
37900 28 21 16
-0.379463 0.227574 0.896782 77.481247
40204 28 21 17
-0.636914 0.410199 0.652747 86.192245
42508 28 21 18
-0.882780 0.469774 0.003519 88.765808
83980 28 21 36
0.920141 0.241476 -0.308268 80.657562
37948 28 22 16
-0.105539 -0.252158 0.961914 77.200668
40252 28 22 17
-0.220151 -0.389382 0.894380 86.436424
42556 28 22 18
-0.886060 -0.409878 0.216557 89.723091
51820 28 23 22
-0.271094 0.143350 -0.951819 68.656677
61036 28 23 26
0.924982 0.366276 0.101243 56.919880
81772 28 23 35
0.994905 -0.090433 -0.044561 85.900681
84076 28 23 36
0.926242 -0.120286 -0.357220 82.888344
86380 28 23 37
0.850463 -0.041514 -0.524393 75.659294
51868 28 24 22
-0.337022 -0.214541 -0.916727 68.462830
54172 28 24 23
0.520999 -0.113261 -0.846010 61.795227
77212 28 24 33
0.948292 -0.227243 0.221590 79.159325
79516 28 24 34
0.922561 -0.373927 0.095181 81.768059
81820 28 24 35
0.892655 -0.440716 -0.094533 81.797768
84124 28 24 36
0.876116 -0.401933 -0.266216 78.666153
86428 28 24 37
0.891203 -0.275429 -0.360410 72.976303
49612 28 25 21
-0.643231 -0.433072 -0.631429 72.553078
51916 28 25 22
-0.361280 -0.546636 -0.755424 64.958687
54220 28 25 23
0.485470 -0.652655 -0.581687 59.429825
74956 28 25 32
0.854473 -0.517357 0.047094 70.974197
77260 28 25 33
0.771832 -0.634278 0.044333 71.821442
79564 28 25 34
0.724970 -0.688700 -0.010536 72.182793
81868 28 25 35
0.722199 -0.686194 -0.086986 71.228935
84172 28 25 36
0.765020 -0.625953 -0.151417 68.775543
31228 28 26 13
-0.573424 0.390254 0.720338 42.758419
49660 28 26 21
-0.582358 -0.557185 -0.591950 66.067917
51964 28 26 22
-0.317795 -0.731174 -0.603648 58.395733
65788 28 26 28
0.954560 -0.296789 -0.027046 70.339653
68092 28 26 29
0.890683 -0.423445 -0.165464 68.552223
70396 28 26 30
0.790852 -0.573535 -0.213566 65.217323
28972 28 27 12
-0.739959 -0.065657 0.669440 37.375324
31276 28 27 13
-0.734986 -0.131451 0.665218 44.208981
33580 28 27 14
-0.612118 -0.214068 0.761240 50.494087
45100 28 27 19
-0.766646 -0.545987 -0.337864 72.721573
47404 28 27 20
-0.636257 -0.570888 -0.518906 66.026764
63532 28 27 27
0.838273 -0.539426 0.079487 61.928562
65836 28 27 28
0.767124 -0.631012 -0.115520 61.553368
68140 28 27 29
0.652390 -0.715066 -0.251133 57.986752
31324 28 28 13
-0.640771 -0.587904 0.493742 40.058498
42844 28 28 18
-0.666807 -0.743181 -0.055232 66.715919
45148 28 28 19
-0.619213 -0.696019 -0.363500 63.187389
63580 28 28 27
0.663022 -0.748565 -0.007211 49.617558
65884 28 28 28
0.570691 -0.800467 -0.183208 47.755615
42892 28 29 18
-0.537670 -0.837985 -0.093230 53.868965
45196 28 29 19
-0.507890 -0.791872 -0.339097 49.802387
46877 29 16 20
-0.841753 0.536834 0.057099 47.433025
49181 29 16 21
-0.795349 0.533052 -0.288576 45.427155
46925 29 17 20
-0.942348 0.331906 0.042649 54.906448
49229 29 17 21
-0.899000 0.312100 -0.307233 52.618698
51533 29 17 22
-0.748273 0.314671 -0.584011 44.969688
86093 29 17 37
0.407634 0.881265 -0.239180 48.871880
49277 29 18 21
-0.925331 0.165589 -0.341092 56.465446
51581 29 18 22
-0.773516 0.186475 -0.605723 48.831863
83837 29 18 36
0.503492 0.862759 0.046293 66.650810
86141 29 18 37
0.525942 0.759457 -0.382897 63.699413
51629 29 19 22
-0.730243 0.206305 -0.651293 51.402866
83885 29 19 36
0.688501 0.721450 -0.074004 79.818832
86189 29 19 37
0.636945 0.533733 -0.556265 74.733543
40157 29 20 17
-0.604300 0.726589 0.326941 70.108414
81629 29 20 35
0.781044 0.564357 0.267342 87.487221
83933 29 20 36
0.843944 0.469452 -0.259563 87.919136
86237 29 20 37
0.676803 0.283253 -0.679489 81.046440
37901 29 21 16
-0.472706 0.415841 0.776933 71.310089
40205 29 21 17
-0.614607 0.633599 0.469905 80.072578
42509 29 21 18
-0.683521 0.727003 -0.065317 82.283112
67853 29 21 29
0.863707 0.489205 0.121201 61.604744
70157 29 21 30
0.861879 0.468891 0.193145 64.394409
72461 29 21 31
0.836958 0.462994 0.291783 68.744766
37949 29 22 16
-0.319110 -0.001547 0.947716 74.461601
40253 29 22 17
-0.521119 0.072242 0.850421 83.946426
42557 29 22 18
-0.924670 0.368373 -0.096365 86.639259
63293 29 22 27
0.861980 0.499769 0.084978 68.154533
65597 29 22 28
0.874717 0.482821 0.041882 69.337868
67901 29 22 29
0.883846 0.462383 0.070837 70.280800
70205 29 22 30
0.881527 0.439901 0.171459 72.358589
40301 29 23 17
-0.191212 -0.539897 0.819725 81.731995
61037 29 23 26
0.889267 0.409250 0.204252 74.883339
63341 29 23 27
0.895994 0.435710 0.085739 77.794853
81773 29 23 35
0.991604 -0.067490 -0.110302 97.935585
84077 29 23 36
0.889356 -0.051084 -0.454353 94.838959
86381 29 23 37
0.811886 0.079271 -0.578409 88.370125
61085 29 24 26
0.921215 0.253403 0.295211 81.403214
77213 29 24 33
0.899774 -0.357105 0.250766 92.178909
79517 29 24 34
0.859844 -0.499022 0.107919 94.475624
81821 29 24 35
0.838776 -0.534471 -0.103899 94.516609
84125 29 24 36
0.852285 -0.439290 -0.283961 91.966820
86429 29 24 37
0.899978 -0.239423 -0.364302 87.522446
88733 29 24 38
0.935160 -0.003675 -0.354207 82.283150
91037 29 24 39
0.924196 0.183595 -0.334894 76.771149
74957 29 25 32
0.705173 -0.708515 0.027150 82.956718
77261 29 25 33
0.615941 -0.785974 0.053497 83.677856
79565 29 25 34
0.584141 -0.811485 0.016473 84.325790
81869 29 25 35
0.608373 -0.792411 -0.044360 84.082100
84173 29 25 36
0.687500 -0.720177 -0.093213 82.822723
86477 29 25 37
0.805902 -0.581481 -0.111368 81.016434
88781 29 25 38
0.915025 -0.386297 -0.116203 79.113541
91085 29 25 39
0.968431 -0.190164 -0.161178 76.835678
33533 29 26 14
-0.529648 0.096279 0.842736 45.383369
35837 29 26 15
-0.468473 -0.047095 0.882222 54.389931
38141 29 26 16
-0.528014 -0.215225 0.821510 62.704201
65789 29 26 28
0.830690 -0.536735 -0.147884 85.672119
68093 29 26 29
0.697841 -0.644976 -0.311485 81.896683
70397 29 26 30
0.570885 -0.757455 -0.316784 76.674614
31277 29 27 13
-0.699079 -0.180743 0.691825 36.863670
33581 29 27 14
-0.635291 -0.275788 0.721350 44.575710
35885 29 27 15
-0.592100 -0.371472 0.715140 52.373222
38189 29 27 16
-0.651776 -0.467083 0.597512 59.510365
40493 29 27 17
-0.787156 -0.545995 0.286835 64.357796
42797 29 27 18
-0.826282 -0.552258 -0.110763 65.247559
45101 29 27 19
-0.763988 -0.537634 -0.356751 61.743671
63533 29 27 27
0.617027 -0.785987 0.038750 75.481293
65837 29 27 28
0.510158 -0.832051 -0.217784 73.699684
68141 29 27 29
0.396540 -0.852526 -0.340522 68.167320
33629 29 28 14
-0.575060 -0.611197 0.543823 39.212868
35933 29 28 15
-0.545558 -0.660336 0.516064 46.024490
38237 29 28 16
-0.589476 -0.700070 0.403013 52.286980
40541 29 28 17
-0.674499 -0.720531 0.160891 56.327751
42845 29 28 18
-0.708999 -0.691365 -0.139049 56.426689
45149 29 28 19
-0.673903 -0.649359 -0.352403 52.216324
61277 29 28 26
0.447183 -0.871405 0.201695 58.568844
63581 29 28 27
0.392544 -0.917610 -0.062456 59.769104
65885 29 28 28
0.307810 -0.916019 -0.257219 56.463139
46878 30 16 20
-0.905242 0.421392 0.054450 32.944298
49182 30 16 21
-0.879410 0.429864 -0.204587 31.782034
86094 30 17 37
0.137841 0.966550 -0.216289 53.947426
83838 30 18 36
0.197620 0.978316 0.061998 73.033852
86142 30 18 37
0.234797 0.894236 -0.381068 70.451096
83886 30 19 36
0.373488 0.923852 -0.083692 87.438835
86190 30 19 37
0.377459 0.686583 -0.621393 82.661339
70110 30 20 30
0.697004 0.689271 0.197714 68.433983
72414 30 20 31
0.661682 0.696765 0.276938 72.320770
77022 30 20 33
0.548079 0.711155 0.440305 84.365517
79326 30 20 34
0.515807 0.727598 0.452266 91.246124
81630 30 20 35
0.566990 0.778439 0.269361 95.988297
83934 30 20 36
0.628870 0.672111 -0.390881 95.869614
86238 30 20 37
0.480877 0.352103 -0.802982 89.325005
40206 30 21 17
-0.622371 0.668340 0.407401 71.945213
42510 30 21 18
-0.613637 0.789505 0.011444 74.976143
67854 30 21 29
0.795605 0.598046 0.096709 76.061333
70158 30 21 30
0.793293 0.575804 0.197829 78.179672
72462 30 21 31
0.758061 0.563434 0.328459 81.929947
74766 30 21 32
0.706273 0.560116 0.432953 87.310150
77070 30 21 33
0.668395 0.562859 0.486249 93.516411
79374 30 21 34
0.689092 0.573555 0.442929 98.966034
81678 30 21 35
0.823659 0.562605 0.071140 101.552986
83982 30 21 36
0.687922 0.295611 -0.662856 99.452179
37950 30 22 16
-0.512368 0.151690 0.845263 68.310577
40254 30 22 17
-0.686818 0.290742 0.666146 78.603088
42558 30 22 18
-0.838221 0.542155 0.058763 82.209717
65598 30 22 28
0.810626 0.585472 -0.010402 84.997902
67902 30 22 29
0.824796 0.565383 0.007331 84.791626
70206 30 22 30
0.829003 0.538571 0.150651 85.750023
72510 30 22 31
0.797362 0.499307 0.338977 88.841713
74814 30 22 32
0.750688 0.462344 0.471917 93.755310
77118 30 22 33
0.738042 0.440673 0.510981 99.175369
79422 30 22 34
0.815043 0.431423 0.386754 103.246193
40302 30 23 17
-0.578528 -0.341097 0.740918 78.248657
42606 30 23 18
-0.803638 -0.571380 0.166406 82.296288
58734 30 23 25
0.736817 0.392070 0.550801 83.429886
61038 30 23 26
0.813925 0.469774 0.341816 90.609367
63342 30 23 27
0.845649 0.525241 0.094866 94.134308
90990 30 23 39
0.625382 0.576122 -0.526290 83.023285
93294 30 23 40
0.589961 0.619968 -0.517286 75.407791
61086 30 24 26
0.826430 0.224142 0.516502 96.072411
77214 30 24 33
0.693692 -0.652318 0.305406 100.482277
79518 30 24 34
0.608054 -0.785283 0.116621 102.216393
81822 30 24 35
0.587939 -0.792982 -0.159710 102.078316
84126 30 24 36
0.655739 -0.635095 -0.408242 99.967140
86430 30 24 37
0.802861 -0.286252 -0.522948 96.663857
88734 30 24 38
0.872125 0.139326 -0.469027 93.056358
91038 30 24 39
0.812792 0.389715 -0.433002 89.164299
93342 30 24 40
0.711462 0.466917 -0.525177 83.763855
95646 30 24 41
0.586732 0.446540 -0.675535 75.130775
72654 30 25 31
0.510069 -0.843496 -0.168357 91.495316
74958 30 25 32
0.393340 -0.919393 0.000875 90.647789
77262 30 25 33
0.330840 -0.941866 0.058596 91.176804
79566 30 25 34
0.317853 -0.947251 0.041052 91.985115
81870 30 25 35
0.349944 -0.936758 -0.004850 92.269043
84174 30 25 36
0.435095 -0.899472 -0.040527 91.926636
86478 30 25 37
0.585799 -0.809058 -0.047589 91.369194
88782 30 25 38
0.779269 -0.623275 -0.065335 90.848000
91086 30 25 39
0.910443 -0.355010 -0.212276 89.738380
93390 30 25 40
0.851100 -0.110676 -0.513206 86.396599
95694 30 25 41
0.641150 0.021830 -0.767105 78.952988
33534 30 26 14
-0.659455 -0.024602 0.751342 38.401867
35838 30 26 15
-0.679429 -0.165303 0.714879 47.724720
38142 30 26 16
-0.750780 -0.335127 0.569227 55.791267
40446 30 26 17
-0.827405 -0.498759 0.258150 60.812046
42750 30 26 18
-0.808547 -0.579194 -0.103858 61.632919
61182 30 26 26
0.388443 -0.684055 0.617398 90.582657
63486 30 26 27
0.456334 -0.874534 0.164163 95.586761
65790 30 26 28
0.375495 -0.889446 -0.260556 94.677094
68094 30 26 29
0.281289 -0.871336 -0.402057 89.675804
70398 30 26 30
0.225257 -0.904363 -0.362474 83.373604
72702 30 26 31
0.196313 -0.951449 -0.237078 78.091522
95742 30 26 41
0.530627 -0.554150 -0.641368 75.411499
98046 30 26 42
0.382183 -0.356772 -0.852437 64.443817
100350 30 26 43
0.271338 -0.226317 -0.935498 49.696171
33582 30 27 14
-0.715940 -0.276353 0.641139 36.646626
35886 30 27 15
-0.732143 -0.373602 0.569551 44.420059
38190 30 27 16
-0.786004 -0.470534 0.400993 50.869221
40494 30 27 17
-0.833381 -0.539035 0.122136 54.423782
42798 30 27 18
-0.814068 -0.557210 -0.163736 54.018177
45102 30 27 19
-0.755961 -0.564043 -0.332234 50.041523
61230 30 27 26
0.134679 -0.909946 0.392250 78.845955
63534 30 27 27
0.125193 -0.992108 0.006881 82.002632
65838 30 27 28
0.093888 -0.960940 -0.260344 79.410934
68142 30 27 29
0.073277 -0.929979 -0.360236 72.914688
95790 30 27 41
0.349434 -0.843356 -0.408224 64.834801
98094 30 27 42
0.276965 -0.680596 -0.678291 55.977013
100398 30 27 43
0.207433 -0.512586 -0.833203 43.523365
33630 30 28 14
-0.660756 -0.541786 0.519490 31.417089
35934 30 28 15
-0.667545 -0.600368 0.440388 37.829376
38238 30 28 16
-0.707590 -0.644485 0.289752 43.089397
40542 30 28 17
-0.749115 -0.659426 0.063121 45.768139
42846 30 28 18
-0.749460 -0.639351 -0.171874 44.849064
45150 30 28 19
-0.715327 -0.619282 -0.323724 40.706097
58974 30 28 25
0.003456 -0.874983 0.484141 56.780987
61278 30 28 26
0.010638 -0.979964 0.198888 62.737324
63582 30 28 27
-0.000879 -0.995744 -0.092155 63.574917
65886 30 28 28
-0.010630 -0.960575 -0.277817 59.522820
95838 30 28 41
0.234587 -0.937977 -0.255282 49.691998
98142 30 28 42
0.191785 -0.843509 -0.501708 43.290031
100446 30 28 43
0.150535 -0.709845 -0.688084 33.862701
59022 30 29 25
-0.033605 -0.945735 0.323196 41.774105
61326 30 29 26
-0.037657 -0.996764 0.071015 45.062664
63630 30 29 27
-0.048160 -0.986847 -0.154314 44.174461
86095 31 17 37
-0.180998 0.968172 -0.172868 53.512112
88399 31 17 38
-0.126790 0.870354 -0.475823 47.469040
86143 31 18 37
-0.179365 0.931971 -0.315052 70.919029
88447 31 18 38
-0.089094 0.767857 -0.634395 62.411186
90751 31 18 39
0.005240 0.621858 -0.783112 49.279606
83887 31 19 36
-0.213219 0.973964 -0.077011 88.483093
86191 31 19 37
-0.154765 0.810956 -0.564268 84.345139
88495 31 19 38
-0.015734 0.590397 -0.806959 74.065453
90799 31 19 39
0.089863 0.498902 -0.861987 59.551094
63199 31 20 27
0.474929 0.850601 0.225654 70.449921
65503 31 20 28
0.491439 0.860425 0.134746 73.349030
67807 31 20 29
0.470659 0.874064 0.120383 75.089546
70111 31 20 30
0.416355 0.888665 0.192152 77.054138
72415 31 20 31
0.338590 0.892775 0.297169 80.137535
74719 31 20 32
0.248023 0.890302 0.381900 84.537468
77023 31 20 33
0.141345 0.892636 0.428044 89.844795
79327 31 20 34
0.006653 0.913601 0.406557 95.004875
81631 31 20 35
-0.165623 0.966717 0.195007 98.279846
83935 31 20 36
-0.264384 0.858236 -0.439922 97.680412
86239 31 20 37
-0.093927 0.495804 -0.863340 91.926819
88543 31 20 38
0.073191 0.382727 -0.920958 81.274925
65551 31 21 28
0.551973 0.833560 0.022452 85.279060
67855 31 21 29
0.540471 0.840983 0.025267 85.382355
70159 31 21 30
0.490115 0.847693 0.202987 86.350372
72463 31 21 31
0.388911 0.814652 0.430221 89.157410
74767 31 21 32
0.273455 0.779982 0.562895 93.566246
77071 31 21 33
0.148486 0.788926 0.596278 98.488396
79375 31 21 34
-0.040792 0.864768 0.500511 102.396164
81679 31 21 35
-0.392338 0.910872 -0.127994 103.701767
83983 31 21 36
-0.312233 0.339371 -0.887321 101.256821
86287 31 21 37
-0.068871 0.192749 -0.978828 94.857376
40255 31 22 17
-0.772281 0.302406 0.558689 69.291748
42559 31 22 18
-0.866442 0.453275 0.209333 74.576111
44863 31 22 19
-0.787480 0.565303 -0.245577 74.422142
47167 31 22 20
-0.601111 0.611228 -0.514845 70.819557
49471 31 22 21
-0.443521 0.748046 -0.493676 66.678169
40303 31 23 17
-0.770622 -0.190804 0.608059 70.085075
42607 31 23 18
-0.919031 -0.299537 0.256242 75.553276
44911 31 23 19
-0.885822 -0.373801 -0.274941 75.556358
47215 31 23 20
-0.708078 -0.384005 -0.592592 72.049149
49519 31 23 21
-0.667459 -0.450231 -0.593119 68.138885
51823 31 23 22
-0.642611 -0.521840 0.561012 67.142456
58735 31 23 25
0.325841 0.339727 0.882277 91.268570
61039 31 23 26
0.489685 0.574866 0.655544 99.933365
95599 31 23 41
0.112497 0.657868 -0.744684 71.648903
97903 31 23 42
0.101689 0.551224 -0.828137 58.852180
40351 31 24 17
-0.723300 -0.480451 0.495988 64.987434
42655 31 24 18
-0.735418 -0.660191 0.152670 69.538544
44959 31 24 19
-0.640057 -0.745371 -0.186414 69.214218
47263 31 24 20
-0.535009 -0.776362 -0.333208 65.888535
49567 31 24 21
-0.485704 -0.848426 -0.210390 62.649803
58783 31 24 25
0.073257 -0.134366 0.988220 92.412270
61087 31 24 26
0.207704 -0.000763 0.978191 102.826630
63391 31 24 27
0.633081 0.399867 0.662808 107.851402
77215 31 24 33
-0.274141 -0.924310 0.265515 102.447433
79519 31 24 34
-0.358618 -0.932167 0.049576 103.493080
81823 31 24 35
-0.450179 -0.862590 -0.230818 102.920204
93343 31 24 40
-0.207843 0.577154 -0.789743 87.641808
95647 31 24 41
-0.082570 0.445150 -0.891641 79.384315
97951 31 24 42
-0.033383 0.337376 -0.940778 66.495300
100255 31 24 43
-0.016196 0.270203 -0.962667 50.242607
61135 31 25 26
-0.174695 -0.559858 0.809963 99.721924
63439 31 25 27
-0.235609 -0.886580 0.398075 105.592537
65743 31 25 28
-0.195132 -0.911991 -0.360826 105.519142
70351 31 25 30
-0.118823 -0.892182 -0.435766 97.006638
72655 31 25 31
-0.117017 -0.971900 -0.204250 93.715347
74959 31 25 32
-0.118042 -0.992753 -0.022512 92.503822
77263 31 25 33
-0.122425 -0.991209 0.050166 92.809898
79567 31 25 34
-0.134035 -0.990014 0.043661 93.543098
81871 31 25 35
-0.160958 -0.986960 0.001548 93.873100
84175 31 25 36
-0.218930 -0.975110 -0.035072 93.653008
86479 31 25 37
-0.331095 -0.942747 -0.040045 93.262070
88783 31 25 38
-0.508108 -0.859117 -0.061184 92.944939
91087 31 25 39
-0.671197 -0.672234 -0.312403 92.065651
93391 31 25 40
-0.548670 -0.341123 -0.763280 88.916740
95695 31 25 41
-0.310388 -0.120764 -0.942908 81.510109
97999 31 25 42
-0.181772 -0.034172 -0.982747 69.015350
100303 31 25 43
-0.119449 0.005298 -0.992826 52.749092
58879 31 26 25
-0.297947 -0.597742 0.744266 79.438538
61183 31 26 26
-0.335390 -0.771130 0.541177 90.504471
63487 31 26 27
-0.341848 -0.928986 0.141862 95.775131
65791 31 26 28
-0.278510 -0.936822 -0.211652 94.964478
68095 31 26 29
-0.208184 -0.914801 -0.346120 90.045845
70399 31 26 30
-0.156158 -0.934048 -0.321198 83.877396
86527 31 26 37
-0.114317 -0.982607 0.146336 81.552406
88831 31 26 38
-0.204838 -0.969501 0.134570 83.661156
91135 31 26 39
-0.317313 -0.948304 -0.005624 84.671211
93439 31 26 40
-0.389672 -0.858445 -0.333509 82.897438
95743 31 26 41
-0.352137 -0.644077 -0.679091 76.646141
98047 31 26 42
-0.265088 -0.429910 -0.863079 65.347176
100351 31 26 43
-0.194969 -0.286256 -0.938107 50.326221
102655 31 26 44
-0.148301 -0.195534 -0.969419 34.438309
40495 31 27 17
-0.853728 -0.514937 0.077382 42.217609
42799 31 27 18
-0.813889 -0.564001 -0.139597 41.673180
56623 31 27 24
-0.364275 -0.607689 0.705703 55.210354
58927 31 27 25
-0.372640 -0.715920 0.590422 67.349243
61231 31 27 26
-0.385419 -0.861015 0.331820 76.194588
63535 31 27 27
-0.353174 -0.935456 0.013811 79.454071
65839 31 27 28
-0.287805 -0.933995 -0.211713 77.126427
88879 31 27 38
-0.095172 -0.977565 0.187908 67.872177
91183 31 27 39
-0.179203 -0.980802 0.076908 70.403404
93487 31 27 40
-0.255644 -0.955514 -0.147103 69.981209
95791 31 27 41
-0.287314 -0.854326 -0.433102 65.264336
98095 31 27 42
-0.266988 -0.692478 -0.670218 55.956234
100399 31 27 43
-0.224267 -0.534078 -0.815147 43.318024
102703 31 27 44
-0.182649 -0.409822 -0.893692 29.824442
40543 31 28 17
-0.803918 -0.594180 0.025785 33.991039
42847 31 28 18
-0.784047 -0.599190 -0.161993 32.924049
56671 31 28 24
-0.386391 -0.700137 0.600425 43.920872
58975 31 28 25
-0.391889 -0.811318 0.433804 53.124031
61279 31 28 26
-0.384374 -0.906786 0.173196 58.917606
88927 31 28 38
-0.046202 -0.976029 0.212681 48.987148
91231 31 28 39
-0.113651 -0.987126 0.112545 52.241119
93535 31 28 40
-0.179740 -0.981750 -0.062131 52.829552
95839 31 28 41
-0.223514 -0.931655 -0.286463 49.740112
98143 31 28 42
-0.233743 -0.830804 -0.505103 42.866138
100447 31 28 43
-0.217705 -0.705524 -0.674418 33.297710
102751 31 28 44
-0.190303 -0.585509 -0.788013 23.000635
56719 31 29 24
-0.368652 -0.793910 0.483532 32.255310
59023 31 29 25
-0.370071 -0.880604 0.295947 38.366085
88400 32 17 38
-0.389698 0.838557 -0.380732 42.663925
88448 32 18 38
-0.415229 0.764138 -0.493638 57.653244
90752 32 18 39
-0.284551 0.678610 -0.677141 46.714699
86192 32 19 37
-0.587851 0.721546 -0.365790 78.540756
88496 32 19 38
-0.438354 0.639254 -0.631822 70.258980
90800 32 19 39
-0.259358 0.588943 -0.765428 58.111629
60896 32 20 26
0.053356 0.908016 0.415524 69.904610
63200 32 20 27
0.052841 0.968500 0.243341 75.139755
65504 32 20 28
-0.010194 0.996999 0.076740 77.238998
67808 32 20 29
-0.130970 0.990991 0.028009 77.700096
70112 32 20 30
-0.261310 0.957819 0.119578 78.389542
72416 32 20 31
-0.347603 0.905697 0.242661 80.377838
74720 32 20 32
-0.405782 0.861492 0.305243 83.677254
77024 32 20 33
-0.482043 0.823808 0.298286 87.599365
79328 32 20 34
-0.597480 0.770656 0.221600 91.110939
81632 32 20 35
-0.728817 0.682909 0.049606 92.983040
83936 32 20 36
-0.791283 0.565188 -0.233310 91.968956
86240 32 20 37
-0.691804 0.469922 -0.548252 87.201843
88544 32 20 38
-0.468743 0.454338 -0.757534 78.627586
90848 32 20 39
-0.249651 0.505084 -0.826174 67.099419
60944 32 21 26
-0.058753 0.891163 0.449863 83.708763
63248 32 21 27
-0.093581 0.981376 0.167760 87.719406
65552 32 21 28
-0.198543 0.975461 -0.095167 88.008919
67856 32 21 29
-0.370610 0.919446 -0.131407 86.790443
70160 32 21 30
-0.550409 0.830681 0.083772 86.470558
72464 32 21 31
-0.633222 0.701330 0.327361 88.209892
74768 32 21 32
-0.672275 0.610280 0.419052 91.649162
77072 32 21 33
-0.749456 0.551940 0.365621 95.483322
79376 32 21 34
-0.866166 0.466236 0.179945 98.192200
81680 32 21 35
-0.940774 0.320609 -0.110249 98.570648
83984 32 21 36
-0.895621 0.181961 -0.405899 96.030365
86288 32 21 37
-0.754963 0.154620 -0.637278 90.664177
88592 32 21 38
-0.551141 0.274465 -0.787980 83.019394
40256 32 22 17
-0.827792 0.262952 0.495598 56.107990
42560 32 22 18
-0.898531 0.343648 0.273034 62.649788
47168 32 22 20
-0.860380 0.475105 -0.184449 63.502743
49472 32 22 21
-0.822993 0.549332 -0.144626 61.531582
51776 32 22 22
-0.728241 0.625973 0.278969 61.800014
60992 32 22 26
-0.305558 0.768094 0.562730 93.939491
40304 32 23 17
-0.846356 -0.121938 0.518471 57.331676
42608 32 23 18
-0.940036 -0.178721 0.290501 63.966114
44912 32 23 19
-0.970923 -0.239392 -0.000458 65.997078
47216 32 23 20
-0.932977 -0.292068 -0.210356 64.646866
49520 32 23 21
-0.928650 -0.340371 -0.147501 62.607944
51824 32 23 22
-0.879167 -0.313588 0.358786 63.141159
56432 32 23 24
-0.457954 -0.015192 0.888846 78.610458
58736 32 23 25
-0.477766 0.098373 0.872962 90.270020
61040 32 23 26
-0.647423 0.281432 0.708265 99.361427
63344 32 23 27
-0.838914 0.521575 0.155510 103.235016
95600 32 23 41
-0.492775 0.464970 -0.735510 68.944336
97904 32 23 42
-0.346629 0.415355 -0.841028 56.824493
100208 32 23 43
-0.254690 0.359222 -0.897827 42.184269
40352 32 24 17
-0.807652 -0.393886 0.438807 52.640915
42656 32 24 18
-0.824910 -0.525521 0.208209 58.124310
44960 32 24 19
-0.777255 -0.628519 -0.028941 59.474289
47264 32 24 20
-0.704213 -0.693105 -0.153917 57.948502
49568 32 24 21
-0.669535 -0.740521 -0.057893 56.229877
51872 32 24 22
-0.639706 -0.702904 0.310971 57.515991
58784 32 24 25
-0.552613 -0.299319 0.777835 88.408669
61088 32 24 26
-0.723479 -0.268403 0.636033 98.998924
63392 32 24 27
-0.946913 -0.215539 0.238535 104.238525
65696 32 24 28
-0.963414 -0.125027 -0.237070 104.111389
74912 32 24 32
-0.879245 -0.469134 0.082709 95.955666
77216 32 24 33
-0.847162 -0.523853 0.088855 96.981186
79520 32 24 34
-0.852434 -0.522503 -0.018621 97.446381
95648 32 24 41
-0.729346 0.151845 -0.667081 73.410316
97952 32 24 42
-0.534380 0.154837 -0.830942 61.605637
100256 32 24 43
-0.389818 0.148082 -0.908908 46.570648
61136 32 25 26
-0.682390 -0.527174 0.506391 92.510513
63440 32 25 27
-0.779222 -0.592959 0.203007 98.625870
65744 32 25 28
-0.774663 -0.620516 -0.121893 99.141945
68048 32 25 29
-0.708906 -0.644253 -0.287039 95.961861
70352 32 25 30
-0.651616 -0.707597 -0.273319 91.785088
72656 32 25 31
-0.605263 -0.781510 -0.151326 88.686440
74960 32 25 32
-0.566408 -0.823683 -0.027003 87.427528
77264 32 25 33
-0.550042 -0.834537 0.031660 87.565933
79568 32 25 34
-0.568237 -0.822581 0.021615 88.067299
81872 32 25 35
-0.627201 -0.778306 -0.029305 88.039261
84176 32 25 36
-0.724381 -0.684832 -0.079231 87.225746
86480 32 25 37
-0.832729 -0.545717 -0.093565 85.989449
98000 32 25 42
-0.642639 -0.137709 -0.753692 61.703075
100304 32 25 43
-0.491750 -0.085270 -0.866551 47.114212
61184 32 26 26
-0.651532 -0.653462 0.385350 80.627953
63488 32 26 27
-0.662645 -0.738017 0.127408 86.130058
65792 32 26 28
-0.609659 -0.785882 -0.103469 86.237297
68096 32 26 29
-0.530015 -0.817413 -0.225656 82.578918
70400 32 26 30
-0.458464 -0.857681 -0.232798 77.622505
81920 32 26 35
-0.393673 -0.916532 0.070639 73.099831
84224 32 26 36
-0.477549 -0.876173 0.065337 74.386948
86528 32 26 37
-0.597003 -0.800541 0.052167 75.427071
88832 32 26 38
-0.714167 -0.699762 0.017283 76.061394
91136 32 26 39
-0.790669 -0.608089 -0.071209 75.700043
93440 32 26 40
-0.809599 -0.538349 -0.233945 73.137672
88880 32 27 38
-0.516723 -0.851275 0.091254 61.859409
91184 32 27 39
-0.611750 -0.791000 -0.008996 62.732021
93488 32 27 40
-0.663854 -0.729755 -0.163571 61.152206
95792 32 27 41
-0.661794 -0.661250 -0.353238 56.199303
88928 32 28 38
-0.378079 -0.915597 0.136887 44.835911
91232 32 28 39
-0.466536 -0.883747 0.036543 46.541939
93536 32 28 40
-0.529215 -0.841801 -0.106312 45.942013
95840 32 28 41
-0.553178 -0.786345 -0.275056 42.431004
60897 33 20 26
-0.442749 0.792035 0.420302 66.717323
63201 33 20 27
-0.539987 0.816756 0.203282 71.614807
65505 33 20 28
-0.644787 0.764333 -0.006651 72.874687
70113 33 20 30
-0.792585 0.609711 0.007908 71.683083
72417 33 20 31
-0.804853 0.581693 0.117660 72.577896
74721 33 20 32
-0.797977 0.577773 0.171497 74.819092
77025 33 20 33
-0.804595 0.572709 0.156942 77.548897
79329 33 20 34
-0.834018 0.544109 0.091429 79.729599
81633 33 20 35
-0.873132 0.487367 -0.010644 80.486481
83937 33 20 36
-0.894797 0.422797 -0.143459 79.172684
86241 33 20 37
-0.870418 0.387911 -0.303145 75.358406
88545 33 20 38
-0.779338 0.410872 -0.473093 68.888313
90849 33 20 39
-0.627302 0.480152 -0.613145 59.992649
93153 33 20 40
-0.463685 0.551639 -0.693318 49.337219
60945 33 21 26
-0.673418 0.626943 0.391728 78.075668
63249 33 21 27
-0.778656 0.619224 0.101276 81.740982
65553 33 21 28
-0.835549 0.534270 -0.128111 81.376755
74769 33 21 32
-0.930774 0.302017 0.206022 81.396095
77073 33 21 33
-0.941659 0.287635 0.174770 84.417618
79377 33 21 34
-0.964041 0.257628 0.065207 86.366066
81681 33 21 35
-0.975877 0.202950 -0.080472 86.261269
83985 33 21 36
-0.964406 0.145607 -0.220726 83.865524
86289 33 21 37
-0.930823 0.129017 -0.341941 79.491814
88593 33 21 38
-0.868634 0.191897 -0.456783 73.555435
90897 33 21 39
-0.754024 0.329124 -0.568441 66.199921
93201 33 21 40
-0.595897 0.464847 -0.654847 57.301376
47169 33 22 20
-0.948200 0.317597 -0.006933 51.518101
49473 33 22 21
-0.944818 0.326670 0.024600 51.402515
51777 33 22 22
-0.909945 0.320716 0.262947 53.033180
54081 33 22 23
-0.798358 0.289003 0.528300 58.403896
56385 33 22 24
-0.727802 0.271452 0.629777 67.458092
58689 33 22 25
-0.763164 0.290376 0.577289 77.685654
60993 33 22 26
-0.868508 0.333019 0.367139 85.509628
63297 33 22 27
-0.933625 0.355428 0.044882 88.620834
79425 33 22 34
-0.998841 0.043060 0.021519 88.547356
81729 33 22 35
-0.990753 -0.001089 -0.135677 87.663010
90945 33 22 39
-0.891341 0.160207 -0.424081 69.583092
93249 33 22 40
-0.786430 0.308812 -0.534943 62.960949
95553 33 22 41
-0.638687 0.398453 -0.658266 54.164761
42609 33 23 18
-0.948318 -0.123013 0.292507 48.647041
44913 33 23 19
-0.981396 -0.160605 0.105207 51.948769
47217 33 23 20
-0.979756 -0.198409 -0.026667 52.421623
49521 33 23 21
-0.973294 -0.229419 0.008062 52.038597
51825 33 23 22
-0.939129 -0.228050 0.256962 53.561958
54129 33 23 23
-0.835704 -0.176694 0.519979 59.105465
56433 33 23 24
-0.779523 -0.119339 0.614901 68.607124
58737 33 23 25
-0.824375 -0.070273 0.561665 79.471626
61041 33 23 26
-0.929644 -0.012559 0.368244 88.019318
63345 33 23 27
-0.995263 0.060094 0.076427 91.809799
65649 33 23 28
-0.981299 0.122688 -0.148324 91.027916
95601 33 23 41
-0.813055 0.177433 -0.554490 58.686516
97905 33 23 42
-0.665228 0.214032 -0.715305 48.236923
100209 33 23 43
-0.529729 0.221094 -0.818843 35.673058
42657 33 24 18
-0.875118 -0.422275 0.236329 43.727116
44961 33 24 19
-0.863025 -0.500980 0.064851 46.248886
47265 33 24 20
-0.829609 -0.557107 -0.037158 46.326351
49569 33 24 21
-0.809738 -0.586566 0.016244 45.919315
58785 33 24 25
-0.786549 -0.321494 0.527241 75.300743
61089 33 24 26
-0.882903 -0.286527 0.372001 84.955849
63393 33 24 27
-0.961244 -0.239219 0.137058 90.108192
65697 33 24 28
-0.980142 -0.182927 -0.076544 90.563202
68001 33 24 29
-0.972928 -0.150890 -0.175053 88.141068
70305 33 24 30
-0.974830 -0.166566 -0.148197 85.266525
72609 33 24 31
-0.973637 -0.222582 -0.049891 83.620255
74913 33 24 32
-0.957706 -0.285926 0.032345 83.555107
77217 33 24 33
-0.943537 -0.328649 0.041564 84.281708
79521 33 24 34
-0.940804 -0.338093 -0.024095 84.515274
97953 33 24 42
-0.771891 -0.010316 -0.635671 49.933067
100257 33 24 43
-0.633872 0.022354 -0.773115 37.625046
47313 33 25 20
-0.715624 -0.697055 -0.044684 36.146835
61137 33 25 26
-0.814107 -0.461493 0.352498 76.475250
63441 33 25 27
-0.866927 -0.472547 0.158549 82.445839
65745 33 25 28
-0.877844 -0.478178 -0.027110 83.823326
68049 33 25 29
-0.859636 -0.491752 -0.138586 81.947067
70353 33 25 30
-0.836029 -0.527115 -0.152330 78.933609
72657 33 25 31
-0.812751 -0.575241 -0.092382 76.546532
74961 33 25 32
-0.790004 -0.612874 -0.016729 75.554832
77265 33 25 33
-0.778584 -0.627165 0.021704 75.685066
79569 33 25 34
-0.789273 -0.614023 0.004910 76.019028
81873 33 25 35
-0.822349 -0.566499 -0.053116 75.615875
84177 33 25 36
-0.867781 -0.483607 -0.114374 74.076836
98001 33 25 42
-0.809484 -0.198918 -0.552419 47.912361
63489 33 26 27
-0.773935 -0.619313 0.132195 69.283073
65793 33 26 28
-0.749487 -0.661544 -0.025090 70.514641
68097 33 26 29
-0.703397 -0.699871 -0.124154 68.611694
81921 33 26 35
-0.642235 -0.765880 0.031012 62.682961
84225 33 26 36
-0.715374 -0.698700 -0.007679 62.930504
86529 33 26 37
-0.795839 -0.603770 -0.045848 62.403587
88833 33 26 38
-0.857445 -0.508966 -0.075778 61.220978
86577 33 27 37
-0.648402 -0.760173 0.041370 49.145710
88881 33 27 38
-0.733221 -0.679902 -0.011019 49.456375
91185 33 27 39
-0.789487 -0.608639 -0.079176 48.600582
88929 33 28 38
-0.606385 -0.793859 0.045671 35.734997
91233 33 28 39
-0.675286 -0.736627 -0.037012 35.837288
67714 34 18 29
-0.574487 0.817757 -0.035195 41.172302
70018 34 18 30
-0.601218 0.795674 -0.073751 40.268089
63154 34 19 27
-0.676019 0.704244 0.216883 50.473270
65458 34 19 28
-0.744159 0.667067 0.035342 52.373508
67762 34 19 29
-0.785632 0.615805 -0.059723 52.047878
70066 34 19 30
-0.805272 0.590394 -0.054506 51.066280
72370 34 19 31
-0.802618 0.596483 -0.003455 50.588882
60898 34 20 26
-0.766789 0.539949 0.347117 56.080215
63202 34 20 27
-0.853420 0.502541 0.138301 60.309799
65506 34 20 28
-0.901105 0.431688 -0.040684 60.994610
74722 34 20 32
-0.920843 0.377489 0.097730 59.909229
77026 34 20 33
-0.910392 0.404113 0.088768 61.744160
79330 34 20 34
-0.910642 0.411424 0.038218 63.038353
88546 34 20 38
-0.883512 0.358558 -0.301401 54.082829
90850 34 20 39
-0.809332 0.409012 -0.421533 47.681400
93154 34 20 40
-0.701008 0.472285 -0.534354 39.730148
60946 34 21 26
-0.899661 0.335021 0.279950 64.069115
63250 34 21 27
-0.952802 0.297659 0.059728 67.249229
77074 34 21 33
-0.975951 0.185975 0.113724 67.346123
79378 34 21 34
-0.981464 0.187475 0.039767 68.910744
81682 34 21 35
-0.983177 0.173052 -0.058440 68.739189
88594 34 21 38
-0.944644 0.154987 -0.289184 58.704922
90898 34 21 39
-0.898656 0.224956 -0.376579 53.088535
93202 34 21 40
-0.814842 0.318960 -0.484043 46.129322
60994 34 22 26
-0.963441 0.116968 0.241040 68.490417
63298 34 22 27
-0.991552 0.125377 0.033250 71.287094
79426 34 22 34
-0.999337 0.025014 0.026458 70.856316
81730 34 22 35
-0.996457 0.004185 -0.084004 70.321098
84034 34 22 36
-0.983727 -0.018395 -0.178723 67.814529
88642 34 22 38
-0.966970 -0.019053 -0.254177 59.787296
90946 34 22 39
-0.954712 0.036747 -0.295253 55.204807
93250 34 22 40
-0.913325 0.124252 -0.387813 49.684082
95554 34 22 41
-0.829213 0.209287 -0.518270 42.472210
61042 34 23 26
-0.964944 -0.091687 0.245921 68.698212
63346 34 23 27
-0.996991 -0.044853 0.063216 72.148209
65650 34 23 28
-0.997012 0.007075 -0.076919 71.859428
97906 34 23 42
-0.813802 0.063397 -0.577674 36.012161
65698 34 24 28
-0.982739 -0.183872 -0.020367 69.982681
68002 34 24 29
-0.984823 -0.148882 -0.089212 68.621590
70306 34 24 30
-0.986282 -0.143317 -0.081908 66.686333
72610 34 24 31
-0.985344 -0.168633 -0.025706 65.546341
74914 34 24 32
-0.977623 -0.208386 0.028783 65.622185
77218 34 24 33
-0.969374 -0.242398 0.039454 66.397736
68050 34 25 29
-0.915612 -0.397279 -0.061843 62.546654
70354 34 25 30
-0.908018 -0.410781 -0.082231 60.852821
72658 34 25 31
-0.897944 -0.437190 -0.050608 59.391048
74962 34 25 32
-0.885991 -0.463700 -0.001365 58.865631
77266 34 25 33
-0.877890 -0.478204 0.025122 59.171986
79570 34 25 34
-0.880465 -0.474077 0.005760 59.566059
81874 34 25 35
-0.892973 -0.446589 -0.056190 59.123020
81922 34 26 35
-0.774745 -0.632271 0.001953 48.550869
84226 34 26 36
-0.817032 -0.573650 -0.058179 48.033474
65411 35 18 28
-0.760192 0.647920 0.048027 31.609793
67715 35 18 29
-0.780673 0.621275 -0.067584 31.392799
63155 35 19 27
-0.860289 0.480845 0.169384 38.163280
65459 35 19 28
-0.900091 0.435656 0.006291 39.455616
67763 35 19 29
-0.913684 0.398294 -0.080892 38.764004
63203 35 20 27
-0.951431 0.290714 0.101316 44.449097
65507 35 20 28
-0.970235 0.238198 -0.043645 44.849453
77027 35 20 33
-0.949578 0.307463 0.061385 43.765167
79331 35 20 34
-0.941673 0.335928 0.020086 44.578045
79379 35 21 34
-0.986481 0.158989 0.039734 49.335144
81731 35 22 35
-0.998786 0.019690 -0.045148 51.085976
84035 35 22 36
-0.991160 0.008014 -0.132431 49.400093
81779 35 23 35
-0.993724 -0.097383 -0.055045 50.337051
84083 35 23 36
-0.982741 -0.109687 -0.148956 48.448021
86387 35 23 37
-0.970183 -0.125073 -0.207611 45.246056
84131 35 24 36
-0.962832 -0.224139 -0.150721 45.501022
86435 35 24 37
-0.951260 -0.222148 -0.213905 42.267105
70355 35 25 30
-0.941964 -0.333377 -0.039546 41.503258
72659 35 25 31
-0.937433 -0.347534 -0.020959 40.862968
65460 36 19 28
-0.959141 0.282876 -0.005526 25.894091
84084 36 23 36
-0.990052 -0.086546 -0.110932 32.052143
86388 36 23 37
-0.976094 -0.102143 -0.191852 29.801823
84132 36 24 36
-0.970359 -0.211254 -0.117363 29.875168
86436 36 24 37
-0.953675 -0.218215 -0.207090 27.570421
86485 37 25 37
-0.925460 -0.326252 -0.192570 14.075875
