2.000000
24 24 24
13.005416 30.866665 14.082623
-10.994584 6.866665 -9.917377
156.970332 4127.051249 1241.601273
10083 3 12 17
0.709063 -0.104151 -0.697411 55.668934
10107 3 13 17
0.671635 -0.406152 -0.619634 49.648979
6580 4 10 11
0.836032 0.424718 0.347370 117.433098
7156 4 10 12
0.888556 0.428661 0.163458 126.718773
7732 4 10 13
0.894861 0.440141 -0.074161 128.431808
8308 4 10 14
0.830270 0.455441 -0.321287 120.995415
6028 4 11 10
0.884151 0.031234 0.466157 111.037209
6604 4 11 11
0.938180 -0.022905 0.345389 124.774124
7180 4 11 12
0.982508 -0.043821 0.180992 133.823944
7756 4 11 13
0.999119 -0.016335 -0.038658 136.420792
8332 4 11 14
0.952981 0.047656 -0.299259 130.621399
8908 4 11 15
0.826388 0.121512 -0.549834 115.892715
9484 4 11 16
0.647787 0.181247 -0.739947 94.202614
10060 4 11 17
0.466337 0.217155 -0.857539 69.512093
9508 4 12 16
0.677174 -0.205491 -0.706547 93.945770
10084 4 12 17
0.490280 -0.121196 -0.863097 71.028084
10108 4 13 17
0.463427 -0.437876 -0.770390 63.411179
10684 4 13 18
0.313124 -0.350275 -0.882758 43.757519
10132 4 14 17
0.415024 -0.635596 -0.650978 49.708271
6005 5 10 10
0.677283 0.514065 0.526331 127.937302
6581 5 10 11
0.722074 0.527910 0.447123 144.011292
7157 5 10 12
0.802951 0.538590 0.255325 155.539886
7733 5 10 13
0.834027 0.546925 -0.072608 158.700790
8309 5 10 14
0.737921 0.527967 -0.420386 150.013184
5453 5 11 9
0.779967 0.135960 0.610873 120.179810
6029 5 11 10
0.820101 0.076200 0.567122 137.879898
6605 5 11 11
0.872942 -0.008966 0.487742 152.583389
7181 5 11 12
0.950240 -0.055260 0.306580 163.466751
7757 5 11 13
0.999110 -0.025937 -0.033274 167.437317
8333 5 11 14
0.892513 0.055873 -0.447547 160.540802
8909 5 11 15
0.661977 0.128868 -0.738363 141.274017
9485 5 11 16
0.440085 0.171674 -0.881393 112.589493
5477 5 12 9
0.794360 -0.310159 0.522297 117.336769
6053 5 12 10
0.788986 -0.441865 0.426914 132.026169
8357 5 12 14
0.816904 -0.478560 -0.321943 153.551605
8933 5 12 15
0.665619 -0.345477 -0.661511 137.635574
9509 5 12 16
0.455261 -0.216593 -0.863611 111.968300
10085 5 12 17
0.272128 -0.123788 -0.954266 81.955910
6077 5 13 10
0.675163 -0.682041 0.281024 112.770622
8381 5 13 14
0.679042 -0.706115 -0.200757 132.862549
10109 5 13 17
0.267684 -0.419515 -0.867382 73.412201
10685 5 13 18
0.135552 -0.329849 -0.934251 48.654163
7853 5 15 13
0.651562 -0.756384 0.057875 80.872894
7877 5 16 13
0.666671 -0.744711 0.030909 58.652809
7901 5 17 13
0.657614 -0.753341 -0.004661 40.563847
6582 6 10 11
0.608086 0.562785 0.559915 163.744202
6030 6 11 10
0.755248 0.119032 0.644540 157.665146
6606 6 11 11
0.735586 -0.020101 0.677133 171.469162
8334 6 11 14
0.783155 0.021604 -0.621451 182.883331
8910 6 11 15
0.478465 0.101566 -0.872213 160.391052
4902 6 12 8
0.766269 -0.216817 0.604832 123.878990
5478 6 12 9
0.787982 -0.343102 0.511240 140.608368
6054 6 12 10
0.727652 -0.518388 0.449218 152.630692
8358 6 12 14
0.679053 -0.586429 -0.441574 175.111725
8934 6 12 15
0.477941 -0.359648 -0.801390 156.064438
4926 6 13 8
0.689507 -0.531425 0.492105 110.657356
5502 6 13 9
0.677584 -0.650700 0.342740 124.850464
6078 6 13 10
0.618522 -0.742053 0.258433 134.203674
8382 6 13 14
0.570638 -0.773844 -0.274840 154.168594
8958 6 13 15
0.453873 -0.634995 -0.625125 138.505829
8430 6 15 14
0.586131 -0.778721 -0.223706 99.157242
7878 6 16 13
0.674926 -0.737861 -0.006025 77.942383
8454 6 16 14
0.600684 -0.759144 -0.250758 73.975212
7902 6 17 13
0.663247 -0.746830 -0.048467 56.469639
7735 7 10 13
0.831534 0.553537 0.046340 200.719894
8311 7 10 14
0.616560 0.468631 -0.632644 192.654419
8335 7 11 14
0.662506 -0.081596 -0.744599 198.385208
8911 7 11 15
0.366568 0.051573 -0.928961 174.624268
4903 7 12 8
0.830070 -0.235320 0.505577 149.247375
5479 7 12 9
0.865033 -0.345868 0.363447 161.138474
6055 7 12 10
0.768360 -0.538608 0.345724 168.162094
7783 7 12 13
0.565682 -0.805266 0.177627 193.533188
8359 7 12 14
0.563530 -0.645791 -0.515158 190.038574
8935 7 12 15
0.373851 -0.338181 -0.863637 169.748306
4927 7 13 8
0.716752 -0.549682 0.429088 135.502045
5503 7 13 9
0.718590 -0.648588 0.250921 146.798416
8383 7 13 14
0.534346 -0.776379 -0.334231 171.019806
8959 7 13 15
0.404789 -0.580733 -0.706325 153.436752
4951 7 14 8
0.621884 -0.690285 0.369821 111.480911
5527 7 14 9
0.644945 -0.728944 0.229537 122.800934
8407 7 14 14
0.579484 -0.763956 -0.283848 146.413406
8983 7 14 15
0.450146 -0.664979 -0.595963 130.126678
8431 7 15 14
0.621751 -0.726701 -0.292116 120.252792
4208 8 7 7
0.851598 0.399164 0.339778 127.213417
4784 8 7 8
0.893757 0.439858 0.087885 136.147003
7664 8 7 13
0.655898 0.749620 -0.088704 151.389572
8240 8 7 14
0.592851 0.705410 -0.388489 139.740112
3656 8 8 6
0.741850 0.237996 0.626910 119.440689
4232 8 8 7
0.880712 0.277093 0.384142 141.551682
4808 8 8 8
0.935223 0.324386 0.141886 152.393738
7688 8 8 13
0.718003 0.692305 -0.072006 183.684937
8264 8 8 14
0.607037 0.638496 -0.473107 171.759552
3680 8 9 6
0.747232 0.168779 0.642774 128.251144
4256 8 9 7
0.880000 0.211951 0.425060 151.752441
4832 8 9 8
0.943314 0.268211 0.195503 164.114334
7136 8 9 12
0.763463 0.476891 0.435544 198.792755
7712 8 9 13
0.804930 0.593204 -0.014012 205.665451
8288 8 9 14
0.611388 0.534107 -0.583896 195.549911
7736 8 10 13
0.951359 0.255913 0.171538 215.317856
8312 8 10 14
0.615874 0.299071 -0.728873 208.377441
8888 8 10 15
0.360450 0.261402 -0.895402 181.279587
5456 8 11 9
0.988303 0.109218 0.106437 184.410751
8336 8 11 14
0.599826 -0.224050 -0.768122 209.825104
8912 8 11 15
0.334081 0.003743 -0.942537 186.648102
4904 8 12 8
0.907899 -0.246504 0.339051 176.710648
5480 8 12 9
0.955793 -0.282218 0.082542 182.576004
8360 8 12 14
0.555311 -0.637355 -0.534236 201.514236
4928 8 13 8
0.770032 -0.540406 0.339134 162.637787
5504 8 13 9
0.813850 -0.569679 0.114513 170.308990
5528 8 14 9
0.718596 -0.669431 0.188364 148.321075
7304 8 16 12
0.792469 -0.592900 0.143047 127.240646
7328 8 17 12
0.725608 -0.680159 0.104291 102.381508
7904 8 17 13
0.692043 -0.709041 -0.135418 101.918312
4185 9 6 7
0.639239 0.650274 0.410508 137.635361
4761 9 6 8
0.707151 0.703109 0.074671 147.460083
5337 9 6 9
0.685173 0.720619 -0.106047 145.967667
4209 9 7 7
0.723187 0.484241 0.492454 160.785767
4785 9 7 8
0.833001 0.537011 0.133149 172.924438
5361 9 7 9
0.820576 0.568674 -0.057132 173.559479
7089 9 7 12
0.611421 0.783445 0.111258 179.855438
7665 9 7 13
0.560288 0.817786 -0.131540 180.138199
8241 9 7 14
0.484823 0.739933 -0.466311 166.345047
4233 9 8 7
0.784946 0.321758 0.529464 176.469009
4809 9 8 8
0.921887 0.348031 0.170291 189.476562
7113 9 8 12
0.748668 0.611205 0.256757 206.810211
7689 9 8 13
0.697691 0.705667 -0.123539 209.880035
8265 9 8 14
0.530971 0.614675 -0.583304 196.409988
3681 9 9 6
0.603852 0.200966 0.771347 159.093658
7713 9 9 13
0.900010 0.434355 -0.036301 225.259720
8289 9 9 14
0.566391 0.415469 -0.711749 214.788849
8865 9 9 15
0.356359 0.337687 -0.871192 183.982590
3705 9 10 6
0.638403 0.122029 0.759967 166.532333
7737 9 10 13
0.938630 -0.239997 0.247739 227.532776
8313 9 10 14
0.578451 0.082243 -0.811560 221.453308
3729 9 11 6
0.649094 -0.028758 0.760164 169.022797
8913 9 11 15
0.314034 -0.030843 -0.948911 197.750290
3753 9 12 6
0.614301 -0.254497 0.746904 162.453064
4329 9 12 7
0.784283 -0.272575 0.557318 192.159348
4905 9 12 8
0.944036 -0.255206 0.208965 206.552856
8937 9 12 15
0.349863 -0.249665 -0.902919 193.277588
3777 9 13 6
0.539675 -0.468789 0.699277 144.283112
4353 9 13 7
0.661097 -0.520018 0.540862 174.759567
4929 9 13 8
0.796336 -0.535689 0.280866 192.399750
5505 9 13 9
0.880510 -0.473994 -0.005644 197.103561
6081 9 13 10
0.917310 -0.381478 -0.114091 194.768509
6105 9 14 10
0.859783 -0.504287 0.080423 181.299591
8985 9 14 15
0.453625 -0.489442 -0.744762 166.377899
7305 9 16 12
0.795211 -0.592718 0.127768 158.559937
7881 9 16 13
0.757025 -0.633717 -0.159109 158.298813
8457 9 16 14
0.620932 -0.632676 -0.462779 145.440582
6753 9 17 11
0.658328 -0.695381 0.288184 122.925598
7329 9 17 12
0.685614 -0.721390 0.097622 131.489639
7905 9 17 13
0.656459 -0.733750 -0.175135 129.993286
8481 9 17 14
0.565662 -0.700155 -0.435670 116.428123
6777 9 18 11
0.558542 -0.786883 0.262387 91.840645
3610 10 6 6
0.163261 0.562498 0.810519 128.387405
4186 10 6 7
0.283099 0.769075 0.573044 156.689346
4762 10 6 8
0.384143 0.910755 0.151521 169.871719
7642 10 6 13
0.196416 0.969577 -0.146084 156.557159
8218 10 6 14
0.191303 0.897991 -0.396251 143.976364
4210 10 7 7
0.332135 0.615925 0.714369 181.549957
4786 10 7 8
0.526266 0.805078 0.273665 197.399643
5362 10 7 9
0.559055 0.824862 -0.084019 199.173935
7090 10 7 12
0.325393 0.942391 0.077586 199.471909
7666 10 7 13
0.271116 0.944920 -0.183362 198.171951
8242 10 7 14
0.233787 0.813397 -0.532661 183.277130
4234 10 8 7
0.417877 0.454559 0.786609 199.041428
4810 10 8 8
0.723734 0.592646 0.353524 215.268555
5386 10 8 9
0.808158 0.585176 -0.066707 217.681976
7114 10 8 12
0.542178 0.792474 0.279335 225.261627
7690 10 8 13
0.438924 0.870815 -0.221419 226.657806
8266 10 8 14
0.292959 0.653311 -0.698112 212.401962
7714 10 9 13
0.900657 0.405195 -0.156955 238.297928
8290 10 9 14
0.360653 0.355323 -0.862366 227.692337
3706 10 10 6
0.372824 0.191253 0.907978 189.755081
7738 10 10 13
0.681701 -0.686454 0.253111 236.338409
3730 10 11 6
0.434120 -0.001155 0.900854 194.270477
9490 10 11 16
0.189398 0.040342 -0.981071 168.900772
3754 10 12 6
0.435178 -0.276355 0.856883 188.088120
4330 10 12 7
0.663445 -0.318908 0.676859 220.177841
4906 10 12 8
0.937998 -0.288052 0.192835 234.153671
8938 10 12 15
0.232058 -0.231050 -0.944862 202.327988
9514 10 12 16
0.177870 -0.120295 -0.976674 167.227478
3778 10 13 6
0.387461 -0.505579 0.770885 168.489944
4354 10 13 7
0.538443 -0.574128 0.616812 202.165588
4930 10 13 8
0.746853 -0.588199 0.310213 220.743652
6082 10 13 10
0.931238 -0.238151 -0.275826 218.820023
8962 10 13 15
0.254347 -0.351986 -0.900785 193.679962
9538 10 13 16
0.174187 -0.271022 -0.946682 158.678711
6106 10 14 10
0.882834 -0.469044 0.024521 209.223099
8986 10 14 15
0.287940 -0.429277 -0.856044 180.669785
7858 10 15 13
0.814675 -0.521388 -0.253887 203.243896
8434 10 15 14
0.537351 -0.539869 -0.647916 190.159149
9010 10 15 15
0.323197 -0.491558 -0.808650 162.727097
7306 10 16 12
0.730801 -0.672671 0.115946 187.144485
7882 10 16 13
0.680174 -0.688189 -0.252506 185.181229
8458 10 16 14
0.508759 -0.630824 -0.585854 169.130920
6178 10 17 10
0.488990 -0.763490 0.421867 132.509811
6754 10 17 11
0.542029 -0.777853 0.318041 149.147110
7330 10 17 12
0.584632 -0.804460 0.105117 158.633301
7906 10 17 13
0.568606 -0.793209 -0.217962 156.467712
8482 10 17 14
0.480701 -0.713784 -0.509351 140.144226
6202 10 18 10
0.400518 -0.818730 0.411420 97.648018
6778 10 18 11
0.440464 -0.849039 0.291762 113.102493
4115 11 3 7
-0.021864 0.963202 0.267888 64.618477
4139 11 4 7
-0.092975 0.926130 0.365566 95.032944
4715 11 4 8
-0.070033 0.997363 0.019043 101.687241
4163 11 5 7
-0.180354 0.852811 0.490087 127.239296
4739 11 5 8
-0.155814 0.982661 0.100497 138.192352
8195 11 5 14
-0.118469 0.956287 -0.267358 102.849457
8771 11 5 15
-0.077732 0.888420 -0.452403 88.267288
4187 11 6 7
-0.261772 0.734727 0.625820 157.112259
4763 11 6 8
-0.253783 0.941643 0.221138 172.531830
5339 11 6 9
-0.190304 0.975115 -0.113733 173.525269
7643 11 6 13
-0.159756 0.976264 -0.146242 157.421204
8219 11 6 14
-0.129638 0.918727 -0.373007 145.468475
8795 11 6 15
-0.073140 0.799294 -0.596472 123.224770
4211 11 7 7
-0.303878 0.598080 0.741592 181.772003
4787 11 7 8
-0.339122 0.862983 0.374509 200.324875
5363 11 7 9
-0.266995 0.962649 -0.044945 204.127762
5939 11 7 10
-0.204860 0.973325 -0.103299 201.264908
7091 11 7 12
-0.204174 0.978187 0.038250 201.808685
7667 11 7 13
-0.191644 0.964189 -0.183336 199.731522
8243 11 7 14
-0.131176 0.850415 -0.509497 185.587219
4235 11 8 7
-0.284549 0.501943 0.816753 200.978928
4811 11 8 8
-0.361355 0.776251 0.516581 220.051941
5387 11 8 9
-0.315890 0.948553 -0.021459 224.444138
5963 11 8 10
-0.248444 0.965256 -0.080972 222.856110
7115 11 8 12
-0.284186 0.931948 0.225191 228.513992
7691 11 8 13
-0.253180 0.939067 -0.232494 228.997849
8267 11 8 14
-0.117490 0.713834 -0.690389 215.575027
4259 11 9 7
-0.202029 0.470603 0.858904 216.525543
4835 11 9 8
-0.252839 0.779761 0.572752 233.550079
5411 11 9 9
-0.156265 0.940756 -0.300929 235.627289
5987 11 9 10
-0.063258 0.855375 -0.514132 232.138184
7715 11 9 13
-0.564124 0.763867 -0.313484 241.116165
8291 11 9 14
-0.076732 0.410106 -0.908805 231.281769
3707 11 10 6
-0.078752 0.278170 0.957298 196.327805
4283 11 10 7
-0.066606 0.420815 0.904698 229.435532
4859 11 10 8
0.071864 0.866483 0.494006 243.651672
3155 11 11 5
-0.012812 0.041205 0.999069 157.052505
3731 11 11 6
0.008395 0.068323 0.997628 204.260193
4307 11 11 7
0.098673 0.157597 0.982561 237.348267
4883 11 11 8
0.649681 0.595242 0.472866 250.613174
8915 11 11 15
0.037762 -0.112507 -0.992933 210.769882
9491 11 11 16
0.070188 0.004417 -0.997524 174.826263
10067 11 11 17
0.102658 0.043095 -0.993783 128.990158
3755 11 12 6
0.076704 -0.253535 0.964280 200.339005
4331 11 12 7
0.207533 -0.322726 0.923460 235.109650
4907 11 12 8
0.737269 -0.423568 0.526332 250.858292
8939 11 12 15
-0.024621 -0.267064 -0.963364 205.422455
9515 11 12 16
0.015869 -0.160600 -0.986892 171.517548
10091 11 12 17
0.054693 -0.115985 -0.991744 127.310715
3779 11 13 6
0.111509 -0.508195 0.853993 181.693665
4355 11 13 7
0.217952 -0.610822 0.761179 218.646545
6083 11 13 10
0.818657 -0.163732 -0.550447 237.425476
8963 11 13 15
-0.057248 -0.333863 -0.940881 196.848373
9539 11 13 16
-0.024878 -0.283411 -0.958676 162.054871
10115 11 13 17
0.011823 -0.252012 -0.967652 118.695473
4379 11 14 7
0.210079 -0.712766 0.669202 188.641464
4955 11 14 8
0.352097 -0.784424 0.510594 215.268524
5531 11 14 9
0.567287 -0.786876 0.242921 228.203918
6107 11 14 10
0.792594 -0.607548 -0.051773 230.461182
8411 11 14 14
0.062665 -0.364099 -0.929250 210.748703
8987 11 14 15
-0.016177 -0.366037 -0.930459 185.664215
9563 11 14 16
-0.015750 -0.352017 -0.935861 148.046234
7283 11 15 12
0.774880 -0.631918 -0.015503 221.930740
7859 11 15 13
0.518170 -0.585847 -0.623124 217.531342
8435 11 15 14
0.191305 -0.463038 -0.865447 201.340790
9011 11 15 15
0.080114 -0.413124 -0.907144 171.194229
7307 11 16 12
0.527832 -0.843295 0.101224 206.718750
7883 11 16 13
0.468020 -0.784163 -0.407488 203.105499
8459 11 16 14
0.299805 -0.600404 -0.741372 184.725525
5603 11 17 9
0.271756 -0.817961 0.507039 128.558746
6179 11 17 10
0.306243 -0.838995 0.449781 150.652481
7331 11 17 12
0.408831 -0.903145 0.131094 178.718979
7907 11 17 13
0.426433 -0.865899 -0.261482 176.604385
8483 11 17 14
0.364667 -0.714785 -0.596741 158.886612
6203 11 18 10
0.250238 -0.864320 0.436271 111.922012
7355 11 18 12
0.350135 -0.927270 0.132571 140.538147
7931 11 18 13
0.394535 -0.902635 -0.172023 139.914078
4116 12 3 7
-0.338672 0.897338 0.282995 59.491650
4692 12 3 8
-0.325676 0.945325 -0.017204 63.152294
4140 12 4 7
-0.452001 0.812903 0.367266 85.595619
4716 12 4 8
-0.446526 0.893941 0.038520 92.423988
4164 12 5 7
-0.559185 0.693297 0.454589 112.690628
4740 12 5 8
-0.575206 0.809381 0.118493 123.761093
5316 12 5 9
-0.514679 0.846402 -0.136781 122.781845
8772 12 5 15
-0.327134 0.864553 -0.381485 80.502914
10500 12 5 18
-0.176137 0.580393 -0.795060 35.745949
11076 12 5 19
-0.124679 0.437614 -0.890477 24.513895
4188 12 6 7
-0.632789 0.565035 0.529447 138.143951
4764 12 6 8
-0.685001 0.697198 0.211395 153.757187
5340 12 6 9
-0.633299 0.772022 -0.053986 156.389847
8796 12 6 15
-0.323864 0.798484 -0.507480 114.231071
9372 12 6 16
-0.246743 0.692990 -0.677409 90.034302
9948 12 6 17
-0.173380 0.574003 -0.800287 65.549187
10524 12 6 18
-0.107493 0.443128 -0.889990 44.798786
11100 12 6 19
-0.050324 0.303894 -0.951376 29.030937
4212 12 7 7
-0.663550 0.468522 0.583257 160.662964
4788 12 7 8
-0.756200 0.584093 0.294951 179.760391
5364 12 7 9
-0.739462 0.672618 0.027927 185.668442
6516 12 7 11
-0.605176 0.795801 0.021481 184.112564
4236 12 8 7
-0.660369 0.429052 0.616300 180.710297
4812 12 8 8
-0.788080 0.509798 0.345016 200.963181
5388 12 8 9
-0.819602 0.568531 0.070884 207.948074
5964 12 8 10
-0.787956 0.615677 0.008158 208.534805
6540 12 8 11
-0.740649 0.660741 0.121905 210.320663
7116 12 8 12
-0.688830 0.710722 0.142785 214.868439
7692 12 8 13
-0.620688 0.775954 -0.112438 216.068008
8268 12 8 14
-0.447264 0.730206 -0.516482 205.295441
4260 12 9 7
-0.637058 0.433146 0.637606 199.493134
4836 12 9 8
-0.792759 0.501323 0.346712 218.449234
5412 12 9 9
-0.859448 0.510944 0.016889 223.566360
5988 12 9 10
-0.879294 0.473458 -0.051775 222.483353
6564 12 9 11
-0.888778 0.413187 0.198369 223.527084
7140 12 9 12
-0.853136 0.390992 0.345376 228.892273
7716 12 9 13
-0.846333 0.531388 -0.036709 232.499527
8292 12 9 14
-0.489433 0.526226 -0.695371 224.652557
8868 12 9 15
-0.196205 0.411921 -0.889845 199.714432
4860 12 10 8
-0.786718 0.529264 0.317733 233.494034
5436 12 10 9
-0.825501 0.535878 -0.177152 235.160187
6012 12 10 10
-0.830818 0.419322 -0.365937 229.985214
8892 12 10 15
-0.157814 0.133536 -0.978398 209.357147
3156 12 11 5
-0.314573 0.092681 0.944698 148.290817
3732 12 11 6
-0.409685 0.138457 0.901659 194.661209
4308 12 11 7
-0.571779 0.241625 0.784019 228.944916
4884 12 11 8
-0.810375 0.459794 0.363156 245.138336
5460 12 11 9
-0.715673 0.553064 -0.426536 244.681747
8916 12 11 15
-0.183394 -0.175355 -0.967273 208.704193
9492 12 11 16
-0.070917 -0.054259 -0.996005 174.805069
10068 12 11 17
0.004779 -0.006714 -0.999966 131.467316
3756 12 12 6
-0.326798 -0.167300 0.930169 194.228470
4332 12 12 7
-0.449024 -0.160628 0.878963 230.683853
4908 12 12 8
-0.762515 -0.065212 0.643675 249.487564
5484 12 12 9
-0.719622 0.325813 -0.613181 250.742767
9516 12 12 16
-0.146989 -0.237198 -0.960277 168.691803
3780 12 13 6
-0.217367 -0.440230 0.871177 178.884705
4356 12 13 7
-0.251251 -0.513427 0.820528 217.922531
4932 12 13 8
-0.312158 -0.650919 0.691999 241.964233
5508 12 13 9
-0.429958 -0.902074 -0.037389 249.088745
6084 12 13 10
-0.087099 -0.070439 -0.993706 243.828156
6660 12 13 11
-0.038399 0.298830 -0.953534 234.409546
8964 12 13 15
-0.315246 -0.343349 -0.884721 190.719894
9540 12 13 16
-0.202170 -0.317838 -0.926340 156.995071
10116 12 13 17
-0.116625 -0.297840 -0.947465 116.175461
4380 12 14 7
-0.111045 -0.665053 0.738494 191.182312
4956 12 14 8
-0.081896 -0.772491 0.629723 220.722672
5532 12 14 9
-0.025051 -0.922936 0.384138 235.868790
6108 12 14 10
0.050362 -0.985949 -0.159272 238.542130
6684 12 14 11
-0.064693 -0.517021 -0.853524 234.659134
8988 12 14 15
-0.274813 -0.292228 -0.916013 180.141953
9564 12 14 16
-0.188537 -0.319455 -0.928656 143.236435
4404 12 15 7
-0.029293 -0.719517 0.693857 155.446243
4980 12 15 8
0.007938 -0.793987 0.607883 188.171844
5556 12 15 9
0.049047 -0.877126 0.477749 210.520660
6132 12 15 10
0.071906 -0.944060 0.321840 222.299973
7860 12 15 13
-0.312481 -0.366757 -0.876268 219.080490
8436 12 15 14
-0.208376 -0.272379 -0.939355 200.823303
7308 12 16 12
0.053342 -0.994895 0.085661 213.869247
7884 12 16 13
0.046065 -0.799606 -0.598756 209.428009
8460 12 16 14
0.044936 -0.472582 -0.880140 190.447540
5604 12 17 9
0.077391 -0.848195 0.524000 136.801712
7332 12 17 12
0.163421 -0.968141 0.189727 188.972244
7908 12 17 13
0.239648 -0.926875 -0.288914 188.076599
5628 12 18 9
0.079992 -0.854499 0.513257 97.925575
7356 12 18 12
0.206627 -0.956839 0.204365 152.712860
7932 12 18 13
0.294211 -0.946095 -0.135442 154.634354
4717 13 4 8
-0.694738 0.717437 0.051213 72.798065
5293 13 4 9
-0.641832 0.749156 -0.163758 70.610275
5317 13 5 9
-0.730841 0.676853 -0.087982 96.835373
5413 13 9 9
-0.870195 0.476668 0.124691 194.485672
7141 13 9 12
-0.810546 0.520826 0.267873 209.546356
7717 13 9 13
-0.797158 0.601707 0.049876 214.715179
8293 13 9 14
-0.641658 0.627463 -0.441096 209.513184
8869 13 9 15
-0.380028 0.522987 -0.762931 188.778580
5437 13 10 9
-0.868539 0.491422 0.064375 211.935928
8893 13 10 15
-0.351359 0.206666 -0.913146 201.640457
3157 13 11 5
-0.509945 0.133412 0.849798 126.325691
4309 13 11 7
-0.744714 0.266325 0.611942 202.259796
4885 13 11 8
-0.861927 0.380641 0.334955 221.577774
5461 13 11 9
-0.878681 0.477256 -0.012124 226.693909
8917 13 11 15
-0.332061 -0.213075 -0.918877 201.460556
9493 13 11 16
-0.177633 -0.110199 -0.977907 169.778717
10069 13 11 17
-0.073333 -0.059249 -0.995546 129.907547
3757 13 12 6
-0.559639 -0.073077 0.825508 171.702805
4333 13 12 7
-0.696761 -0.016434 0.717115 208.137207
4909 13 12 8
-0.876116 0.110171 0.469343 230.200729
5485 13 12 9
-0.952928 0.303190 -0.002117 236.719589
8365 13 12 14
-0.527788 -0.538293 -0.657024 210.320587
3781 13 13 6
-0.450200 -0.332968 0.828524 161.010773
4357 13 13 7
-0.545685 -0.340395 0.765741 200.217636
5509 13 13 9
-0.951259 -0.222917 0.213107 238.189041
6085 13 13 10
-0.909508 0.031895 -0.414461 236.634094
6661 13 13 11
-0.742109 0.164353 -0.649818 229.051544
5533 13 14 9
-0.594717 -0.680578 0.427932 227.865265
6109 13 14 10
-0.786023 -0.616786 -0.041740 232.315094
6685 13 14 11
-0.841764 -0.278081 -0.462714 228.590378
7261 13 14 12
-0.801769 -0.028048 -0.596975 221.490875
5557 13 15 9
-0.325505 -0.801798 0.501164 205.331757
6133 13 15 10
-0.444556 -0.844905 0.297500 217.360641
7285 13 15 12
-0.851486 -0.387359 -0.353446 219.117538
7861 13 15 13
-0.655976 -0.092757 -0.749061 210.747833
5581 13 16 9
-0.186340 -0.827698 0.529333 173.255157
6157 13 16 10
-0.239558 -0.865782 0.439355 192.032394
5605 13 17 9
-0.105253 -0.836320 0.538043 136.052841
7333 13 17 12
-0.107739 -0.948447 0.298061 189.883392
7909 13 17 13
0.013203 -0.965769 -0.259068 191.604263
7357 13 18 12
0.058916 -0.948973 0.309805 158.141724
7933 13 18 13
0.182811 -0.981897 -0.049575 163.744339
8509 13 18 14
0.285202 -0.818027 -0.499491 153.685608
7957 13 19 13
0.224589 -0.974301 0.017266 125.356079
8533 13 19 14
0.306312 -0.898381 -0.314778 119.060471
7142 14 9 12
-0.721126 0.642529 0.259102 185.205780
7718 14 9 13
-0.719880 0.688935 0.084506 191.763397
8294 14 9 14
-0.656371 0.701615 -0.277332 188.792480
8870 14 9 15
-0.489169 0.623273 -0.610119 172.095383
8894 14 10 15
-0.487223 0.327745 -0.809442 189.193954
9470 14 10 16
-0.278531 0.259596 -0.924679 159.521454
8342 14 11 14
-0.723011 -0.232435 -0.650560 208.369308
8918 14 11 15
-0.408125 -0.179169 -0.895172 191.381241
11222 14 11 19
0.062181 -0.038798 -0.997310 61.320213
4334 14 12 7
-0.733196 0.068819 0.676526 176.040070
4910 14 12 8
-0.843339 0.182445 0.505463 200.864563
7214 14 12 12
-0.977567 -0.013206 -0.210208 212.364914
7790 14 12 13
-0.741918 -0.513415 -0.431235 209.294098
8366 14 12 14
-0.477432 -0.549543 -0.685610 200.531769
11246 14 12 19
0.053051 -0.292677 -0.954739 56.957832
7814 14 13 13
-0.625475 -0.374552 -0.684464 203.125290
8390 14 13 14
-0.427804 -0.442466 -0.788167 189.712204
5534 14 14 9
-0.739752 -0.481663 0.469859 209.290680
6110 14 14 10
-0.887953 -0.445954 0.112537 216.807800
5558 14 15 9
-0.513933 -0.684324 0.517275 189.885452
5582 14 16 9
-0.355521 -0.761336 0.542192 161.468323
6158 14 16 10
-0.427071 -0.785604 0.447701 180.198486
5606 14 17 9
-0.244408 -0.794028 0.556583 128.105713
6182 14 17 10
-0.271225 -0.810878 0.518569 150.441010
7910 14 17 13
-0.275503 -0.957619 -0.084047 189.450928
8486 14 17 14
0.039810 -0.501608 -0.864179 179.960281
9062 14 17 15
0.160506 -0.221955 -0.961755 154.121552
7358 14 18 12
-0.089264 -0.896077 0.434831 157.613998
7934 14 18 13
0.031687 -0.994410 0.100721 167.388641
8510 14 18 14
0.197511 -0.859177 -0.472021 161.970779
9086 14 18 15
0.265415 -0.564743 -0.781422 139.910172
7958 14 19 13
0.119357 -0.985564 0.120073 132.568039
8534 14 19 14
0.221431 -0.940929 -0.256166 130.033951
7719 15 9 13
-0.663628 0.743571 0.081851 166.521805
8295 15 9 14
-0.641999 0.744017 -0.185135 164.765640
8871 15 9 15
-0.544394 0.695268 -0.469295 151.577972
10599 15 9 18
-0.197469 0.518092 -0.832218 71.695381
8895 15 10 15
-0.566211 0.479621 -0.670350 173.313675
9471 15 10 16
-0.370239 0.378924 -0.848139 147.780472
10047 15 10 17
-0.229657 0.322983 -0.918117 116.117638
11199 15 10 19
-0.078152 0.289245 -0.954060 58.350300
8343 15 11 14
-0.790152 0.090116 -0.606249 196.140640
8919 15 11 15
-0.464217 -0.018149 -0.885536 180.282623
11223 15 11 19
-0.028498 -0.016019 -0.999465 61.790154
11799 15 11 20
-0.008771 -0.011561 -0.999895 40.773186
7215 15 12 12
-0.985628 0.168013 0.017574 202.960724
7791 15 12 13
-0.804829 -0.360613 -0.471391 200.991638
8367 15 12 14
-0.423657 -0.467870 -0.775637 192.288132
11247 15 12 19
0.013083 -0.297332 -0.954685 57.798870
11823 15 12 20
0.018231 -0.296745 -0.954783 37.907673
5559 15 15 9
-0.556092 -0.612237 0.562074 170.447540
5583 15 16 9
-0.431903 -0.701810 0.566500 145.196640
6159 15 16 10
-0.489807 -0.724592 0.484824 164.493515
8463 15 16 14
-0.236738 0.180646 -0.954632 180.027832
5607 15 17 9
-0.335825 -0.742196 0.579971 115.820503
6183 15 17 10
-0.363710 -0.750427 0.551883 137.977325
7911 15 17 13
-0.549991 -0.800721 0.237392 183.464371
8487 15 17 14
-0.191598 -0.448846 -0.872827 179.071152
9063 15 17 15
0.075477 -0.128959 -0.988773 158.137787
7935 15 18 13
-0.179275 -0.942655 0.281534 165.520569
8511 15 18 14
-0.008002 -0.923683 -0.383075 164.959778
9087 15 18 15
0.135315 -0.578839 -0.804136 147.244431
7959 15 19 13
-0.027885 -0.973110 0.228649 134.502182
8535 15 19 14
0.070901 -0.981649 -0.177028 135.808655
5992 16 9 10
-0.614822 0.728400 0.302369 114.346581
7744 16 10 13
-0.712516 0.697347 0.077645 167.946793
8320 16 10 14
-0.703006 0.683913 -0.195051 166.300919
8896 16 10 15
-0.595942 0.624961 -0.504258 154.818436
9472 16 10 16
-0.434199 0.532386 -0.726662 133.870178
6616 16 11 11
-0.696638 0.631376 0.340675 173.754486
7192 16 11 12
-0.743565 0.614357 0.263964 181.890823
7768 16 11 13
-0.816458 0.576572 0.031006 185.720169
8344 16 11 14
-0.774440 0.470275 -0.423184 182.095215
8920 16 11 15
-0.523546 0.294579 -0.799452 168.580658
9496 16 11 16
-0.296247 0.171515 -0.939585 145.479370
10072 16 11 17
-0.171595 0.107793 -0.979253 116.320068
11800 16 11 20
-0.155439 0.031828 -0.987333 39.251125
12376 16 11 21
-0.190488 0.017130 -0.981540 24.207840
4912 16 12 8
-0.689947 0.273187 0.670330 144.783447
7216 16 12 12
-0.873024 0.439410 0.211536 192.328903
7792 16 12 13
-0.930759 0.221478 -0.290922 192.578568
8368 16 12 14
-0.498773 -0.109600 -0.859775 185.605743
6112 16 14 10
-0.765983 -0.396916 0.505696 181.968170
9616 16 16 16
0.047253 0.092378 -0.994602 125.860237
8488 16 17 14
-0.619892 -0.488116 -0.614391 173.850510
9064 16 17 15
-0.150995 -0.137906 -0.978868 157.593277
9640 16 17 16
-0.001313 -0.058797 -0.998269 127.141083
6208 16 18 10
-0.342534 -0.712366 0.612540 97.407417
8512 16 18 14
-0.360884 -0.906736 -0.218159 161.041245
9088 16 18 15
-0.138486 -0.611768 -0.778821 147.666382
9664 16 18 16
-0.007205 -0.377610 -0.925937 119.610062
8536 16 19 14
-0.159462 -0.983054 -0.090419 134.564835
9112 16 19 15
-0.061341 -0.853835 -0.516917 123.939178
5417 17 9 9
-0.625732 0.694216 0.355702 80.596764
5993 17 9 10
-0.641223 0.716170 0.275561 91.414963
6569 17 9 11
-0.652407 0.727710 0.211668 100.449890
4289 17 10 7
-0.587810 0.528373 0.612618 69.777245
6017 17 10 10
-0.678802 0.660329 0.321237 116.781723
6593 17 10 11
-0.689957 0.675158 0.260999 127.792580
7169 17 10 12
-0.698274 0.689768 0.191397 136.704437
4313 17 11 7
-0.613709 0.395462 0.683353 84.995125
4889 17 11 8
-0.669301 0.476615 0.569977 106.789810
6617 17 11 11
-0.727829 0.611611 0.310157 151.574112
7193 17 11 12
-0.734388 0.636344 0.236093 160.890625
7769 17 11 13
-0.739887 0.666931 0.088147 166.269379
9497 17 11 16
-0.367044 0.434457 -0.822512 136.249405
10073 17 11 17
-0.238710 0.291931 -0.926172 110.201416
4337 17 12 7
-0.621134 0.191086 0.760052 95.281647
4913 17 12 8
-0.698013 0.279986 0.659079 120.480461
5489 17 12 9
-0.755085 0.368976 0.541944 141.264832
6065 17 12 10
-0.779989 0.441502 0.443502 157.168793
4361 17 13 7
-0.589947 -0.058734 0.805303 97.654541
4937 17 13 8
-0.681978 -0.003063 0.731366 125.534332
5513 17 13 9
-0.769367 0.064757 0.635517 148.730743
6089 17 13 10
-0.829131 0.132098 0.543223 165.991638
4961 17 14 8
-0.611552 -0.284107 0.738435 120.098953
5537 17 14 9
-0.694052 -0.286693 0.660378 144.963623
6113 17 14 10
-0.756203 -0.298714 0.582175 163.717651
7265 17 14 12
-0.811691 -0.444810 0.378552 183.968262
7841 17 14 13
-0.636600 -0.651964 -0.411926 185.017471
5561 17 15 9
-0.586561 -0.515421 0.624730 130.460693
6137 17 15 10
-0.619046 -0.558051 0.552596 150.593994
7289 17 15 12
-0.645251 -0.647294 0.405785 175.398941
9065 17 17 15
-0.495613 -0.244515 -0.833415 149.839966
9641 17 17 16
-0.246358 -0.123246 -0.961311 123.177361
9089 17 18 15
-0.488896 -0.589569 -0.642954 139.053772
9665 17 18 16
-0.279132 -0.390808 -0.877129 114.842018
10241 17 18 17
-0.159436 -0.277900 -0.947286 82.855713
6809 17 19 11
-0.377896 -0.686604 0.621103 82.617729
9498 18 11 16
-0.483685 0.603298 -0.634098 123.891464
10074 18 11 17
-0.365944 0.436004 -0.822184 101.086685
10650 18 11 18
-0.304529 0.300410 -0.903889 74.656609
4338 18 12 7
-0.693917 0.191219 0.694200 73.433884
4914 18 12 8
-0.767340 0.266068 0.583435 94.790154
9522 18 12 16
-0.352919 0.266913 -0.896775 136.792816
10098 18 12 17
-0.234634 0.101381 -0.966783 109.469231
4362 18 13 7
-0.670133 -0.034874 0.741421 75.997421
4938 18 13 8
-0.755651 0.023274 0.654561 100.026222
8394 18 13 14
-0.829784 0.273162 -0.486662 174.117767
8970 18 13 15
-0.384558 0.016011 -0.922962 161.714417
9546 18 13 16
-0.175306 -0.111158 -0.978219 138.488113
10122 18 13 17
-0.112506 -0.168433 -0.979272 107.916786
5538 18 14 9
-0.761101 -0.210078 0.613671 119.711914
6114 18 14 10
-0.803702 -0.189674 0.563992 140.235840
6690 18 14 11
-0.827596 -0.182981 0.530662 157.249420
7266 18 14 12
-0.864409 -0.208601 0.457474 169.984421
7842 18 14 13
-0.941801 -0.307749 0.135279 176.263824
8418 18 14 14
-0.678021 -0.377568 -0.630658 172.974197
8994 18 14 15
-0.275540 -0.299435 -0.913464 157.998734
6138 18 15 10
-0.694548 -0.460300 0.552926 128.531418
6714 18 15 11
-0.709440 -0.485334 0.511024 146.590546
7290 18 15 12
-0.736662 -0.525563 0.425573 160.472855
7866 18 15 13
-0.796469 -0.587783 0.141946 167.746765
8442 18 15 14
-0.693558 -0.536962 -0.480259 164.981598
9066 18 17 15
-0.735912 -0.336851 -0.587337 133.261200
9090 18 18 15
-0.728063 -0.507136 -0.461234 120.996162
9666 18 18 16
-0.539620 -0.382718 -0.749891 101.019585
10242 18 18 17
-0.385497 -0.288573 -0.876423 73.695740
8538 18 19 14
-0.664859 -0.746749 0.018109 107.411964
9114 18 19 15
-0.603638 -0.707966 -0.366612 101.755440
9690 18 19 16
-0.477565 -0.594057 -0.647324 84.873474
10266 18 19 17
-0.360542 -0.479682 -0.799946 61.695248
7410 18 20 12
-0.461289 -0.746645 0.479305 64.999763
7986 18 20 13
-0.489069 -0.824086 0.285822 76.717674
8562 18 20 14
-0.490433 -0.871468 0.004315 81.402618
8010 18 21 13
-0.353860 -0.909662 0.217484 51.815609
8586 18 21 14
-0.344705 -0.938524 -0.018744 54.508972
9499 19 11 16
-0.617698 0.634955 -0.463984 106.200539
10075 19 11 17
-0.525050 0.492871 -0.693831 87.069542
8947 19 12 15
-0.766588 0.539116 -0.348851 138.351349
9523 19 12 16
-0.628670 0.366677 -0.685800 122.673607
10099 19 12 17
-0.479733 0.198538 -0.854657 98.280090
8395 19 13 14
-0.957258 0.269999 -0.103718 156.494843
8971 19 13 15
-0.805243 0.122627 -0.580126 147.907181
9547 19 13 16
-0.554443 -0.022731 -0.831911 127.784584
10123 19 13 17
-0.395138 -0.102174 -0.912922 99.575661
6691 19 14 11
-0.863418 -0.094919 0.495480 129.539566
7267 19 14 12
-0.898350 -0.105620 0.426395 145.754868
7843 19 14 13
-0.962538 -0.156611 0.221344 156.067307
8419 19 14 14
-0.946272 -0.241061 -0.215545 156.692535
8995 19 14 15
-0.712140 -0.282513 -0.642684 145.214951
9571 19 14 16
-0.481196 -0.278539 -0.831184 122.441704
10147 19 14 17
-0.347333 -0.270204 -0.897970 92.779221
6139 19 15 10
-0.769690 -0.363448 0.524865 101.373032
6715 19 15 11
-0.789252 -0.378980 0.483173 120.413643
7291 19 15 12
-0.821940 -0.411622 0.393678 136.495178
7867 19 15 13
-0.870406 -0.458111 0.180353 146.404831
8443 19 15 14
-0.854670 -0.476571 -0.205960 146.437241
9091 19 18 15
-0.839414 -0.432554 -0.329061 95.674561
9667 19 18 16
-0.713074 -0.359947 -0.601634 80.186623
7963 19 19 13
-0.767565 -0.568698 0.295679 78.356529
8539 19 19 14
-0.805370 -0.592134 0.027499 83.689293
9115 19 19 15
-0.768884 -0.572909 -0.283891 79.643646
9691 19 19 16
-0.667118 -0.510280 -0.542741 66.717659
10267 19 19 17
-0.550724 -0.435301 -0.712191 48.721203
7987 19 20 13
-0.667995 -0.695291 0.265241 59.748913
8563 19 20 14
-0.680817 -0.732315 0.014279 63.761261
10076 20 11 17
-0.666842 0.478997 -0.570862 68.209229
8948 20 12 15
-0.864692 0.460311 -0.201051 111.430435
9524 20 12 16
-0.796629 0.349992 -0.492837 99.423752
10100 20 12 17
-0.677061 0.225489 -0.700531 79.479790
8396 20 13 14
-0.977039 0.212961 0.006541 127.139069
8972 20 13 15
-0.935616 0.123653 -0.330655 121.785217
9548 20 13 16
-0.791132 0.020361 -0.611306 105.713676
10124 20 13 17
-0.634956 -0.054394 -0.770631 82.156662
7844 20 14 13
-0.969555 -0.103614 0.221874 124.758469
8420 20 14 14
-0.983936 -0.165274 -0.067484 127.844910
8996 20 14 15
-0.889968 -0.220173 -0.399350 119.803398
9572 20 14 16
-0.727801 -0.246180 -0.640079 101.402199
10148 20 14 17
-0.581677 -0.252044 -0.773386 76.684967
7868 20 15 13
-0.911636 -0.369813 0.179327 115.507904
8444 20 15 14
-0.912306 -0.398333 -0.095017 117.317497
8421 21 14 14
-0.991808 -0.126802 -0.015421 92.062050
